
NAME : CVS-41-2
COMMENT : CVS
TYPE : RDVRP-TW
DIMENSION : 41
CAPACITY : 100
EDGE_WEIGHT_TYPE : EXPLICIT
EDGE_WEIGHT_FORMAT : FULL_MATRIX 
NODE_COORD_SECTION
  0 -78.8465283000 35.7910400000
  1 -78.8625773000 35.7817051000
  2 -78.8499937000 35.7896987000
  3 -78.8537166000 35.7892397000
  4 -78.8401561000 35.7957047000
  5 -78.8577737000 35.7806129000
  6 -78.8454465000 35.7829050000
  7 -78.8379350000 35.7861945000
  8 -78.8446112000 35.8013855000
  9 -78.8459639000 35.7792122000
 10 -78.8354620000 35.7838830000
 11 -78.8546941000 35.7790468000
 12 -78.8356880000 35.7842685000
 13 -78.8587022000 35.7858923000
 14 -78.8359205000 35.7805525000
 15 -78.8393160000 35.7838970000
 16 -78.8574169000 35.7821544000
 17 -78.8409590000 35.8016797000
 18 -78.8341760000 35.7869690000
 19 -78.8441920000 35.8040028000
 20 -78.8409615000 35.7812370000
 21 -78.8470597000 35.7943033000
 22 -78.8432083000 35.8043725000
 23 -78.8451625000 35.7779105000
 24 -78.8558484000 35.7985530000
 25 -78.8540462000 35.7966835000
 26 -78.8388834000 35.7789499000
 27 -78.8581358000 35.7876660000
 28 -78.8589789000 35.7868398000
 29 -78.8368999000 35.8027982000
 30 -78.8530237000 35.8000398000
 31 -78.8404745000 35.8045680000
 32 -78.8383796000 35.8033517000
 33 -78.8507898000 35.8038116000
 34 -78.8313265000 35.7793280000
 35 -78.8500104000 35.7860035000
 36 -78.8430365000 35.7784130000
 37 -78.8531607000 35.7853521000
 38 -78.8457543000 35.7808417000
 39 -78.8582847000 35.7843370000
 40 -78.8603837000 35.7878116000
TIME_WINDOW_SECTION
  0      0  36000
  1      0  31419
  2      0  33999
  3  29415  33497
  4  24973  26973
  5  14348  20808
  6  22375  24375
  7  21876  23974
  8  23481  25481
  9  13527  17101
 10      0  31799
 11      0  31878
 12      0  31795
 13  17093  19093
 14  14717  19921
 15   7842   9896
 16  23150  25150
 17      0  30776
 18   2138   4138
 19  13547  15547
 20  21484  23724
 21  28838  30838
 22      0  31531
 23      0  32572
 24  28696  31602
 25      0  32569
 26  17461  19823
 27   6896   8896
 28   2043   4043
 29  23535  25535
 30  24216  26216
 31  24611  27521
 32      0  31950
 33      0  32030
 34      0  30836
 35  13151  15151
 36  30534  32534
 37  11205  13205
 38  28477  30477
 39  15374  17374
 40  20349  22873
DEMAND_SECTION
  0      0
  1     14
  2     22
  3     18
  4     17
  5      5
  6     30
  7     30
  8     28
  9     29
 10     22
 11     16
 12     22
 13     11
 14     20
 15     16
 16     28
 17      7
 18     17
 19     17
 20     10
 21     22
 22     13
 23     19
 24     29
 25     30
 26     28
 27     15
 28     30
 29     21
 30     13
 31     13
 32     16
 33     10
 34      5
 35     21
 36      7
 37     15
 38     24
 39     19
 40     18
SERVICE_TIME_SECTION
  0      0
  1   1000
  2   1000
  3   1000
  4   1000
  5   1000
  6   1000
  7   1000
  8   1000
  9   1000
 10   1000
 11   1000
 12   1000
 13   1000
 14   1000
 15   1000
 16   1000
 17   1000
 18   1000
 19   1000
 20   1000
 21   1000
 22   1000
 23   1000
 24   1000
 25   1000
 26   1000
 27   1000
 28   1000
 29   1000
 30   1000
 31   1000
 32   1000
 33   1000
 34   1000
 35   1000
 36   1000
 37   1000
 38   1000
 39   1000
 40   1000
TRUCK_EDGE_WEIGHT_SECTION
     0  3765  1238  2139  2090  3342  2760  3481  2341  2504  3058  3392  3061  3071  3842  3274  2900  3070  2640  2581  2812  1084  2879  2890  3172  1902  3172  2955  2988  3694  2475  3170  3345  2444  5036  2008  2692  2021  2328  2719  2770
  3581     0  2558  1944  4312  2900  4060  5704  4565  3804  5280  2950  5284   986  4749  5496  2458  5294  4864  4804  4111  3308  5101  4190  3016  4126  4471  1151   902  5918  3640  5392  5568  4668  5942  3376  3992  3389  3626  2276  1128
  1001  3098     0  1472  2190  2676  2334  3580  2441  2078  3158  2725  3161  2404  3022  3372  2232  3170  2740  2680  2385  1184  2978  2464  2505  2002  2745  2288  2320  3794  2575  3269  3444  2544  4216  1581  2266  1594  1900  2051  2102
  2110  3648  1086     0  2841  3226  3442  4232  3094  3186  3809  3275  3812  2954  4131  4025  2782  3822  3392  3332  3494  1836  3630  3572  3055  2655  3854  2838  2870  4446  3228  3921  4096  3196  5325  2690  3375  2702  3009  2601  2652
  1795  4982  2456  3358     0  4561  3979  2686  1242  3722  2262  4610  2266  4290  3048  2479  4119  1075  1845  2342  3391  2042  1679  3746  4391  3075  3054  4172  4206  1259  2236  1534  1346  2205  4241  3226  3549  3239  3546  3938  3989
  3074  3598  2796  2184  4552     0  2778  4146  4804  2521  3682   715  3686  2905  3468  3939   214  5532  4238  5044  2830  3546  5341  2908  3255  4365  3190  2788  2821  6156  3880  5632  5808  4908  4661  2094  2710  2108  2345   624  2602
  2298  4758  2500  3342  3956  2778     0  2529  4208   905  2066  2828  2070  4064  1850  2321  2335  4936  2620  4448   884  2950  4745  1291  4672  3769  1572  3948  3980  5560  4341  5036  5211  4311  3044  1792  1094  1805   728  2154  3762
  3625  6085  3910  4812  2714  4105  2489     0  4968  2232   628  4155   632  5391  1414   464  3662  3698  1182  5206  1756  3498  5504  2111  5845  4529  1419  5275  5308  3881  5101  5796  3969  5070  2606  3120  1914  3132  2055  3481  5090
  3375  5711  3184  4086  1242  5289  4706  5498     0  4450  5074  5339  5078  5018  5396  5290  4846   942  4656   822  4759  2412  1120  4836  2198  2552  5119  4901  4934  1439  2101  1411  1526  1052  6590  3954  4639  3968  4274  4665  4716
  2041  4501  2244  3086  3700  2521   905  2272  3951     0  1810  2571  1814  3808  1594  2065  2079  4680  2364  4191   956  2694  4489  1035  4416  3512  1316  3691  3724  5304  4085  4780  4955  4055  2788  1536   838  1549   304  1898  3506
  3201  5974  3448  4349  2250  3681  2065   628  4504  1809     0  3731     4  5281   990   420  3239  3234   719  4744  1332  3034  5041  1688  5382  4065   995  5164  5198  3418  4638  5332  3505  4608  2184  2696  1490  2709  1631  3058  4979
  3122  3648  2846  2232  4601   715  2828  4195  4854  2571  3732     0  3736  2954  3516  3988   929  5581  4286  5092  2879  3595  5390  2958  3305  4415  3239  2838  2870  6206  3929  5681  5856  4956  4710  2144  2760  2156  2394  1044  2652
  3205  5978  3451  4352  2254  3686  2069   632  4509  1812     4  3735     0  5285   994   424  3242  3238   722  4748  1336  3038  5045  1691  5386  4070  1000  5168  5201  3421  4641  5336  3509  4611  2188  2700  1494  2712  1635  3061  4984
  2889   986  1864  1251  3620  2208  3366  5011  3871  3110  4588  2256  4591     0  4056  4802  1764  4600  4170  4111  3419  2614  4408  3496  2322  3432  3779   458    84  5224  2948  4700  4875  3974  5249  2682  3299  2696  2932  1584   435
  2988  5446  3189  4032  3038  3468  1850  1416  4898  1594   952  3516   956  4754     0  1209  3025  4021  1508  5136  1119  3822  5434  1474  5361  4459   781  4636  4670  4205  5031  5726  4292  5000  1969  2482  1276  2495  1418  2844  4451
  3418  5876  3702  4605  2506  3898  2280   464  4760  2024   420  3946   424  5184  1206     0  3455  3489   975  4999  1549  3290  5296  1904  5638  4321  1211  5066  5100  3672  4894  5588  3760  4862  2399  2912  1706  2925  1848  3274  4881
  2631  3155  2354  1741  4110   214  2335  3704  4361  2079  3240   929  3244  2461  3025  3496     0  5090  3795  4600  2388  3104  4898  2465  2812  3922  2748  2345  2378  5714  3436  5189  5364  4464  4218  1651  2268  1665  1901   532  2160
  4224  6560  4032  4935  1075  6139  5556  3669   942  5300  3245  6188  3250  5866  4031  3461  5695     0  2829  1380  4374  3261  1011  5686  3046  3401  4036  5750  5782   814  2950   866   901  1902  5224  4804  5489  4816  5122  5514  5565
  2385  5574  3046  3948  1850  4212  2596  1159  4104  2340   735  4262   740  4880  1521   951  3770  2832     0  4342  1864  2634  4640  2219  4981  3665  1526  4764  4796  3016  4238  4931  3104  4206  2714  3228  2021  3240  2162  3589  4579
  3355  5690  3164  4065  2884  5269  4686  5478  1020  4430  5054  5318  5058  4998  5376  5270  4826  1599  4636     0  4739  2391   811  4816  2176  2532  5099  4880  4914  1628  2081  1102  1836  1032  6569  3934  4619  3946  4254  4645  4696
  2350  4809  2551  3395  3420  2830   884  1798  4260   956  1334  2879  1338  4116  1119  1590  2388  4989  1889  4499     0  3002  4796   836  4724  3821   841  3999  4032  4586  4394  5088  4674  4362  2312  1845   639  1858   780  2206  3814
  1536  3872  1345  2248  2268  3451  2869  3659  1765  2612  3235  3500  3239  3179  3558  3451  3008  2494  2819  2005  2920     0  2302  2999  3280  1328  3280  3062  3095  3118  1899  2594  3326  1869  4751  2116  2801  2129  2435  2826  2878
  3469  5805  3278  4180  1679  5384  4801  5591  1134  4545  5168  5432  5172  5111  5490  5384  4940  1011  4751   592  4852  2506     0  4931  2291  2646  5212  4995  5028  1040  2195   516  1249  1148  6684  4049  4734  4061  4368  4759  4810
  2428  4888  2630  3474  3775  2908  1291  2152  4338  1035  1689  2958  1692  4194  1474  1945  2465  5066  2244  4578   836  3080  4875     0  4802  3900  1196  4078  4110  5690  4471  5166  5029  4441  2668  1922   268  1935   858  2284  3892
  3689  3678  2665  2052  4420  3255  4415  5811  1726  4159  5388  3305  5392  2984  5104  5604  2812  2455  4971  1965  4466  3415  2262  4545     0  2285  4826  2868  2900  3079   624  2554  3288  1829  6298  3731  4348  3744  3981  2631  2682
  2431  4768  2240  3142  1960  4346  3764  4554  2079  3508  4130  4395  4135  4074  4452  4346  3902  2808  3714  2319  3815  1469  2616  3894  4175     0  4175  3958  3990  3431  2212  2908  3640  2181  5646  3011  3696  3024  3330  3722  3772
  2710  5169  2911  3755  3082  3190  1572  1460  4620  1316   996  3239  1000  4476   781  1252  2748  4065  1551  4859   841  3362  5156  1196  5084  4181     0  4359  4392  4250  4754  5449  4336  4722  1975  2205   999  2218  1140  2566  4174
  2771  1151  1748  1135  3502  2090  3250  4894  3755  2994  4470  2140  4474   458  3939  4686  1648  4484  4054  3994  3301  2498  4291  3380  2206  3316  3661     0   374  5108  2830  4582  4758  3858  5132  2566  3182  2579  2816  1466   318
  2805   902  1780  1168  3536  2124  3282  4928  3788  3026  4504  2172  4508    84  3972  4719  1680  4516  4086  4026  3335  2530  4324  3412  2239  3349  3695   374     0  5140  2864  4616  4790  3890  5165  2599  3215  2612  2849  1500   351
  4285  6621  4094  4996  1259  6199  5616  3852  1439  5360  3430  6249  3434  5928  4215  3645  5756   814  3012  1409  4558  3322  1040  5746  3108  3462  4220  5811  5844     0  3011   895   209  1962  5408  4864  5549  4878  5184  5575  5626
  2939  4356  2748  2731  2468  3935  4270  5061  1558  4014  4638  3984  4641  3664  4960  4854  3491  2286  4220  1796  4322  1976  2094  4400   679  2116  4682  3546  3580  2910     0  2386  3119  1660  6154  3518  4202  3531  3838  3311  3361
  3761  6096  3569  4471  1534  5675  5092  5884  1425  4836  5460  5724  5464  5404  5782  5675  5232   866  5042   884  5144  2798   516  5222  2582  2938  5505  5286  5320   895  2486     0  1104  1439  6975  4340  5025  4352  4659  5051  5101
  3050  6830  4302  5204  1346  6408  5825  3940  1526  5569  3518  6458  3521  6136  4302  3732  5965   901  3100  1618  4645  3530  1249  5000  3316  3671  4308  6020  6052   209  3220  1104     0  2171  5495  5072  4802  5086  5392  5784  5835
  2970  5306  2779  3681  2499  4885  4302  5092  1066  4046  4669  4934  4672  4612  4991  4885  4441  2318  4252   848  4354  2008  1145  4432  1792  2148  4714  4496  4529  1961  1696  1438  2170     0  6185  3550  4235  3562  3869  4260  4311
  4164  6622  4365  5209  4215  4644  3028  2592  6074  2771  2129  4692  2132  5930  1914  2385  4201  5198  2684  6312  2295  4999  6610  2650  6538  5635  1958  5812  5846  5381  6208  6902  5469  6176     0  3659  2452  3671  2594  4020  5629
  1570  4074  1771  2660  3229  2094  1792  3161  3480  1536  2698  2144  2701  3380  2482  2954  1651  4209  3252  3720  1845  2222  4018  1922  3731  3041  2205  3264  3296  4832  3614  4309  4484  3582  3675     0  1725   479  1359  1470  3079
  2230  4690  2432  3275  3578  2710  1094  1955  4140   838  1491  2760  1495  3996  1276  1748  2268  4869  2046  4380   639  2882  4678   268  4605  3701   999  3880  3912  5492  4274  4969  4831  4244  2469  1725     0  1738   660  2086  3695
  1582  4086  1785  2672  3241  2108  1805  3174  3494  1549  2710  2156  2714  3394  2495  2966  1665  4222  3265  3732  1858  2235  4030  1935  3744  3055  2218  3276  3309  4846  3628  4321  4496  3596  3689   479  1738     0  1372  1484  3091
  1865  4324  2066  2910  3522  2345   728  2096  3775   304  1632  2394  1636  3630  1418  1889  1901  4504  2188  4014   780  2518  4311   858  4239  3336  1140  3514  3546  5128  3909  4602  4778  3878  2610  1359   660  1372     0  1721  3329
  2450  2974  2172  1560  3929   624  2154  3522  4180  1898  3059  1044  3062  2281  2844  3315   532  4909  3614  4420  2206  2922  4716  2284  2631  3741  2566  2164  2198  5532  3256  5009  5184  4282  4036  1470  2086  1484  1721     0  1979
  2605  1104  1580   968  3336  1924  3082  4728  3588  2826  4304  1972  4308   410  3772  4519  1480  4316  3886  3826  3135  2330  4124  3212  2039  3149  3495   294   326  4940  2664  4416  4590  3690  4965  2399  3015  2411  2649  1299     0
DRONE_EDGE_WEIGHT_SECTION
     0  1199   197   333   569  1234   906   627  1154  1317   897  1370   855   730  1233   839  1069  1201   644  1445  1111   364  1489  1462   903   686  1376   571   657  1355  1029  1522  1402  1430  1423   575  1412   679  1136   865   626
  1199     0  1007   902  1766   219   660  1052  2288   689  1051   421  1053   488  1018   910   201  2361  1217  2572   820  1516  2621   785  1892  1697   950   684   587  2530  2071  2670  2568  2498  1215   672   828   539   644   335   685
   197  1007     0   147   760  1053   775   594  1316  1177   844  1199   806   533  1146   759   884  1374   661  1606  1001   524  1652  1325  1009   792  1267   377   461  1534  1156  1691  1577  1571  1350   411  1283   498   999   672   439
   333   902   147     0   875   972   770   678  1392  1154   905  1135   871   416  1175   801   801  1460   769  1679  1011   614  1727  1302  1040   829  1274   240   331  1628  1203  1772  1667  1626  1387   386  1270   433   981   572   294
   569  1766   760   875     0  1803  1438  1062   652  1849  1327  1932  1284  1289  1694  1315  1638   666   997   935  1611   296   971  1990   651   516  1866  1113  1206   798   670   987   854   980  1852  1139  1928  1248  1668  1432  1151
  1234   219  1053   972  1803     0   531   971  2363   475   918   210   928   589   829   787   172  2425  1135  2651   641  1575  2698   567  1998  1794   742   785   695  2586  2170  2741  2629  2595  1015   667   612   555   456   415   807
   906   660   775   770  1438   531     0   462  2057   412   391   554   397   598   445   256   459  2096   619  2349   251  1270  2391   556  1784  1566   506   712   670  2236  1928  2418  2291  2335   667   385   508   398   230   509   782
   627  1052   594   678  1062   971   462     0  1709   834   273  1016   230   777   633   261   859  1727   165  1995   563   963  2033   962  1525  1309   807   770   788  1849  1637  2047  1910  2016   804   452   887   577   665   790   856
  1154  2288  1316  1392   652  2363  2057  1709     0  2469  1977  2514  1933  1800  2341  1956  2192   135  1649   292  2247   793   336  2613   512   624  2506  1605  1702   317   337   384   312   348  2504  1724  2558  1812  2287  1963  1617
  1317   689  1177  1154  1849   475   412   834  2469     0   654   333   684   885   410   579   544  2508   971  2760   295  1680  2803   148  2184  1968   271  1047   980  2647  2333  2830  2702  2744   557   771   143   736   182   736  1100
   897  1051   844   905  1327   918   391   273  1977   654     0   905    44   899   371   145   849  1991   347  2262   360  1237  2298   760  1797  1581   564   947   940  2106  1911  2310  2170  2288   531   594   673   684   515   859  1029
  1370   421  1199  1135  1932   210   554  1016  2514   333   905     0   924   777   733   794   361  2570  1173  2805   576  1722  2851   385  2172  1963   602   968   882  2724  2338  2889  2771  2760   890   794   450   704   394   604   999
   855  1053   806   871  1284   928   397   230  1933   684    44   924     0   881   414   142   851  1948   306  2219   392  1194  2255   794  1755  1539   604   920   917  2063  1867  2266  2127  2244   574   570   709   666   538   848  1003
   730   488   533   416  1289   589   598   777  1800   885   899   777   881     0  1044   760   419  1873   923  2084   845  1030  2133  1025  1413  1213  1075   199   106  2043  1589  2182  2080  2015  1265   325  1021   216   744   174   223
  1233  1018  1146  1175  1694   829   445   633  2341   410   371   733   414  1044     0   394   833  2359   717  2628   206  1586  2665   459  2135  1917   211  1150  1114  2477  2259  2679  2540  2646   221   806   361   841   374   943  1224
   839   910   759   801  1315   787   256   261  1956   579   145   794   142   760   394     0   709  1980   392  2245   303  1193  2284   702  1741  1524   551   819   806  2106  1866  2301  2166  2256   592   464   627   544   418   714   900
  1069   201   884   801  1638   172   459   859  2192   544   849   361   851   419   833   709     0  2256  1023  2480   631  1406  2527   663  1826  1622   788   614   525  2418  1998  2571  2461  2423  1038   511   687   390   465   245   639
  1201  2361  1374  1460   666  2425  2096  1727   135  2508  1991  2570  1948  1873  2359  1980  2256     0  1656   283  2276   850   310  2650   638   729  2531  1681  1778   191   469   322   208   423  2513  1776  2591  1872  2326  2032  1698
   644  1217   661   769   997  1135   619   165  1649   971   347  1173   306   923   717   392  1023  1656     0  1931   687   945  1965  1090  1515  1305   910   895   925  1765  1610  1972  1830  1970   857   601  1009   732   809   948   980
  1445  2572  1606  1679   935  2651  2349  1995   292  2760  2262  2805  2219  2084  2628  2245  2480   283  1931     0  2537  1085    54  2905   736   888  2796  1888  1985   292   542   146   219   235  2787  2015  2849  2102  2579  2249  1896
  1111   820  1001  1011  1611   641   251   563  2247   295   360   576   392   845   206   303   631  2276   687  2537     0  1472  2577   403  2004  1786   267   963   920  2405  2140  2597  2464  2539   423   630   324   649   187   739  1033
   364  1516   524   614   296  1575  1270   963   793  1680  1237  1722  1194  1030  1586  1193  1406   850   945  1085  1472     0  1129  1826   570   367  1736   844   940  1014   674  1167  1055  1067  1767   930  1775  1022  1499  1185   874
  1489  2621  1652  1727   971  2698  2391  2033   336  2803  2298  2851  2255  2133  2665  2284  2527   310  1965    54  2577  1129     0  2947   790   940  2834  1937  2034   284   596    99   206   276  2822  2060  2890  2148  2621  2297  1946
  1462   785  1325  1302  1990   567   556   962  2613   148   760   385   794  1025   459   702   663  2650  1090  2905   403  1826  2947     0  2332  2116   266  1191  1122  2787  2481  2972  2843  2891   551   919    99   882   327   871  1243
   903  1892  1009  1040   651  1998  1784  1525   512  2184  1797  2172  1755  1413  2135  1741  1826   638  1515   736  2004   570   790  2332     0   218  2271  1215  1309   827   194   866   822   613  2325  1413  2292  1473  2007  1585  1207
   686  1697   792   829   516  1794  1566  1309   624  1968  1581  1963  1539  1213  1917  1524  1622   729  1305   888  1786   367   940  2116   218     0  2053  1015  1111   918   375  1003   931   802  2108  1198  2075  1262  1790  1383  1015
  1376   950  1267  1274  1866   742   506   807  2506   271   564   602   604  1075   211   551   788  2531   910  2796   267  1736  2834   266  2271  2053     0  1211  1160  2656  2405  2852  2716  2802   291   890   169   894   335   948  1276
   571   684   377   240  1113   785   712   770  1605  1047   947   968   920   199  1150   819   614  1681   895  1888   963   844  1937  1191  1215  1015  1211     0    97  1853  1390  1988  1888  1817  1371   355  1177   317   891   371    85
   657   587   461   331  1206   695   670   788  1702   980   940   882   917   106  1114   806   525  1778   925  1985   920   940  2034  1122  1309  1111  1160    97     0  1950  1485  2085  1985  1913  1336   347  1114   273   832   280   120
  1355  2530  1534  1628   798  2586  2236  1849   317  2647  2106  2724  2063  2043  2477  2106  2418   191  1765   292  2405  1014   284  2787   827   918  2656  1853  1950     0   653   234    81   506  2621  1930  2724  2031  2466  2199  1874
  1029  2071  1156  1203   670  2170  1928  1637   337  2333  1911  2338  1867  1589  2259  1866  1998   469  1610   542  2140   674   596  2481   194   375  2405  1390  1485   653     0   674   640   427  2441  1566  2436  1635  2154  1759  1388
  1522  2670  1691  1772   987  2741  2418  2047   384  2830  2310  2889  2266  2182  2679  2301  2571   322  1972   146  2597  1167    99  2972   866  1003  2852  1988  2085   234   674     0   154   375  2830  2095  2913  2188  2648  2344  2000
  1402  2568  1577  1667   854  2629  2291  1910   312  2702  2170  2771  2127  2080  2540  2166  2461   208  1830   219  2464  1055   206  2843   822   931  2716  1888  1985    81   640   154     0   444  2687  1977  2781  2075  2520  2238  1906
  1430  2498  1571  1626   980  2595  2335  2016   348  2744  2288  2760  2244  2015  2646  2256  2423   423  1970   235  2539  1067   276  2891   613   802  2802  1817  1913   506   427   375   444     0  2818  1983  2842  2057  2564  2185  1815
  1423  1215  1350  1387  1852  1015   667   804  2504   557   531   890   574  1265   221   592  1038  2513   857  2787   423  1767  2822   551  2325  2108   291  1371  1336  2621  2441  2830  2687  2818     0  1024   458  1063   573  1162  1445
   575   672   411   386  1139   667   385   452  1724   771   594   794   570   325   806   464   511  1776   601  2015   630   930  2060   919  1413  1198   890   355   347  1930  1566  2095  1977  1983  1024     0   885   138   597   361   436
  1412   828  1283  1270  1928   612   508   887  2558   143   673   450   709  1021   361   627   687  2591  1009  2849   324  1775  2890    99  2292  2075   169  1177  1114  2724  2436  2913  2781  2842   458   885     0   862   289   876  1233
   679   539   498   433  1248   555   398   577  1812   736   684   704   666   216   841   544   390  1872   732  2102   649  1022  2148   882  1473  1262   894   317   273  2031  1635  2188  2075  2057  1063   138   862     0   574   223   384
  1136   644   999   981  1668   456   230   665  2287   182   515   394   538   744   374   418   465  2326   809  2579   187  1499  2621   327  2007  1790   335   891   832  2466  2154  2648  2520  2564   573   597   289   574     0   612   951
   865   335   672   572  1432   415   509   790  1963   736   859   604   848   174   943   714   245  2032   948  2249   739  1185  2297   871  1585  1383   948   371   280  2199  1759  2344  2238  2185  1162   361   876   223   612     0   395
   626   685   439   294  1151   807   782   856  1617  1100  1029   999  1003   223  1224   900   639  1698   980  1896  1033   874  1946  1243  1207  1015  1276    85   120  1874  1388  2000  1906  1815  1445   436  1233   384   951   395     0
DEPOT_SECTION
0
-1
EOF
    