
NAME : CVS-31-9
COMMENT : CVS
TYPE : RDVRP-TW
DIMENSION : 31
CAPACITY : 100
EDGE_WEIGHT_TYPE : EXPLICIT
EDGE_WEIGHT_FORMAT : FULL_MATRIX 
NODE_COORD_SECTION
  0 -78.8465283000 35.7910400000
  1 -78.8518641000 35.7981210000
  2 -78.8319560000 35.7824345000
  3 -78.8390081000 35.7998006000
  4 -78.8388887000 35.7791055000
  5 -78.8554088000 35.7835912000
  6 -78.8548893000 35.7814270000
  7 -78.8392545000 35.7883175000
  8 -78.8490971000 35.7899646000
  9 -78.8406378000 35.8016569000
 10 -78.8541303000 35.7971114000
 11 -78.8498727000 35.8043518000
 12 -78.8344860000 35.7836770000
 13 -78.8594433000 35.7898337000
 14 -78.8431917000 35.7983373000
 15 -78.8408760000 35.7791875000
 16 -78.8338210000 35.7817935000
 17 -78.8388405000 35.7914909000
 18 -78.8576900000 35.7867744000
 19 -78.8441000000 35.7817090000
 20 -78.8404623000 35.8024769000
 21 -78.8572917000 35.7804792000
 22 -78.8370280000 35.7883640000
 23 -78.8513215000 35.7981215000
 24 -78.8412540000 35.7805910000
 25 -78.8516907000 35.8026188000
 26 -78.8511470000 35.7874549000
 27 -78.8572511000 35.7809819000
 28 -78.8468074000 35.7797534000
 29 -78.8617252000 35.7846000000
 30 -78.8451723000 35.7848256000
TIME_WINDOW_SECTION
  0      0  36000
  1  18471  21607
  2   6936   9332
  3   4492   6492
  4   6963  10649
  5   2751   4751
  6   6847  11379
  7    683   4017
  8   8257  12495
  9  24648  29606
 10  29193  31193
 11  29866  32652
 12  16245  20099
 13  14177  18679
 14   2102   5180
 15  20304  22304
 16  16227  18227
 17   6774   8774
 18   7775   9775
 19  11282  13282
 20  22521  24521
 21   3043  10197
 22   3017   6605
 23   7034  13718
 24  26632  28632
 25   6372  10052
 26  23137  25371
 27  13823  16829
 28  27577  29577
 29  27488  30702
 30  31453  33453
DEMAND_SECTION
  0      0
  1     12
  2     12
  3     26
  4     19
  5     17
  6     23
  7     10
  8     21
  9     10
 10      7
 11      5
 12     11
 13     11
 14     27
 15     18
 16      8
 17      8
 18     20
 19     17
 20     26
 21      7
 22     19
 23     29
 24     24
 25     24
 26     28
 27      5
 28      5
 29     10
 30     10
SERVICE_TIME_SECTION
  0      0
  1   1000
  2   1000
  3   1000
  4   1000
  5   1000
  6   1000
  7   1000
  8   1000
  9   1000
 10   1000
 11   1000
 12   1000
 13   1000
 14   1000
 15   1000
 16   1000
 17   1000
 18   1000
 19   1000
 20   1000
 21   1000
 22   1000
 23   1000
 24   1000
 25   1000
 26   1000
 27   1000
 28   1000
 29   1000
 30   1000
TRUCK_EDGE_WEIGHT_SECTION
     0  2121  3568  2588  3151  2705  3014  2089  1239  3106  1979  2368  3230  2019  2688  2960  3479  1616  3070  2268  3490  3359  2379  2072  2719  2678  1718  3289  2276  3345  2389
  2585     0  4795  2010  4308  3861  4171  3315  2395  1969  1839  1230  4458  3175  1550  4116  4706  2844  4228  3425  2352  4515  3606    49  3875  1540  2875  4445  3432  4502  3545
  3480  4795     0  3258  1252  3322  3631  1438  3959  3708  4652  5041   338  4194  3498  1448   449  2322  5246  1851  3798  3976  3085  4746  1519  5351  3256  3906  2159  5521  2812
  2292  2674  3270     0  3529  4420  4730  1791  2954   730  3648  1904  2932  3735   751  3722  3181  1319  4786  3984   820  5074  2081  2625  3794  2212  3434  5004  3991  5061  4105
  2689  4379  1250  3558     0  2530  2840  1738  3095  4008  4236  4625  1149  3402  3798   655  1015  2622  4454  1059  4098  3184  3386  4330   726  4935  2464  3114  1366  4729  2020
  2435  3154  3319  4411  2530     0   406  3912  2160  4930  3802  4192  3218  1214  4511  2339  3084  3440  2265  1648  5314   602  4202  3898  2098  4501  2211   532  1655  2540  1768
  2745  3464  3629  4721  2840   406     0  4222  2469  5240  4112  4501  3528  1524  4821  2649  3394  3750  2575  1956  5624   912  4512  4206  2408  4811  2521   842  1965  2850  2078
  1830  3328  1438  1791  1696  3958  4268     0  2491  2241  3185  3574  1100  3272  2030  1891  1349   472  4324  2295  2330  4611   636  3279  1962  3884  2971  4541  2602  4599  3641
  1338  2101  3548  2566  3060  2219  2529  2068     0  3085  1958  2348  3210  1532  2666  2869  3459  1595  2585  2176  3470  2872  2359  2052  2628  2656  1628  2802  2185  2860  2298
  4260  2632  3720   730  3979  5536  5845  2241  4070     0  3514  1862  3382  4850   809  4172  3631  1769  5902  5100   424  6190  2531  2584  4244  2171  4550  6120  5108  6178  5220
  2508  1935  4718  2961  4230  3784  4092  3238  2318  2920     0  2181  4380  3098  2501  4039  4629  2765  4149  3346  3304  4438  3529  1886  3798  2491  2796  4368  3355  4424  3468
  2894  1266  5104  2319  4616  4170  4479  3624  2704  1820  2148     0  4766  3484  1859  4425  5015  3151  4536  3734  1681  4824  3915  1218  4184   589  3184  4754  3741  4811  3854
  3374  4458   338  2920  1148  3216  3526  1100  3621  3370  4315  4704     0  4401  3160  1341   381  1985  5452  1745  3460  3870  2748  4409  1412  5014  3150  3800  2052  5728  2706
  3200  3171  4858  4429  4069  1880  2190  3930  2176  4948  3820  4210  5071     0  4529  3878  4622  3458  1196  3185  5331  2534  4220  3915  3636  4519  3489  2464  3194  1471  3306
  3841  2214  3510   751  3769  5118  5426  2030  3651   809  3095  1442  3172  4431     0  3962  3421  1559  5484  4680  1139  5771  2321  2165  5131  1752  4131  5701  4689  5759  4801
  2498  4188  1444  3752   655  2339  2649  1931  2904  4201  4045  4434  1342  3211  4754     0  1209  2816  4262   868  4291  2992  3580  4139   535  4744  2274  2922  1175  4538  1830
  3245  4710   449  3174  1018  3088  3396  1352  3874  3622  4568  4956   381  3959  3412  1212     0  2238  5011  1616  3712  3741  3001  4661  1284  5266  3021  3671  1924  5286  2578
  1358  2855  2299  1319  2559  3485  3795   472  2019  1769  2712  3101  1961  2800  1559  2752  2210     0  3851  3049  1858  4139   762  2806  2824  3411  2499  4069  3056  4126  3169
  2888  2859  4545  4116  3756  1568  1878  3618  1865  4635  3508  3898  4760   919  4216  3565  4310  3145     0  2872  5019  2221  3909  3602  3324  4206  3176  2151  2881   668  2994
  1805  3496  1848  3961  1059  1648  1956  2336  2211  4480  3352  3742  1746  2519  4061   868  1612  2990  3570     0  4864  2301  3752  3446   626  4051  1581  2231   484  3845  1138
  4081  2454  3809   820  4069  5356  5666  2330  3891   424  3335  1682  3471  4671  1139  4262  3720  1858  5722  4920     0  6011  2620  2405  4334  1992  4370  5941  4929  5998  5041
  3089  3808  3972  5065  3184   602   912  4566  2814  5584  4456  4846  3871  1868  5165  2992  3738  4094  2919  2301  5969     0  4858  4551  2751  5155  2865    70  2309  3194  2421
  2120  3619  3062  2081  3321  4248  4558   636  2782  2531  3475  3865  2725  3562  2321  3515  2974   762  4614  3811  2620  4901     0  3570  3586  4174  3261  4831  3819  4889  3932
  2536    49  4746  1961  4259  3812  4121  3266  2346  1920  1790  1181  4409  3126  1501  4068  4658  2794  4179  3375  2304  4466  3558     0  3826  1491  2826  4396  3384  4454  3496
  2256  3946  1515  3824   726  2098  2408  2002  2662  4931  3804  4192  1414  2970  4512   535  1280  2888  4021   626  5315  2751  3651  3898     0  4502  2032  2681   934  4296  1589
  3169  1541  5379  2594  4891  4445  4754  3899  2979  2095  2422   589  5041  3759  2134  4700  5290  3426  4810  4008  1956  5099  4190  1492  4459     0  3458  5029  4016  5085  4129
  1280  2971  3254  3436  2465  2185  2494  2938  1686  3955  2828  3218  3152  2501  3536  2274  3019  2465  3552  1581  4339  2839  3228  2921  2032  3526     0  2769  1589  3828  1702
  3019  3738  3902  4995  3114   532   842  4496  2744  5514  4386  4776  3801  1798  5095  2922  3668  4024  2849  2231  5899    70  4788  4481  2681  5085  2795     0  2239  3124  2351
  1812  3504  2155  3969  1366  1655  1965  2644  2219  4488  3360  3750  2054  2526  4069  1175  1920  2998  3579   484  4872  2309  3761  3455   934  4059  1589  2239     0  3854  1145
  3162  3134  4820  4391  4031  1842  2152  3892  2140  4910  3782  4172  5035  1194  4491  3840  4585  3420   668  3148  5294  2496  4184  3878  3599  4481  3451  2426  3156     0  3269
  1132  2822  3130  3289  2341  2061  2371  2790  1539  3808  2680  3069  3029  2354  3389  2150  2895  2318  3405  1459  4191  2715  3080  2774  1909  3379   909  2645  1466  3680     0
DRONE_EDGE_WEIGHT_SECTION
     0   812  1101  1013  1359   893  1115   405   153  1201   731  1487   934   495   821  1336  1133   287   630  1043  1292  1243   461   807  1180  1302   434  1189  1256   913   694
   812     0  1894   499  2171  1623  1862  1185   914   563   139   697  1731   963   314  2147  1936   877  1281  1849   634  1974  1214    20  1990   501  1188  1918  2053  1548  1500
  1101  1894     0  1951   454   893   874   710  1055  2163  1828  2526   168  1316  1818   495   100  1040  1079   466  2253   983   687  1887   407  2360   911   970   637  1146   564
  1013   499  1951     0  2304  1902  2127  1278  1155   215   622   638  1803  1336   222  2296  2014   925  1603  2023   302  2254  1275   481  2140   552  1444  2200  2250  1886  1682
  1359  2171   454  2304     0   800   660  1026  1268  2511  2083  2839   535  1422  2147    76   356  1379  1109   351  2602   716  1033  2166   188  2660  1038   728   310  1058   680
   893  1623   893  1902   800     0   242   801   747  2083  1506  2320   787   711  1702   737   838  1074   364   475  2172   354   868  1624   630  2122   459   299   537   263   408
  1115  1862   874  2127   660   242     0   965   975  2312  1746  2559   809   951  1931   587   798  1270   604   409  2402   139  1022  1863   525  2362   686   102   359   437   526
   405  1185   710  1278  1026   801   965     0   408  1486  1121  1826   546   767  1125  1018   754   354   707   758  1577  1104    83  1177   863  1655   452  1059   995   935   447
   153   914  1055  1155  1268   747   975   408     0  1337   817  1602   887   383   957  1239  1074   415   477   938  1428  1100   481   912  1084  1412   290  1045  1140   760   590
  1201   563  2163   215  2511  2083  2312  1486  1337     0   701   445  2014  1483   381  2501  2225  1134  1770  2224    91  2436  1486   550  2345   409  1627  2381  2449  2050  1881
   731   139  1828   622  2083  1506  1746  1121   817   701     0   820  1662   833   418  2055  1863   838  1158  1754   773  1855  1158   151  1900   619  1080  1799  1951  1421  1407
  1487   697  2526   638  2839  2320  2559  1826  1602   445   820     0  2369  1653   711  2821  2579  1486  1977  2529   394  2671  1840   695  2664   203  1881  2615  2741  2241  2180
   934  1731   168  1803   535   787   809   546   887  2014  1662  2369     0  1156  1663   555   211   885   935   424  2104   932   530  1723   428  2201   752   910   639  1028   421
   495   963  1316  1336  1422   711   951   767   383  1483   833  1653  1156     0  1117  1375  1311   782   347  1071  1567  1044   846   969  1234  1451   406   989  1218   589   770
   821   314  1818   222  2147  1702  1931  1125   957   381   418   711  1663  1117     0  2133  1874   778  1393  1851   471  2055  1133   294  1977   566  1246  2001  2073  1674  1506
  1336  2147   495  2296    76   737   587  1018  1239  2501  2055  2821   555  1375  2133     0   395  1372  1056   306  2593   640  1032  2143   157  2639   998   653   234   992   648
  1133  1936   100  2014   356   838   798   754  1074  2225  1863  2579   211  1311  1874   395     0  1096  1054   389  2315   901   741  1929   312  2409   905   891   542  1096   545
   287   877  1040   925  1379  1074  1270   354   415  1134   838  1486   885   782   778  1372  1096     0   874  1106  1224  1406   354   867  1217  1323   640  1357  1340  1145   778
   630  1281  1079  1603  1109   364   604   707   477  1770  1158  1977   935   347  1393  1056  1054   874     0   760  1857   701   789  1285   925  1777   255   645   882   285   516
  1043  1849   466  2023   351   475   409   758   938  2224  1754  2529   424  1071  1851   306   389  1106   760     0  2316   518   787  1846   165  2344   692   504   241   738   349
  1292   634  2253   302  2602  2172  2402  1577  1428    91   773   394  2104  1567   471  2593  2315  1224  1857  2316     0  2526  1576   622  2436   400  1717  2471  2540  2136  1972
  1243  1974   983  2254   716   354   139  1104  1100  2436  1855  2671   932  1044  2055   640   901  1406   701   518  2526     0  1161  1976   609  2473   810    56   406   488   666
   461  1214   687  1275  1033   868  1022    83   481  1486  1158  1840   530   846  1133  1032   741   354   789   787  1576  1161     0  1206   880  1674   534  1118  1026  1012   497
   807    20  1887   481  2166  1624  1863  1177   912   550   151   695  1723   969   294  2143  1929   867  1285  1846   622  1976  1206     0  1987   501  1187  1920  2052  1553  1497
  1180  1990   407  2140   188   630   525   863  1084  2345  1900  2664   428  1234  1977   157   312  1217   925   165  2436   609   880  1987     0  2482   850   608   231   892   494
  1302   501  2360   552  2660  2122  2362  1655  1412   409   619   203  2201  1451   566  2639  2409  1323  1777  2344   400  2473  1674   501  2482     0  1688  2417  2552  2039  1995
   434  1188   911  1444  1038   459   686   452   290  1627  1080  1881   752   406  1246   998   905   640   255   692  1717   810   534  1187   850  1688     0   756   873   507   368
  1189  1918   970  2200   728   299   102  1059  1045  2381  1799  2615   910   989  2001   653   891  1357   645   504  2471    56  1118  1920   608  2417   756     0   419   437   625
  1256  2053   637  2250   310   537   359   995  1140  2449  1951  2741   639  1218  2073   234   542  1340   882   241  2540   406  1026  2052   231  2552   873   419     0   780   568
   913  1548  1146  1886  1058   263   437   935   760  2050  1421  2241  1028   589  1674   992  1096  1145   285   738  2136   488  1012  1553   892  2039   507   437   780     0   621
   694  1500   564  1682   680   408   526   447   590  1881  1407  2180   421   770  1506   648   545   778   516   349  1972   666   497  1497   494  1995   368   625   568   621     0
DEPOT_SECTION
0
-1
EOF
    