
NAME : CVS-61-9
COMMENT : CVS
TYPE : RDVRP-TW
DIMENSION : 61
CAPACITY : 100
EDGE_WEIGHT_TYPE : EXPLICIT
EDGE_WEIGHT_FORMAT : FULL_MATRIX 
NODE_COORD_SECTION
  0 -78.8465283000 35.7910400000
  1 -78.8518641000 35.7981210000
  2 -78.8319560000 35.7824345000
  3 -78.8390081000 35.7998006000
  4 -78.8388887000 35.7791055000
  5 -78.8554088000 35.7835912000
  6 -78.8548893000 35.7814270000
  7 -78.8392545000 35.7883175000
  8 -78.8490971000 35.7899646000
  9 -78.8406378000 35.8016569000
 10 -78.8541303000 35.7971114000
 11 -78.8498727000 35.8043518000
 12 -78.8344860000 35.7836770000
 13 -78.8594433000 35.7898337000
 14 -78.8431917000 35.7983373000
 15 -78.8408760000 35.7791875000
 16 -78.8338210000 35.7817935000
 17 -78.8388405000 35.7914909000
 18 -78.8576900000 35.7867744000
 19 -78.8441000000 35.7817090000
 20 -78.8404623000 35.8024769000
 21 -78.8572917000 35.7804792000
 22 -78.8370280000 35.7883640000
 23 -78.8513215000 35.7981215000
 24 -78.8412540000 35.7805910000
 25 -78.8516907000 35.8026188000
 26 -78.8511470000 35.7874549000
 27 -78.8572511000 35.7809819000
 28 -78.8468074000 35.7797534000
 29 -78.8617252000 35.7846000000
 30 -78.8451723000 35.7848256000
 31 -78.8569561000 35.7852632000
 32 -78.8554678000 35.7974244000
 33 -78.8350915000 35.7815640000
 34 -78.8613761000 35.7877711000
 35 -78.8395575000 35.7863515000
 36 -78.8449668000 35.7994367000
 37 -78.8512358000 35.7801682000
 38 -78.8464261000 35.7852786000
 39 -78.8534487000 35.8008738000
 40 -78.8551041000 35.7846183000
 41 -78.8390825000 35.7873230000
 42 -78.8595993000 35.7807392000
 43 -78.8422401000 35.7807130000
 44 -78.8411086000 35.8030731000
 45 -78.8538016000 35.7876722000
 46 -78.8393416000 35.7789804000
 47 -78.8547046000 35.7798261000
 48 -78.8504143000 35.8012100000
 49 -78.8394076000 35.7820780000
 50 -78.8434892000 35.7987360000
 51 -78.8605979000 35.7822368000
 52 -78.8558295000 35.7853902000
 53 -78.8372955000 35.7908240000
 54 -78.8509897000 35.7912741000
 55 -78.8475198000 35.8001664000
 56 -78.8619965000 35.7831119000
 57 -78.8426762000 35.8008282000
 58 -78.8363537000 35.7876446000
 59 -78.8495168000 35.7853772000
 60 -78.8603171000 35.7868876000
TIME_WINDOW_SECTION
  0      0  36000
  1      0  32415
  2  16444  18444
  3      0  32708
  4      0  32311
  5      0  32565
  6  29119  32529
  7      0  33170
  8  28069  30069
  9      0  30740
 10   4132   6580
 11      0  32106
 12  23712  25712
 13      0  31800
 14      0  31159
 15      0  32502
 16      0  31755
 17      0  33642
 18      0  32112
 19      0  33195
 20  23442  29302
 21  15959  19109
 22      0  32880
 23      0  32464
 24  27626  29626
 25      0  31831
 26      0  33720
 27      0  31981
 28      0  33188
 29      0  31838
 30      0  33868
 31      0  32601
 32      0  32348
 33      0  31999
 34      0  31900
 35      0  32902
 36      0  31520
 37  26204  30324
 38      0  34009
 39      0  32248
 40      0  32201
 41      0  32999
 42      0  32070
 43      0  32779
 44      0  31392
 45      0  32840
 46      0  32301
 47  17614  19614
 48      0  32475
 49  11040  13040
 50      0  31296
 51      0  31602
 52      0  32316
 53      0  32951
 54      0  33429
 55  17344  19344
 56  24243  28607
 57      0  30876
 58      0  32694
 59      0  33905
 60      0  32256
DEMAND_SECTION
  0      0
  1     20
  2     10
  3      7
  4     21
  5     10
  6     10
  7      8
  8     20
  9     24
 10     12
 11      6
 12     26
 13      8
 14     12
 15     26
 16     25
 17     17
 18     18
 19     25
 20     18
 21     18
 22     23
 23     13
 24     28
 25     14
 26     24
 27      6
 28      5
 29     20
 30     27
 31     17
 32     22
 33     28
 34     20
 35     21
 36     17
 37     19
 38     26
 39     27
 40     10
 41     28
 42     30
 43     11
 44      9
 45     14
 46     28
 47     11
 48     29
 49     23
 50     20
 51     13
 52     10
 53     17
 54      9
 55     29
 56     22
 57     12
 58     12
 59     19
 60     30
SERVICE_TIME_SECTION
  0      0
  1   1000
  2   1000
  3   1000
  4   1000
  5   1000
  6   1000
  7   1000
  8   1000
  9   1000
 10   1000
 11   1000
 12   1000
 13   1000
 14   1000
 15   1000
 16   1000
 17   1000
 18   1000
 19   1000
 20   1000
 21   1000
 22   1000
 23   1000
 24   1000
 25   1000
 26   1000
 27   1000
 28   1000
 29   1000
 30   1000
 31   1000
 32   1000
 33   1000
 34   1000
 35   1000
 36   1000
 37   1000
 38   1000
 39   1000
 40   1000
 41   1000
 42   1000
 43   1000
 44   1000
 45   1000
 46   1000
 47   1000
 48   1000
 49   1000
 50   1000
 51   1000
 52   1000
 53   1000
 54   1000
 55   1000
 56   1000
 57   1000
 58   1000
 59   1000
 60   1000
TRUCK_EDGE_WEIGHT_SECTION
     0  2121  3568  2588  3151  2705  3014  2089  1239  3106  1979  2368  3230  2019  2688  2960  3479  1616  3070  2268  3490  3359  2379  2072  2719  2678  1718  3289  2276  3345  2389  2495  2124  3858  2628  2356  2326  2688  2248  2228  2610  2260  3200  2684  3016  2189  3162  3326  1935  3145  2550  3580  2495  2309  1066  2242  3552  2969  2565  1532  2926
  2585     0  4795  2010  4308  3861  4171  3315  2395  1969  1839  1230  4458  3175  1550  4116  4706  2844  4228  3425  2352  4515  3606    49  3875  1540  2875  4445  3432  4502  3545  3651  1984  4621  3784  3584  1189  3845  3405   702  3766  3488  4356  3840  1879  3345  4319  4482   612  4301  1412  4738  3651  3535  1934  1104  4709  1831  3792  2689  4082
  3480  4795     0  3258  1252  3322  3631  1438  3959  3708  4652  5041   338  4194  3498  1448   449  2322  5246  1851  3798  3976  3085  4746  1519  5351  3256  3906  2159  5521  2812  3285  4798  1284  4802  1170  4999  3140  2671  4901  3685  1389  3818  1482  5689  3882  1264  3944  4608  1248  3490  5755  3570  3015  3786  4915  5728  3765  1424  3071  5101
  2292  2674  3270     0  3529  4420  4730  1791  2954   730  3648  1904  2932  3735   751  3722  3181  1319  4786  3984   820  5074  2081  2625  3794  2212  3434  5004  3991  5061  4105  4211  3792  3560  4342  2059   821  4404  3964  2780  4326  1962  4915  3759  1009  3904  3540  5041  2488  3524   712  5296  4210  2010  2782  1229  5268   788  2268  3249  4641
  2689  4379  1250  3558     0  2530  2840  1738  3095  4008  4236  4625  1149  3402  3798   655  1015  2622  4454  1059  4098  3184  3386  4330   726  4935  2464  3114  1366  4729  2021  2492  4381   775  4010  1470  4582  2348  1880  4485  2894  1689  3025   691  5272  3090    11  3151  4191   455  4808  4964  2779  3315  2956  4499  4935  4065  1724  2279  4309
  2435  3154  3319  4411  2530     0   406  3912  2160  4930  3802  4192  3218  1214  4511  2339  3084  3440  2265  1648  5314   602  4202  3898  2098  4501  2211   532  1655  2540  1768   305  3949  2844  1821  3539  4150  1858  1628  3115   705  4084   836  2062  4840  1594  2541   718  3759  2524  4374  2775   590  4132  2021  4066  2746  4794  3792  1466  2121
  2745  3464  3629  4721  2840   406     0  4222  2469  5240  4112  4501  3528  1524  4821  2649  3394  3750  2575  1956  5624   912  4512  4206  2408  4811  2521   842  1965  2850  2078   614  4258  3154  2131  3849  4460  2168  1936  3425  1015  4394  1146  2372  5150  1904  2851   400  4069  2834  4684  3085   900  4442  2331  4375  3056  5102  4102  1775  2430
  1830  3328  1438  1791  1696  3958  4268     0  2491  2241  3185  3574  1100  3272  2030  1891  1349   472  4324  2295  2330  4611   636  3279  1962  3884  2971  4541  2602  4599  3642  3748  3330  1728  3880   268  3532  3941  3501  3434  3862   171  4452  1926  4222  3441  1708  4579  3141  1691  2022  4834  3748   565  2320  3448  4805  2299   476  2785  4179
  1338  2101  3548  2566  3060  2219  2529  2068     0  3085  1958  2348  3210  1532  2666  2869  3459  1595  2585  2176  3470  2872  2359  2052  2628  2656  1628  2802  2185  2860  2298  2009  2104  3374  2141  2336  2305  2598  2156  2208  2124  2240  2714  2592  2995   741  3071  2840  1914  3054  2529  3095  2009  2288   580  2221  3066  2949  2545  1441  2440
  4260  2632  3720   730  3979  5536  5846  2241  4070     0  3514  1862  3382  4850   809  4172  3631  1769  5902  5100   424  6190  2531  2584  4244  2171  4550  6120  5108  6178  5220  5326  3659  4010  5459  2509   780  5520  5080  2739  5441  2412  6031  4209   614  5020  3990  6158  2446  3974   671  6412  5326  2460  3609  1188  6384   218  2718  4364  5758
  2508  1935  4718  2961  4230  3784  4092  3238  2318  2920     0  2181  4380  3098  2501  4039  4629  2765  4149  3346  3304  4438  3529  1886  3798  2491  2796  4368  3355  4424  3468  3574   145  4544  3706  3506  2140  3766  3326  2041  3689  3410  4279  3762  2830  3268  4241  4405  1749  4224  2364  4659  3574  3458  1855  2055  4631  2782  3715  2611  4005
  2894  1266  5104  2319  4616  4170  4479  3624  2704  1820  2148     0  4766  3484  1859  4425  5015  3151  4536  3734  1681  4824  3915  1218  4184   589  3184  4754  3741  4811  3854  3960  2292  4930  4092  3892  1498  4154  3712  1372  4075  3796  4665  4149  1208  3654  4628  4791  1080  4610  1721  5046  3960  3844  2242  1412  5018  2140  4101  2998  4391
  3374  4458   338  2920  1148  3216  3526  1100  3621  3370  4315  4704     0  4401  3160  1341   381  1985  5452  1745  3460  3870  2748  4409  1412  5014  3150  3800  2052  5728  2708  3179  4460  1178  5010   832  4661  3034  2566  4564  3580  1051  3711  1378  5351  4571  1158  3838  4270  1141  3152  5962  3465  2678  3449  4578  5935  3428  1086  2965  5309
  3200  3171  4858  4429  4069  1880  2190  3930  2176  4948  3820  4210  5071     0  4529  3878  4622  3458  1196  3185  5331  2534  4220  3915  3636  4519  3489  2464  3194  1471  3306  1671  3965  4382   752  4198  4168  3396  3165  3132  1786  4101  2375  3601  4858  1611  4080  2501  3776  4062  4391  1706  1670  4150  2039  4084  1678  4811  4408  3304  1051
  3841  2214  3510   751  3769  5118  5426  2030  3651   809  3095  1442  3172  4431     0  3962  3421  1559  5484  4680  1139  5771  2321  2165  5131  1752  4131  5701  4689  5759  4801  4908  3240  3799  5040  2299   361  5101  4660  2320  5022  2202  5612  5096  1329  4601  3780  5739  2028  3762   138  5992  4908  2250  3190   768  5965   671  2508  3945  5339
  2498  4188  1444  3752   655  2339  2649  1931  2904  4201  4045  4434  1342  3211  4754     0  1209  2816  4262   868  4291  2992  3580  4139   535  4744  2274  2922  1175  4538  1830  2302  4190   969  3819  1664  4392  2156  1689  4294  2702  1882  2834   500  5082  2899   666  2960  4001   649  4616  4772  2588  3509  2765  4308  4744  5035  1918  2088  4119
  3245  4710   449  3174  1018  3088  3396  1352  3874  3622  4568  4956   381  3959  3412  1212     0  2238  5011  1616  3712  3741  3001  4661  1284  5266  3021  3671  1924  5286  2578  3050  4712  1049  4568  1085  4915  2905  2436  4816  3450  1304  3582  1248  5605  3648  1029  3709  4522  1012  3405  5520  3335  2930  3701  4830  5492  3681  1339  2836  4866
  1358  2855  2299  1319  2559  3485  3795   472  2019  1769  2712  3101  1961  2800  1559  2752  2210     0  3851  3049  1858  4139   762  2806  2824  3411  2499  4069  3056  4126  3170  3275  2858  2589  3408   740  3060  3469  3029  2961  3390   644  3980  2789  3750  2969  2569  4106  2669  2552  1550  4361  3275   692  1848  2975  4332  1826   949  2312  3706
  2888  2859  4545  4116  3756  1568  1878  3618  1865  4635  3508  3898  4760   919  4216  3565  4310  3145     0  2872  5019  2221  3909  3602  3324  4206  3176  2151  2881   668  2994  1359  3654  4070  1528  3885  3855  3084  2852  2820  1474  3790  2062  3289  4545  1299  3768  2189  3464  3750  4079   902  1359  3838  1726  3771   874  4499  4095  2991   429
  1805  3496  1848  3961  1059  1648  1956  2336  2211  4480  3352  3742  1746  2519  4061   868  1612  2990  3570     0  4864  2301  3752  3446   626  4051  1581  2231   484  3845  1138  1610  3498  1372  3128  2068  3700  1464   996  3602  2010  2286  2142   591  4390  2208  1070  2269  3309  1054  3924  4080  1895  3682  2074  3616  4052  4344  2321  1395  3426
  4081  2454  3809   820  4069  5356  5666  2330  3891   424  3335  1682  3471  4671  1139  4262  3720  1858  5722  4920     0  6011  2620  2405  4334  1992  4370  5941  4929  5998  5041  5148  3480  4099  5280  2598  1110  5340  4900  2560  5262  2501  5852  4299   475  4841  4079  5978  2266  4062  1001  6232  5148  2550  3429  1518  6205   642  2808  4185  5579
  3089  3808  3972  5065  3184   602   912  4566  2814  5584  4456  4846  3871  1868  5165  2992  3738  4094  2919  2301  5969     0  4858  4551  2751  5155  2865    70  2309  3194  2422   959  4602  3498  2476  4192  4804  2511  2281  3770  1359  4739   519  2716  5494  2249  3195   790  4412  3179  5028  3429  1244  4786  2675  4720  3400  5448  4446  2120  2775
  2120  3619  3062  2081  3321  4248  4558   636  2782  2531  3475  3865  2725  3562  2321  3515  2974   762  4614  3811  2620  4901     0  3570  3586  4174  3261  4831  3819  4889  3932  4039  3620  3351  4170   904  3822  4231  3791  3725  4154   808  4742  3551  4512  3731  3332  4869  3431  3315  2314  5124  4039   436  2610  3739  5095  2589  1112  3076  4470
  2536    49  4746  1961  4259  3812  4121  3266  2346  1920  1790  1181  4409  3126  1501  4068  4658  2794  4179  3375  2304  4466  3558     0  3826  1491  2826  4396  3384  4454  3496  3602  1935  4572  3735  3535  1140  3796  3355   751  3718  3439  4308  3791  1830  3296  4270  4434   564  4252  1364  4688  3602  3486  1885  1055  4660  1782  3744  2640  4034
  2256  3946  1515  3824   726  2098  2408  2002  2662  4931  3804  4192  1414  2970  4512   535  1280  2888  4021   626  5315  2751  3651  3898     0  4502  2032  2681   934  4296  1589  2061  3949  1040  3578  1735  4151  1915  1448  4052  2461  1954  2592    94  4841  2658   738  2719  3760   720  4375  4531  2346  3580  2524  4066  4502  4794  1989  1846  3878
  3169  1541  5379  2594  4891  4445  4754  3899  2979  2095  2422   589  5041  3759  2134  4700  5290  3426  4810  4008  1956  5099  4190  1492  4459     0  3458  5029  4016  5085  4129  4235  2568  5205  4368  4168  1772  4428  3988  1648  4350  4071  4940  4424  1482  3929  4902  5066  1355  4885  1996  5320  4235  4119  2516  1688  5292  2415  4376  3272  4666
  1280  2971  3254  3436  2465  2185  2494  2938  1686  3955  2828  3218  3152  2501  3536  2274  3019  2465  3552  1581  4339  2839  3228  2921  2032  3526     0  2769  1589  3828  1702  2148  2972  2779  3109  3474  3175  2001  1561  3078  2548  3109  2680  1998  3865  1682  2475  2806  2784  2459  3399  4062  2432  3158  1549  3091  4034  3819  3728   444  3408
  3019  3738  3902  4995  3114   532   842  4496  2744  5514  4386  4776  3801  1798  5095  2922  3668  4024  2849  2231  5899    70  4788  4481  2681  5085  2795     0  2239  3124  2352   889  4532  3428  2406  4122  4734  2441  2211  3700  1289  4669   449  2646  5424  2179  3125   860  4342  3109  4958  3359  1174  4716  2605  4650  3330  5378  4376  2050  2705
  1812  3504  2155  3969  1366  1655  1965  2644  2219  4488  3360  3750  2054  2526  4069  1175  1920  2998  3579   484  4872  2309  3761  3455   934  4059  1589  2239     0  3854  1145  1618  3506  1680  3135  2375  3708  1472  1005  3610  2019  2594  2150   899  4398  2215  1378  2276  3316  1361  3931  4089  1902  3690  2081  3624  4060  4351  2629  1404  3434
  3162  3134  4820  4391  4031  1842  2152  3892  2140  4910  3782  4172  5035  1194  4491  3840  4585  3420   668  3148  5294  2496  4184  3878  3599  4481  3451  2426  3156     0  3269  1634  3929  4345  1802  4161  4130  3359  3128  3096  1749  4065  2338  3564  4820  1575  4042  2464  3739  4025  4354   505  1634  4112  2001  4046   328  4774  4370  3266   545
  1132  2822  3130  3289  2341  2061  2371  2790  1539  3808  2680  3069  3029  2354  3389  2150  2895  2318  3405  1459  4191  2715  3080  2774  1909  3379   909  2645  1466  3680     0  2024  2825  2655  2961  3350  3028  1879   141  2929  2425  2961  2556  1874  3718  1534  2352  2682  2636  2336  3251  3915  2310  3010  1401  2942  3886  3670  3604   722  3260
  2399  2945  3281  4201  2492   305   614  3704  1950  4721  3594  3982  3180  1004  4302  2302  3046  3231  2056  1610  5105   959  3994  3688  2061  4292  2174   889  1618  2331  1731     0  3739  2806  1612  3501  3941  1820  1590  2906   496  3875   800  2025  4631  1385  2504   926  3550  2488  4165  2566   381  3922  1812  3856  2538  4584  3755  1429  1911
  2652  2080  4862  3106  4375  3929  4239  3384  2462  3065   145  2326  4525  3242  2646  4184  4774  2911  4295  3492  3449  4582  3674  2031  3942  2636  2942  4512  3500  4570  3612  3719     0  4689  3851  3651  2285  3912  3472  2186  3834  3555  4424  3908  2975  3412  4386  4550  1894  4369  2509  4805  3719  3602  2001  2200  4776  2928  3860  2756  4150
  3001  4692  1241  3550   775  2844  3154  1730  3408  4000  4549  4939  1140  3715  3790   969  1006  2615  4768  1372  4089  3498  3378  4644  1040  5249  2778  3428  1680  5042  2335  2806  4695     0  4324  1461  4896  2661  2194  4799  3208  1680  3339  1005  5586  3404   785  3465  4505   769  5120  5278  3092  3306  3270  4812  5249  4058  1715  2592  4622
  3100  3071  4758  4329  3969  1780  2090  3830  2076  4848  3720  4109  4971  1131  4429  3778  4522  3358  1096  3085  5231  2434  4120  3814  3536  4419  3389  2364  3092  1371  3206  1571  3865  4282     0  4098  4068  3296  3065  3032  1685  4001  2275  3501  4758  1511  3979  2401  3676  3962  4291  1606  1570  4050  1939  3984  1578  4711  4306  3204   951
  2098  3596  1170  2059  1429  3498  3808   268  2760  2509  3452  3842   832  3540  2299  1622  1081   740  4591  2028  2598  4152   904  3546  1694  4151  3432  4081  2334  4866  2989  3461  3598  1459  4148     0  3800  3315  2848  3702  3861   219  3992  1659  4490  3709  1440  4119  3409  1422  2291  5101  3746   834  2588  3716  5072  2566   524  3246  4448
  3480  1852  5690   821  5202  4756  5065  4210  3290   780  2734  1081  5352  4070   361  5011  5601  3738  5121  4319  1110  5410  4501  1804  4770  1391  3769  5340  4328  5396  4440  4546  2879  5516  4679  4479     0  4739  4299  1959  4661  4382  5251  4735  1300  4240  5214  5378  1665  5196   224  5631  4546  4430  2828   406  5604   644  4688  3584  4978
  2286  3976  3169  4442  2380  2128  2438  3944  2692  4961  3834  4222  3068  3000  4542  2190  2934  3471  4051  1498  5345  2781  4234  3928  1949  4532  2062  2711  1505  4326  1619  2091  3979  2694  3608  3390  4181     0  1478  4082  2491  3609  2622  1912  4871  2688  2391  2749  3790  2375  4405  4561  2376  4164  2554  4096  4532  4824  3644  1876  3908
   991  2682  2989  3148  2200  1920  2230  2649  1398  3666  2539  2929  2888  2212  3248  2010  2754  2176  3264  1318  4050  2574  2939  2632  1768  3238   768  2504  1325  3539   141  1882  2684  2514  2820  3209  2886  1738     0  2789  2284  2820  2415  1732  3576  1394  2211  2541  2495  2195  3110  3774  2169  2869  1260  2802  3745  3530  3462   582  3119
  2752   765  4962  2178  4475  3104  3414  3482  2562  2136  2006  1398  4625  2419  1718  4284  4874  3010  3470  3591  2520  3758  3774   792  4042  1708  3041  3688  3600  3745  3712  2895  2151  4789  3026  3751  1356  4012  3571     0  3010  3655  3599  4008  2046  2588  4486  3725   319  4469  1580  3980  2895  3702  2100  1271  3951  1999  3960  2856  3326
  2799  3060  3682  4316  2894   705  1015  3819  2065  4836  3709  4098  3581  1119  4418  2702  3448  3346  2171  2010  5220  1359  4109  3802  2461  4408  2575  1289  2019  2446  2131   496  3854  3208  1728  3902  4056  2221  1990  3021     0  3990  1200  2426  4746  1500  2905  1326  3664  2888  4280  2681   115  4038  1928  3971  2652  4699  4156  1829  2026
  2001  3500  1389  1962  1648  3716  4026   171  2664  2412  3356  3746  1051  3444  2202  1841  1300   644  4495  2246  2501  4371   808  3450  1912  4055  3142  4301  2554  4770  3208  3680  3501  1678  4051   219  3704  3534  3066  3606  4035     0  4211  1878  4394  3612  1659  4338  3312  1642  2195  5005  3920   738  2491  3620  4976  2470   305  2958  4351
  2930  3649  3814  4906  3025   836  1146  4408  2655  5425  4298  4688  3712  1709  5006  2834  3579  3935  2760  2142  5809   519  4699  4392  2592  4996  2706   449  2150  3035  2262   800  4444  3339  2318  4034  4645  2352  2122  3611  1200  4580     0  2558  5335  2090  3036  1458  4254  3019  4869  3270  1085  4628  2516  4561  3241  5289  4288  1961  2616
  2221  3911  1480  3788   691  2062  2372  1968  2628  4896  3769  4158  1378  2935  4478   500  1245  2852  3986   591  5280  2716  3615  3862    94  4468  1996  2646   899  4261  1554  2025  3914  1005  3542  1700  4115  1880  1412  4018  2426  1919  2558     0  4805  2622   701  2684  3724   685  4340  4496  2311  3545  2489  4031  4468  4759  1954  1811  3841
  3608  1980  5816  1009  5329  4882  5192  4338  3418   614  2860  1209  5479  4198  1329  5139  5728  3865  5249  4446   475  5536  4628  1931  4898  1519  3896  5466  4454  5524  4568  4674  3006  5642  4805  4605  1300  4866  4426  2086  4789  4509  5378  4861     0  4366  5340  5504  1792  5324  1191  5759  4674  4558  2955  1578  5730   831  4814  3711  5105
  2160  2922  4369  3388  3881  2636  2946  2890  1136  3908  2780  3169  4031  1951  3489  3691  4280  2418  3002  2999  4291  3290  3180  2874  3449  3479  2449  3220  3006  3278  3120  2428  2925  4195  2559  3158  3128  3419  2979  3029  2541  3061  3131  3414  3818     0  3892  3258  2736  3876  3351  3512  2426  3109   999  3042  3484  3770  3366  2264  2858
  2699  4390  1260  3569    11  2541  2851  1749  3105  4019  4246  4636  1159  3412  3809   666  1025  2634  4465  1070  4109  3195  3396  4341   738  4945  2475  3125  1378  4740  2031  2504  4392   785  4021  1481  4594  2359  1891  4496  2905  1700  3036   701  5284  3101     0  3162  4202   466  4818  4975  2790  3326  2968  4510  4946  4076  1735  2290  4320
  3056  3775  3940  5032  3151   718   400  4534  2781  5551  4424  4814  3839  1835  5132  2960  3705  4061  2886  2269  5935   790  4825  4519  2719  5122  2832   860  2276  3161  2389   926  4570  3465  2442  4160  4771  2479  2249  3736  1326  4705  1458  2684  5461  2215  3162     0  4380  3145  4995  3396  1211  4754  2642  4688  3368  5415  4414  2088  2742
  2525   614  4734  1950  4248  3800  4110  3255  2335  1909  1778  1170  4396  3115  1489  4056  4645  2782  4166  3364  2292  4455  3545   565  3815  1480  2814  4384  3371  4441  3485  3591  1924  4560  3724  3522  1128  3784  3344   319  3706  3426  4295  3780  1818  3285  4258  4421     0  4241  1352  4676  3591  3475  1872  1044  4648  1771  3732  2629  4022
  2682  4372  1244  3552   455  2524  2834  1732  3089  4002  4230  4619  1142  3396  3792   649  1009  2618  4448  1054  4091  3179  3380  4324   720  4929  2459  3109  1361  4722  2015  2488  4375   769  4005  1464  4578  2341  1874  4479  2888  1682  3019   685  5268  3084   466  3145  4186     0  4801  4958  2772  3309  2951  4492  4929  4060  1718  2272  4304
  3704  2076  3502   712  3761  4980  5289  2022  3514   671  2958  1306  3165  4294   138  5235  3414  1550  5346  4544  1001  5634  2314  2028  4994  1615  3994  5564  4551  5621  4664  4770  3102  3791  4902  2291   224  4964  4524  2182  4885  2195  5475  4959  1191  4464  3772  5601  1890  3755     0  5856  4770  2242  3052   631  5828   534  2500  3808  5201
  3398  3369  5055  4626  4266  2078  2388  4128  2374  5145  4018  4408  5269  1429  4726  4075  4820  3655   902  3382  5529  2731  4418  4112  3834  4716  3686  2661  3391   505  3504  1869  4162  4580  2036  4395  4365  3594  3362  3330  1984  4299  2572  3799  5055  1809  4278  2699  3974  4260  4589     0  1868  4348  2236  4281   711  5009  4604  3501   779
  2684  2945  3568  4201  2779   590   900  3702  1950  4721  3594  3982  3466  1004  4302  2588  3332  3231  2056  1895  5105  1244  3994  3688  2346  4292  2460  1174  1902  2331  2016   381  3739  3092  1612  3788  3940  2106  1875  2906   115  3875  1085  2311  4631  1385  2790  1211  3549  2772  4165  2565     0  3922  1812  3856  2538  4584  4041  1714  1911
  2049  3548  2991  2010  3250  4178  4486   565  2711  2460  3405  3794  2654  3491  2250  3445  2902   692  4544  3741  2550  4831   436  3499  3516  4104  3191  4761  3749  4819  3861  3968  3550  3281  4100   834  3752  4161  3720  3654  4082   738  4672  3480  4442  3661  3261  4799  3360  3245  2242  5054  3968     0  2539  3668  5025  2519  1042  3005  4399
  1571  2104  3780  2799  3292  2014  2322  2301   548  3089  1961  2350  3442  1328  2670  3101  3691  1829  2380  2410  3472  2668  2591  2055  2860  2660  1860  2598  2418  2655  2531  1804  2106  3606  1936  2569  2309  2830  2390  2210  1919  2472  2509  2825  2999  1498  3304  2635  1918  3288  2532  2889  1804  2520     0  2224  2861  2951  2778  1674  2235
  3396  1769  5605  1229  5118  4671  4981  4126  3205  1188  2649   998  5268  3986   768  4928  5516  3654  5038  4235  1518  5325  4416  1720  4686  1308  3685  5255  4242  5312  4356  4462  2795  5431  4594  4394   406  4655  4215  1875  4578  4298  5166  4650  1646  4155  5129  5292  1581  5112   631  5548  4462  4346  2744     0  5519  1050  4602  3500  4894
  3369  3340  5026  4598  4238  2049  2359  4099  2346  5116  3989  4379  5241  1400  4698  4046  4791  3626   874  3355  5501  2702  4390  4084  3805  4688  3658  2632  3362   328  3475  1840  4135  4551  2009  4368  4336  3565  3335  3302  1955  4271  2544  3770  5026  1781  4249  2670  3945  4231  4560   711  1840  4319  2208  4252     0  4980  4576  3472   751
  4124  2496  3778   788  4036  5399  5709  2299  3932   218  3376  1725  3440  4714   671  4231  3689  1826  5765  4962   642  6052  2589  2448  5414  2035  4412  5982  4970  6040  5084  5190  3522  4068  5321  2566   644  5382  4942  2602  5305  2470  5894  5378   831  4882  4048  6020  2309  4031   534  6275  5189  2519  3471  1050  6246     0  2775  4228  5620
  2306  3805  1424  2268  1682  3751  4061   476  2969  2718  3661  4051  1086  3749  2508  1876  1335   949  4800  2280  2808  4405  1112  3756  1948  4360  3686  4335  2588  5075  3242  3715  3808  1712  4358   524  4009  3569  3101  3911  4115   305  4246  1912  4699  3919  1694  4372  3618  1676  2500  5310  4000  1042  2796  3925  5281  2775     0  3500  4656
  1095  2785  3068  3250  2279  1466  1775  2752  1501  3770  2642  3031  2966  2315  3351  2089  2832  2280  3368  1396  4154  2120  3042  2736  1848  3341   444  2050  1404  3642  1518  1429  2788  2592  2924  3289  2990  1816  1376  2891  1829  2924  1961  1811  3680  1496  2290  2088  2599  2274  3214  3878  1714  2972  1362  2905  3849  3632  3541     0  3222
  2744  2715  4400  3971  3611  1424  1732  3474  1720  4491  3364  3752  4615   774  4072  3421  4165  3001   429  2729  4875  2078  3764  3458  3180  4062  3032  2008  2736   545  2850  1214  3509  3925  1382  3741  3711  2939  2709  2676  1329  3645  1919  3144  4401  1155  3622  2045  3320  3606  3935   779  1214  3692  1582  3626   751  4354  3950  2848     0
DRONE_EDGE_WEIGHT_SECTION
     0   812  1101  1013  1359   893  1115   405   153  1201   731  1487   934   495   821  1336  1133   287   630  1043  1292  1243   461   807  1180  1302   434  1189  1256   913   694   751   782  1138   659   582   936  1223   641  1123   783   497  1246  1161  1354   462  1369  1285  1141  1032   864  1112   718   341   166  1017  1054  1099   534   640   689
   812     0  1894   499  2171  1623  1862  1185   914   563   139   697  1731   963   314  2147  1936   877  1281  1849   634  1974  1214    20  1990   501  1188  1918  2053  1548  1500  1443   152  1944  1204  1386   288  1999  1443   312  1508  1290  1956  1970   673  1165  2181  2039   348  1844   310  1797  1425   971   763   276  1712   447  1297  1421  1288
  1101  1894     0  1951   454   893   874   710  1055  2163  1828  2526   168  1316  1818   495   100  1040  1079   466  2253   983   687  1887   407  2360   911   970   637  1146   564   991  1881   153  1252   521  1952   772   629  2199   904   606  1063   434  2322  1005   476   909  2197   284  1864  1081   956   955  1213  2055  1135  2085   603   737  1174
  1013   499  1951     0  2304  1902  2127  1278  1155   215   622   638  1803  1336   222  2296  2014   925  1603  2023   302  2254  1275   481  2140   552  1444  2200  2250  1886  1682  1747   650  2035  1569  1497   218  2232  1639   531  1790  1389  2254  2128   372  1454  2318  2298   438  1973   200  2111  1719  1001  1044   308  2041   174  1357  1651  1635
  1359  2171   454  2304     0   800   660  1026  1268  2511  2083  2839   535  1422  2147    76   356  1379  1109   351  2602   716  1033  2166   188  2660  1038   728   310  1058   680   967  2130   309  1283   807  2274   484   744  2482   867   915   808   220  2669  1107    22   607  2497   331  2192   894   948  1306  1428  2366   982  2422   955   805  1184
   893  1623   893  1902   800     0   242   801   747  2083  1506  2320   787   711  1702   737   838  1074   364   475  2172   354   868  1624   630  2122   459   299   537   263   408   195  1540   799   516   669  1805   412   386  1925   115   739   355   592  2231   458   796   420  1970   626  1742   247   201  1050   871  1868   254  1975   844   297   410
  1115  1862   874  2127   660   242     0   965   975  2312  1746  2559   809   951  1931   587   798  1270   604   409  2402   139  1022  1863   525  2362   686   102   359   437   526   434  1781   749   747   795  2038   197   534  2165   355   885   194   486  2462   696   650   178  2208   590  1972   234   443  1235  1106  2104   327  2206   981   484   641
   405  1185   710  1278  1026   801   965     0   408  1486  1121  1826   546   767  1125  1018   754   354   707   758  1577  1104    83  1177   863  1655   452  1059   995   935   447   742  1175   768   824   219  1255  1013   431  1490   721   111  1138   854  1644   545  1039  1109  1492   695  1170  1047   699   288   545  1353  1029  1398   131   503   799
   153   914  1055  1155  1268   747   975   408     0  1337   817  1602   887   383   957  1239  1074   415   477   938  1428  1100   481   912  1084  1412   290  1045  1140   760   590   599   862  1072   516   536  1065  1093   531  1225   636   474  1100  1061  1488   309  1276  1148  1253   950   998   962   567   446   162  1137   902  1232   538   511   539
  1201   563  2163   215  2511  2083  2312  1486  1337     0   701   445  2014  1483   381  2501  2225  1134  1770  2224    91  2436  1486   550  2345   409  1627  2381  2449  2050  1881  1920   711  2246  1721  1704   292  2424  1835   466  1969  1597  2431  2332   159  1629  2525  2485   353  2180   341  2283  1894  1212  1215   297  2208   118  1568  1841  1794
   731   139  1828   622  2083  1506  1746  1121   817   701     0   820  1662   833   418  2055  1863   838  1158  1754   773  1855  1158   151  1900   619  1080  1799  1951  1421  1407  1323    60  1869  1073  1312   420  1889  1347   420  1391  1222  1834  1878   812  1051  2092  1924   475  1760   425  1673  1306   932   660   415  1585   584  1239  1317  1161
  1487   697  2526   638  2839  2320  2559  1826  1602   445   820     0  2369  1653   711  2821  2579  1486  1977  2529   394  2671  1840   695  2664   203  1881  2615  2741  2241  2180  2140   797  2594  1892  2039   574  2693  2127   408  2205  1936  2653  2646   342  1862  2851  2736   350  2509   665  2493  2122  1573  1456   473  2405   469  1923  2112  1981
   934  1731   168  1803   535   787   809   546   887  2014  1662  2369     0  1156  1663   555   211   885   935   424  2104   932   530  1723   428  2201   752   910   639  1028   421   862  1715   236  1104   353  1796   744   482  2037   781   441  1003   441  2173   848   554   876  2037   257  1709   997   823   802  1045  1897  1037  1933   447   595  1031
   495   963  1316  1336  1422   711   951   767   383  1483   833  1653  1156     0  1117  1375  1311   782   347  1071  1567  1044   846   969  1234  1451   406   989  1218   589   770   517   857  1295   241   834  1192  1119   701  1248   603   805  1012  1202  1617   319  1424  1128  1308  1143  1149   847   513   825   351  1229   754  1367   890   618   330
   821   314  1818   222  2147  1702  1931  1125   957   381   418   711  1663  1117     0  2133  1874   778  1393  1851   471  2055  1133   294  1977   566  1246  2001  2073  1674  1506  1541   455  1891  1352  1341   138  2044  1459   464  1589  1235  2051  1962   532  1249  2159  2104   412  1815    46  1904  1514   864   836   256  1831   278  1216  1461  1421
  1336  2147   495  2296    76   737   587  1018  1239  2501  2055  2821   555  1375  2133     0   395  1372  1056   306  2593   640  1032  2143   157  2639   998   653   234   992   648   909  2101   344  1228   799  2259   409   710  2458   809   908   732   178  2659  1062    63   531  2477   327  2178   821   892  1302  1398  2348   911  2410   957   762  1127
  1133  1936   100  2014   356   838   798   754  1074  2225  1863  2579   211  1311  1874   395     0  1096  1054   389  2315   901   741  1929   312  2409   905   891   542  1096   545   952  1915    54  1229   551  2007   684   613  2243   861   646   983   341  2384   995   377   821  2246   213  1919  1013   920  1014  1235  2107  1073  2144   658   713  1145
   287   877  1040   925  1379  1074  1270   354   415  1134   838  1486   885   782   778  1372  1096     0   874  1106  1224  1406   354   867  1217  1323   640  1357  1340  1145   778   966   897  1114   931   573   912  1343   747  1171   975   464  1426  1206  1292   698  1393  1428  1161  1048   824  1311   927    94   448  1016  1270  1049   438   787   946
   630  1281  1079  1603  1109   364   604   707   477  1770  1158  1977   935   347  1393  1056  1054   874     0   760  1857   701   789  1285   925  1777   255   645   882   285   516   170  1188  1028   176   678  1485   774   453  1577   259   696   676   890  1912   176  1110   782  1629   863  1430   517   169   880   559  1536   438  1658   800   343    99
  1043  1849   466  2023   351   475   409   758   938  2224  1754  2529   424  1071  1851   306   389  1106   760     0  2316   518   787  1846   165  2344   692   504   241   738   349   625  1799   341   935   544  1974   320   407  2161   526   653   597   131  2381   757   353   453  2183   182  1896   626   602  1046  1095  2058   693  2129   722   456   838
  1292   634  2253   302  2602  2172  2402  1577  1428    91   773   394  2104  1567   471  2593  2315  1224  1857  2316     0  2526  1576   622  2436   400  1717  2471  2540  2136  1972  2009   779  2336  1805  1795   375  2515  1927   497  2059  1688  2520  2424    70  1718  2616  2575   382  2271   430  2371  1983  1302  1304   360  2295   200  1658  1932  1880
  1243  1974   983  2254   716   354   139  1104  1100  2436  1855  2671   932  1044  2055   640   901  1406   701   518  2526     0  1161  1976   609  2473   810    56   406   488   666   533  1888   850   826   934  2159   232   673  2275   468  1024    92   572  2584   811   703   122  2322   700  2095   232   549  1373  1225  2221   343  2328  1120   619   722
   461  1214   687  1275  1033   868  1022    83   481  1486  1158  1840   530   846  1133  1032   741   354   789   787  1576  1161     0  1206   880  1674   534  1118  1026  1012   497   819  1214   760   907   243  1266  1057   491  1516   793   139  1199   874  1644   628  1048  1159  1511   705  1179  1115   775   274   609  1368  1102  1403    84   572   882
   807    20  1887   481  2166  1624  1863  1177   912   550   151   695  1723   969   294  2143  1929   867  1285  1846   622  1976  1206     0  1987   501  1187  1920  2052  1553  1497  1446   169  1938  1210  1380   272  1999  1441   316  1510  1283  1959  1967   662  1167  2177  2040   345  1839   291  1801  1427   960   762   266  1717   433  1289  1420  1293
  1180  1990   407  2140   188   630   525   863  1084  2345  1900  2664   428  1234  1977   157   312  1217   925   165  2436   609   880  1987     0  2482   850   608   231   892   494   788  1946   257  1100   644  2102   382   557  2302   688   754   696    40  2503   918   193   518  2320   180  2022   755   766  1149  1244  2191   833  2253   806   617  1003
  1302   501  2360   552  2660  2122  2362  1655  1412   409   619   203  2201  1451   566  2639  2409  1323  1777  2344   400  2473  1674   501  2482     0  1688  2417  2552  2039  1995  1942   594  2422  1690  1864   428  2499  1940   204  2008  1763  2453  2463   380  1666  2670  2540   163  2331   523  2292  1924  1413  1263   311  2204   379  1758  1921  1779
   434  1188   911  1444  1038   459   686   452   290  1627  1080  1881   752   406  1246   998   905   640   255   692  1717   810   534  1187   850  1688     0   756   873   507   368   326  1121   890   382   449  1353   811   300  1496   349   449   812   822  1777   102  1043   860  1531   743  1287   680   289   635   425  1421   631  1520   551   239   347
  1189  1918   970  2200   728   299   102  1059  1045  2381  1799  2615   910   989  2001   653   891  1357   645   504  2471    56  1118  1920   608  2417   756     0   419   437   625   477  1832   841   771   894  2104   246   628  2219   413   982    93   570  2530   756   716   161  2266   686  2041   189   494  1325  1169  2165   297  2274  1080   569   667
  1256  2053   637  2250   310   537   359   995  1140  2449  1951  2741   639  1218  2073   234   542  1340   882   241  2540   406  1026  2052   231  2552   873   419     0   780   568   723  1993   488  1047   784  2192   174   615  2364   626   891   498   204  2604   920   297   300  2392   382  2117   591   714  1283  1292  2272   686  2351   962   634   943
   913  1548  1146  1886  1058   263   437   935   760  2050  1421  2241  1028   589  1674   992  1096  1145   285   738  2136   488  1012  1553   892  2039   507   437   780     0   621   193  1446  1059   353   852  1763   633   578  1837   248   899   437   853  2190   452  1052   594  1895   886  1710   266   238  1142   843  1809   166  1937  1006   466   260
   694  1500   564  1682   680   408   526   447   590  1881  1407  2180   421   770  1506   648   545   778   516   349  1972   666   497  1497   494  1995   368   625   568   621     0   444  1453   525   688   270  1626   567    69  1812   373   359   709   471  2037   452   687   663  1834   375  1550   648   404   729   750  1710   660  1784   455   174   611
   751  1443   991  1747   967   195   434   742   599  1920  1323  2140   862   517  1541   909   952   966   170   625  2009   533   819  1446   788  1942   326   477   723   193   444     0  1355   920   324   662  1638   607   394  1742   100   706   513   751  2065   293   965   611  1791   749  1579   364    44   957   705  1695   305  1810   813   279   220
   782   152  1881   650  2130  1540  1781  1175   862   711    60   797  1715   857   455  2101  1915   897  1188  1799   779  1888  1214   169  1946   594  1121  1832  1993  1446  1453  1355     0  1920  1096  1364   440  1927  1392   391  1426  1275  1864  1924   813  1087  2139  1959   459  1809   456  1701  1340   990   704   418  1611   596  1295  1359  1186
  1138  1944   153  2035   309   799   749   768  1072  2246  1869  2594   236  1295  1891   344    54  1114  1028   341  2336   850   760  1938   257  2422   890   841   488  1059   525   920  1920     0  1204   559  2023   631   594  2253   827   658   933   287  2404   977   330   769  2258   173  1937   967   889  1034  1233  2121  1030  2163   679   689  1117
   659  1204  1252  1569  1283   516   747   824   516  1721  1073  1892  1104   241  1352  1228  1229   931   176   935  1805   826   907  1210  1100  1690   382   771  1047   353   688   324  1096  1204     0   828  1430   928   623  1487   422   831   786  1065  1856   282  1283   919  1548  1039  1385   617   336   954   547  1470   519  1606   931   516   106
