
NAME : CVS-41-9
COMMENT : CVS
TYPE : RDVRP-TW
DIMENSION : 41
CAPACITY : 100
EDGE_WEIGHT_TYPE : EXPLICIT
EDGE_WEIGHT_FORMAT : FULL_MATRIX 
NODE_COORD_SECTION
  0 -78.8465283000 35.7910400000
  1 -78.8518641000 35.7981210000
  2 -78.8319560000 35.7824345000
  3 -78.8390081000 35.7998006000
  4 -78.8388887000 35.7791055000
  5 -78.8554088000 35.7835912000
  6 -78.8548893000 35.7814270000
  7 -78.8392545000 35.7883175000
  8 -78.8490971000 35.7899646000
  9 -78.8406378000 35.8016569000
 10 -78.8541303000 35.7971114000
 11 -78.8498727000 35.8043518000
 12 -78.8344860000 35.7836770000
 13 -78.8594433000 35.7898337000
 14 -78.8431917000 35.7983373000
 15 -78.8408760000 35.7791875000
 16 -78.8338210000 35.7817935000
 17 -78.8388405000 35.7914909000
 18 -78.8576900000 35.7867744000
 19 -78.8441000000 35.7817090000
 20 -78.8404623000 35.8024769000
 21 -78.8572917000 35.7804792000
 22 -78.8370280000 35.7883640000
 23 -78.8513215000 35.7981215000
 24 -78.8412540000 35.7805910000
 25 -78.8516907000 35.8026188000
 26 -78.8511470000 35.7874549000
 27 -78.8572511000 35.7809819000
 28 -78.8468074000 35.7797534000
 29 -78.8617252000 35.7846000000
 30 -78.8451723000 35.7848256000
 31 -78.8569561000 35.7852632000
 32 -78.8554678000 35.7974244000
 33 -78.8350915000 35.7815640000
 34 -78.8613761000 35.7877711000
 35 -78.8395575000 35.7863515000
 36 -78.8449668000 35.7994367000
 37 -78.8512358000 35.7801682000
 38 -78.8464261000 35.7852786000
 39 -78.8534487000 35.8008738000
 40 -78.8551041000 35.7846183000
TIME_WINDOW_SECTION
  0      0  36000
  1      0  32415
  2      0  31520
  3   9276  11276
  4      0  32311
  5      0  32565
  6  15989  19059
  7  18216  22760
  8  16039  18039
  9  20253  23351
 10  12195  17129
 11  14304  18768
 12   6742  11566
 13   7649   9649
 14  19280  23650
 15      0  32502
 16      0  31755
 17      0  33642
 18      0  32112
 19   3605   8133
 20  18508  20666
 21   2712   4712
 22      0  32880
 23   9589  11589
 24  12829  14829
 25  15828  17828
 26      0  33720
 27   9551  11551
 28  31533  33533
 29  23214  25214
 30      0  33868
 31  16702  20740
 32  24604  26604
 33  22291  28441
 34      0  31900
 35  20302  22302
 36      0  31520
 37      0  32714
 38  13982  16838
 39  23518  27890
 40      0  32201
DEMAND_SECTION
  0      0
  1      9
  2      7
  3     24
  4      7
  5      5
  6     24
  7     24
  8     27
  9     27
 10     30
 11     20
 12     13
 13     15
 14      8
 15      6
 16     29
 17     13
 18     16
 19     27
 20     28
 21      5
 22      7
 23     16
 24      9
 25     26
 26     10
 27     19
 28     28
 29      5
 30     11
 31     29
 32     10
 33     19
 34     22
 35      7
 36     18
 37     21
 38     24
 39     24
 40     14
SERVICE_TIME_SECTION
  0      0
  1   1000
  2   1000
  3   1000
  4   1000
  5   1000
  6   1000
  7   1000
  8   1000
  9   1000
 10   1000
 11   1000
 12   1000
 13   1000
 14   1000
 15   1000
 16   1000
 17   1000
 18   1000
 19   1000
 20   1000
 21   1000
 22   1000
 23   1000
 24   1000
 25   1000
 26   1000
 27   1000
 28   1000
 29   1000
 30   1000
 31   1000
 32   1000
 33   1000
 34   1000
 35   1000
 36   1000
 37   1000
 38   1000
 39   1000
 40   1000
TRUCK_EDGE_WEIGHT_SECTION
     0  2121  3568  2588  3151  2705  3014  2089  1239  3106  1979  2368  3230  2019  2688  2960  3479  1616  3070  2268  3490  3359  2379  2072  2719  2678  1718  3289  2276  3345  2389  2495  2124  3858  2628  2356  2326  2688  2248  2228  2610
  2585     0  4795  2010  4308  3861  4171  3315  2395  1969  1839  1230  4458  3175  1550  4116  4706  2844  4228  3425  2352  4515  3606    49  3875  1540  2875  4445  3432  4502  3545  3651  1984  4621  3784  3584  1189  3845  3405   702  3766
  3480  4795     0  3258  1252  3322  3631  1438  3959  3708  4652  5041   338  4194  3498  1448   449  2322  5246  1851  3798  3976  3085  4746  1519  5351  3256  3906  2159  5521  2812  3285  4798  1284  4802  1170  4999  3140  2671  4901  3685
  2292  2674  3270     0  3529  4420  4730  1791  2954   730  3648  1904  2932  3735   751  3722  3181  1319  4786  3984   820  5074  2081  2625  3794  2212  3434  5004  3991  5061  4105  4211  3792  3560  4342  2059   821  4404  3964  2780  4326
  2689  4379  1250  3558     0  2530  2840  1738  3095  4008  4236  4625  1149  3402  3798   655  1015  2622  4454  1059  4098  3184  3386  4330   726  4935  2464  3114  1366  4729  2021  2492  4381   775  4010  1470  4582  2348  1880  4485  2894
  2435  3154  3319  4411  2530     0   406  3912  2160  4930  3802  4192  3218  1214  4511  2339  3084  3440  2265  1648  5314   602  4202  3898  2098  4501  2211   532  1655  2540  1768   305  3949  2844  1821  3539  4150  1858  1628  3115   705
  2745  3464  3629  4721  2840   406     0  4222  2469  5240  4112  4501  3528  1524  4821  2649  3394  3750  2575  1956  5624   912  4512  4206  2408  4811  2521   842  1965  2850  2078   614  4258  3154  2131  3849  4460  2168  1936  3425  1015
  1830  3328  1438  1791  1696  3958  4268     0  2491  2241  3185  3574  1100  3272  2030  1891  1349   472  4324  2295  2330  4611   636  3279  1962  3884  2971  4541  2602  4599  3642  3748  3330  1728  3880   268  3532  3941  3501  3434  3862
  1338  2101  3548  2566  3060  2219  2529  2068     0  3085  1958  2348  3210  1532  2666  2869  3459  1595  2585  2176  3470  2872  2359  2052  2628  2656  1628  2802  2185  2860  2298  2009  2104  3374  2141  2336  2305  2598  2156  2208  2124
  4260  2632  3720   730  3979  5536  5846  2241  4070     0  3514  1862  3382  4850   809  4172  3631  1769  5902  5100   424  6190  2531  2584  4244  2171  4550  6120  5108  6178  5220  5326  3659  4010  5459  2509   780  5520  5080  2739  5441
  2508  1935  4718  2961  4230  3784  4092  3238  2318  2920     0  2181  4380  3098  2501  4039  4629  2765  4149  3346  3304  4438  3529  1886  3798  2491  2796  4368  3355  4424  3468  3574   145  4544  3706  3506  2140  3766  3326  2041  3689
  2894  1266  5104  2319  4616  4170  4479  3624  2704  1820  2148     0  4766  3484  1859  4425  5015  3151  4536  3734  1681  4824  3915  1218  4184   589  3184  4754  3741  4811  3854  3960  2292  4930  4092  3892  1498  4154  3712  1372  4075
  3374  4458   338  2920  1148  3216  3526  1100  3621  3370  4315  4704     0  4401  3160  1341   381  1985  5452  1745  3460  3870  2748  4409  1412  5014  3150  3800  2052  5728  2708  3179  4460  1178  5010   832  4661  3034  2566  4564  3580
  3200  3171  4858  4429  4069  1880  2190  3930  2176  4948  3820  4210  5071     0  4529  3878  4622  3458  1196  3185  5331  2534  4220  3915  3636  4519  3489  2464  3194  1471  3306  1671  3965  4382   752  4198  4168  3396  3165  3132  1786
  3841  2214  3510   751  3769  5118  5426  2030  3651   809  3095  1442  3172  4431     0  3962  3421  1559  5484  4680  1139  5771  2321  2165  5131  1752  4131  5701  4689  5759  4801  4908  3240  3799  5040  2299   361  5101  4660  2320  5022
  2498  4188  1444  3752   655  2339  2649  1931  2904  4201  4045  4434  1342  3211  4754     0  1209  2816  4262   868  4291  2992  3580  4139   535  4744  2274  2922  1175  4538  1830  2302  4190   969  3819  1664  4392  2156  1689  4294  2702
  3245  4710   449  3174  1018  3088  3396  1352  3874  3622  4568  4956   381  3959  3412  1212     0  2238  5011  1616  3712  3741  3001  4661  1284  5266  3021  3671  1924  5286  2578  3050  4712  1049  4568  1085  4915  2905  2436  4816  3450
  1358  2855  2299  1319  2559  3485  3795   472  2019  1769  2712  3101  1961  2800  1559  2752  2210     0  3851  3049  1858  4139   762  2806  2824  3411  2499  4069  3056  4126  3170  3275  2858  2589  3408   740  3060  3469  3029  2961  3390
  2888  2859  4545  4116  3756  1568  1878  3618  1865  4635  3508  3898  4760   919  4216  3565  4310  3145     0  2872  5019  2221  3909  3602  3324  4206  3176  2151  2881   668  2994  1359  3654  4070  1528  3885  3855  3084  2852  2820  1474
  1805  3496  1848  3961  1059  1648  1956  2336  2211  4480  3352  3742  1746  2519  4061   868  1612  2990  3570     0  4864  2301  3752  3446   626  4051  1581  2231   484  3845  1138  1610  3498  1372  3128  2068  3700  1464   996  3602  2010
  4081  2454  3809   820  4069  5356  5666  2330  3891   424  3335  1682  3471  4671  1139  4262  3720  1858  5722  4920     0  6011  2620  2405  4334  1992  4370  5941  4929  5998  5041  5148  3480  4099  5280  2598  1110  5340  4900  2560  5262
  3089  3808  3972  5065  3184   602   912  4566  2814  5584  4456  4846  3871  1868  5165  2992  3738  4094  2919  2301  5969     0  4858  4551  2751  5155  2865    70  2309  3194  2422   959  4602  3498  2476  4192  4804  2511  2281  3770  1359
  2120  3619  3062  2081  3321  4248  4558   636  2782  2531  3475  3865  2725  3562  2321  3515  2974   762  4614  3811  2620  4901     0  3570  3586  4174  3261  4831  3819  4889  3932  4039  3620  3351  4170   904  3822  4231  3791  3725  4154
  2536    49  4746  1961  4259  3812  4121  3266  2346  1920  1790  1181  4409  3126  1501  4068  4658  2794  4179  3375  2304  4466  3558     0  3826  1491  2826  4396  3384  4454  3496  3602  1935  4572  3735  3535  1140  3796  3355   751  3718
  2256  3946  1515  3824   726  2098  2408  2002  2662  4931  3804  4192  1414  2970  4512   535  1280  2888  4021   626  5315  2751  3651  3898     0  4502  2032  2681   934  4296  1589  2061  3949  1040  3578  1735  4151  1915  1448  4052  2461
  3169  1541  5379  2594  4891  4445  4754  3899  2979  2095  2422   589  5041  3759  2134  4700  5290  3426  4810  4008  1956  5099  4190  1492  4459     0  3458  5029  4016  5085  4129  4235  2568  5205  4368  4168  1772  4428  3988  1648  4350
  1280  2971  3254  3436  2465  2185  2494  2938  1686  3955  2828  3218  3152  2501  3536  2274  3019  2465  3552  1581  4339  2839  3228  2921  2032  3526     0  2769  1589  3828  1702  2148  2972  2779  3109  3474  3175  2001  1561  3078  2548
  3019  3738  3902  4995  3114   532   842  4496  2744  5514  4386  4776  3801  1798  5095  2922  3668  4024  2849  2231  5899    70  4788  4481  2681  5085  2795     0  2239  3124  2352   889  4532  3428  2406  4122  4734  2441  2211  3700  1289
  1812  3504  2155  3969  1366  1655  1965  2644  2219  4488  3360  3750  2054  2526  4069  1175  1920  2998  3579   484  4872  2309  3761  3455   934  4059  1589  2239     0  3854  1145  1618  3506  1680  3135  2375  3708  1472  1005  3610  2019
  3162  3134  4820  4391  4031  1842  2152  3892  2140  4910  3782  4172  5035  1194  4491  3840  4585  3420   668  3148  5294  2496  4184  3878  3599  4481  3451  2426  3156     0  3269  1634  3929  4345  1802  4161  4130  3359  3128  3096  1749
  1132  2822  3130  3289  2341  2061  2371  2790  1539  3808  2680  3069  3029  2354  3389  2150  2895  2318  3405  1459  4191  2715  3080  2774  1909  3379   909  2645  1466  3680     0  2024  2825  2655  2961  3350  3028  1879   141  2929  2425
  2399  2945  3281  4201  2492   305   614  3704  1950  4721  3594  3982  3180  1004  4302  2302  3046  3231  2056  1610  5105   959  3994  3688  2061  4292  2174   889  1618  2331  1731     0  3739  2806  1612  3501  3941  1820  1590  2906   496
  2652  2080  4862  3106  4375  3929  4239  3384  2462  3065   145  2326  4525  3242  2646  4184  4774  2911  4295  3492  3449  4582  3674  2031  3942  2636  2942  4512  3500  4570  3612  3719     0  4689  3851  3651  2285  3912  3472  2186  3834
  3001  4692  1241  3550   775  2844  3154  1730  3408  4000  4549  4939  1140  3715  3790   969  1006  2615  4768  1372  4089  3498  3378  4644  1040  5249  2778  3428  1680  5042  2335  2806  4695     0  4324  1461  4896  2661  2194  4799  3208
  3100  3071  4758  4329  3969  1780  2090  3830  2076  4848  3720  4109  4971  1131  4429  3778  4522  3358  1096  3085  5231  2434  4120  3814  3536  4419  3389  2364  3092  1371  3206  1571  3865  4282     0  4098  4068  3296  3065  3032  1685
  2098  3596  1170  2059  1429  3498  3808   268  2760  2509  3452  3842   832  3540  2299  1622  1081   740  4591  2028  2598  4152   904  3546  1694  4151  3432  4081  2334  4866  2989  3461  3598  1459  4148     0  3800  3315  2848  3702  3861
  3480  1852  5690   821  5202  4756  5065  4210  3290   780  2734  1081  5352  4070   361  5011  5601  3738  5121  4319  1110  5410  4501  1804  4770  1391  3769  5340  4328  5396  4440  4546  2879  5516  4679  4479     0  4739  4299  1959  4661
  2286  3976  3169  4442  2380  2128  2438  3944  2692  4961  3834  4222  3068  3000  4542  2190  2934  3471  4051  1498  5345  2781  4234  3928  1949  4532  2062  2711  1505  4326  1619  2091  3979  2694  3608  3390  4181     0  1478  4082  2491
   991  2682  2989  3148  2200  1920  2230  2649  1398  3666  2539  2929  2888  2212  3248  2010  2754  2176  3264  1318  4050  2574  2939  2632  1768  3238   768  2504  1325  3539   141  1882  2684  2514  2820  3209  2886  1738     0  2789  2284
  2752   765  4962  2178  4475  3104  3414  3482  2562  2136  2006  1398  4625  2419  1718  4284  4874  3010  3470  3591  2520  3758  3774   792  4042  1708  3041  3688  3600  3745  3712  2895  2151  4789  3026  3751  1356  4012  3571     0  3010
  2799  3060  3682  4316  2894   705  1015  3819  2065  4836  3709  4098  3581  1119  4418  2702  3448  3346  2171  2010  5220  1359  4109  3802  2461  4408  2575  1289  2019  2446  2131   496  3854  3208  1728  3902  4056  2221  1990  3021     0
DRONE_EDGE_WEIGHT_SECTION
     0   812  1101  1013  1359   893  1115   405   153  1201   731  1487   934   495   821  1336  1133   287   630  1043  1292  1243   461   807  1180  1302   434  1189  1256   913   694   751   782  1138   659   582   936  1223   641  1123   783
   812     0  1894   499  2171  1623  1862  1185   914   563   139   697  1731   963   314  2147  1936   877  1281  1849   634  1974  1214    20  1990   501  1188  1918  2053  1548  1500  1443   152  1944  1204  1386   288  1999  1443   312  1508
  1101  1894     0  1951   454   893   874   710  1055  2163  1828  2526   168  1316  1818   495   100  1040  1079   466  2253   983   687  1887   407  2360   911   970   637  1146   564   991  1881   153  1252   521  1952   772   629  2199   904
  1013   499  1951     0  2304  1902  2127  1278  1155   215   622   638  1803  1336   222  2296  2014   925  1603  2023   302  2254  1275   481  2140   552  1444  2200  2250  1886  1682  1747   650  2035  1569  1497   218  2232  1639   531  1790
  1359  2171   454  2304     0   800   660  1026  1268  2511  2083  2839   535  1422  2147    76   356  1379  1109   351  2602   716  1033  2166   188  2660  1038   728   310  1058   680   967  2130   309  1283   807  2274   484   744  2482   867
   893  1623   893  1902   800     0   242   801   747  2083  1506  2320   787   711  1702   737   838  1074   364   475  2172   354   868  1624   630  2122   459   299   537   263   408   195  1540   799   516   669  1805   412   386  1925   115
  1115  1862   874  2127   660   242     0   965   975  2312  1746  2559   809   951  1931   587   798  1270   604   409  2402   139  1022  1863   525  2362   686   102   359   437   526   434  1781   749   747   795  2038   197   534  2165   355
   405  1185   710  1278  1026   801   965     0   408  1486  1121  1826   546   767  1125  1018   754   354   707   758  1577  1104    83  1177   863  1655   452  1059   995   935   447   742  1175   768   824   219  1255  1013   431  1490   721
   153   914  1055  1155  1268   747   975   408     0  1337   817  1602   887   383   957  1239  1074   415   477   938  1428  1100   481   912  1084  1412   290  1045  1140   760   590   599   862  1072   516   536  1065  1093   531  1225   636
  1201   563  2163   215  2511  2083  2312  1486  1337     0   701   445  2014  1483   381  2501  2225  1134  1770  2224    91  2436  1486   550  2345   409  1627  2381  2449  2050  1881  1920   711  2246  1721  1704   292  2424  1835   466  1969
   731   139  1828   622  2083  1506  1746  1121   817   701     0   820  1662   833   418  2055  1863   838  1158  1754   773  1855  1158   151  1900   619  1080  1799  1951  1421  1407  1323    60  1869  1073  1312   420  1889  1347   420  1391
  1487   697  2526   638  2839  2320  2559  1826  1602   445   820     0  2369  1653   711  2821  2579  1486  1977  2529   394  2671  1840   695  2664   203  1881  2615  2741  2241  2180  2140   797  2594  1892  2039   574  2693  2127   408  2205
   934  1731   168  1803   535   787   809   546   887  2014  1662  2369     0  1156  1663   555   211   885   935   424  2104   932   530  1723   428  2201   752   910   639  1028   421   862  1715   236  1104   353  1796   744   482  2037   781
   495   963  1316  1336  1422   711   951   767   383  1483   833  1653  1156     0  1117  1375  1311   782   347  1071  1567  1044   846   969  1234  1451   406   989  1218   589   770   517   857  1295   241   834  1192  1119   701  1248   603
   821   314  1818   222  2147  1702  1931  1125   957   381   418   711  1663  1117     0  2133  1874   778  1393  1851   471  2055  1133   294  1977   566  1246  2001  2073  1674  1506  1541   455  1891  1352  1341   138  2044  1459   464  1589
  1336  2147   495  2296    76   737   587  1018  1239  2501  2055  2821   555  1375  2133     0   395  1372  1056   306  2593   640  1032  2143   157  2639   998   653   234   992   648   909  2101   344  1228   799  2259   409   710  2458   809
  1133  1936   100  2014   356   838   798   754  1074  2225  1863  2579   211  1311  1874   395     0  1096  1054   389  2315   901   741  1929   312  2409   905   891   542  1096   545   952  1915    54  1229   551  2007   684   613  2243   861
   287   877  1040   925  1379  1074  1270   354   415  1134   838  1486   885   782   778  1372  1096     0   874  1106  1224  1406   354   867  1217  1323   640  1357  1340  1145   778   966   897  1114   931   573   912  1343   747  1171   975
   630  1281  1079  1603  1109   364   604   707   477  1770  1158  1977   935   347  1393  1056  1054   874     0   760  1857   701   789  1285   925  1777   255   645   882   285   516   170  1188  1028   176   678  1485   774   453  1577   259
  1043  1849   466  2023   351   475   409   758   938  2224  1754  2529   424  1071  1851   306   389  1106   760     0  2316   518   787  1846   165  2344   692   504   241   738   349   625  1799   341   935   544  1974   320   407  2161   526
  1292   634  2253   302  2602  2172  2402  1577  1428    91   773   394  2104  1567   471  2593  2315  1224  1857  2316     0  2526  1576   622  2436   400  1717  2471  2540  2136  1972  2009   779  2336  1805  1795   375  2515  1927   497  2059
  1243  1974   983  2254   716   354   139  1104  1100  2436  1855  2671   932  1044  2055   640   901  1406   701   518  2526     0  1161  1976   609  2473   810    56   406   488   666   533  1888   850   826   934  2159   232   673  2275   468
   461  1214   687  1275  1033   868  1022    83   481  1486  1158  1840   530   846  1133  1032   741   354   789   787  1576  1161     0  1206   880  1674   534  1118  1026  1012   497   819  1214   760   907   243  1266  1057   491  1516   793
   807    20  1887   481  2166  1624  1863  1177   912   550   151   695  1723   969   294  2143  1929   867  1285  1846   622  1976  1206     0  1987   501  1187  1920  2052  1553  1497  1446   169  1938  1210  1380   272  1999  1441   316  1510
  1180  1990   407  2140   188   630   525   863  1084  2345  1900  2664   428  1234  1977   157   312  1217   925   165  2436   609   880  1987     0  2482   850   608   231   892   494   788  1946   257  1100   644  2102   382   557  2302   688
  1302   501  2360   552  2660  2122  2362  1655  1412   409   619   203  2201  1451   566  2639  2409  1323  1777  2344   400  2473  1674   501  2482     0  1688  2417  2552  2039  1995  1942   594  2422  1690  1864   428  2499  1940   204  2008
   434  1188   911  1444  1038   459   686   452   290  1627  1080  1881   752   406  1246   998   905   640   255   692  1717   810   534  1187   850  1688     0   756   873   507   368   326  1121   890   382   449  1353   811   300  1496   349
  1189  1918   970  2200   728   299   102  1059  1045  2381  1799  2615   910   989  2001   653   891  1357   645   504  2471    56  1118  1920   608  2417   756     0   419   437   625   477  1832   841   771   894  2104   246   628  2219   413
  1256  2053   637  2250   310   537   359   995  1140  2449  1951  2741   639  1218  2073   234   542  1340   882   241  2540   406  1026  2052   231  2552   873   419     0   780   568   723  1993   488  1047   784  2192   174   615  2364   626
   913  1548  1146  1886  1058   263   437   935   760  2050  1421  2241  1028   589  1674   992  1096  1145   285   738  2136   488  1012  1553   892  2039   507   437   780     0   621   193  1446  1059   353   852  1763   633   578  1837   248
   694  1500   564  1682   680   408   526   447   590  1881  1407  2180   421   770  1506   648   545   778   516   349  1972   666   497  1497   494  1995   368   625   568   621     0   444  1453   525   688   270  1626   567    69  1812   373
   751  1443   991  1747   967   195   434   742   599  1920  1323  2140   862   517  1541   909   952   966   170   625  2009   533   819  1446   788  1942   326   477   723   193   444     0  1355   920   324   662  1638   607   394  1742   100
   782   152  1881   650  2130  1540  1781  1175   862   711    60   797  1715   857   455  2101  1915   897  1188  1799   779  1888  1214   169  1946   594  1121  1832  1993  1446  1453  1355     0  1920  1096  1364   440  1927  1392   391  1426
  1138  1944   153  2035   309   799   749   768  1072  2246  1869  2594   236  1295  1891   344    54  1114  1028   341  2336   850   760  1938   257  2422   890   841   488  1059   525   920  1920     0  1204   559  2023   631   594  2253   827
   659  1204  1252  1569  1283   516   747   824   516  1721  1073  1892  1104   241  1352  1228  1229   931   176   935  1805   826   907  1210  1100  1690   382   771  1047   353   688   324  1096  1204     0   828  1430   928   623  1487   422
   582  1386   521  1497   807   669   795   219   536  1704  1312  2039   353   834  1341   799   551   573   678   544  1795   934   243  1380   644  1864   449   894   784   852   270   662  1364   559   828     0  1470   817   283  1694   613
   936   288  1952   218  2274  1805  2038  1255  1065   292   420   574  1796  1192   138  2259  2007   912  1485  1974   375  2159  1266   272  2102   428  1353  2104  2192  1763  1626  1638   440  2023  1430  1470     0  2157  1577   344  1691
  1223  1999   772  2232   484   412   197  1013  1093  2424  1889  2693   744  1119  2044   409   684  1343   774   320  2515   232  1057  1999   382  2499   811   246   174   633   567   607  1927   631   928   817  2157     0   597  2306   516
   641  1443   629  1639   744   386   534   431   531  1835  1347  2127   482   701  1459   710   613   747   453   407  1927   673   491  1441   557  1940   300   628   615   578    69   394  1392   594   623   283  1577   597     0  1755   333
  1123   312  2199   531  2482  1925  2165  1490  1225   466   420   408  2037  1248   464  2458  2243  1171  1577  2161   497  2275  1516   316  2302   204  1496  2219  2364  1837  1812  1742   391  2253  1487  1694   344  2306  1755     0  1811
   783  1508   904  1790   867   115   355   721   636  1969  1391  2205   781   603  1589   809   861   975   259   526  2059   468   793  1510   688  2008   349   413   626   248   373   100  1426   827   422   613  1691   516   333  1811     0
DEPOT_SECTION
0
-1
EOF
    