
NAME : CVS-21-3
COMMENT : CVS
TYPE : RDVRP-TW
DIMENSION : 21
CAPACITY : 100
EDGE_WEIGHT_TYPE : EXPLICIT
EDGE_WEIGHT_FORMAT : FULL_MATRIX 
NODE_COORD_SECTION
  0 -78.8465283000 35.7910400000
  1 -78.8468074000 35.7797534000
  2 -78.8366171000 35.7813385000
  3 -78.8454305000 35.7777735000
  4 -78.8562964000 35.7800186000
  5 -78.8435827000 35.8014023000
  6 -78.8346670000 35.7833315000
  7 -78.8493419000 35.8036376000
  8 -78.8324580000 35.7834240000
  9 -78.8358825000 35.7807545000
 10 -78.8631015000 35.7862305000
 11 -78.8352870000 35.7839845000
 12 -78.8616268000 35.7812548000
 13 -78.8553258000 35.7987705000
 14 -78.8456231000 35.7787958000
 15 -78.8414475000 35.7789210000
 16 -78.8465618000 35.7782413000
 17 -78.8554585000 35.7802070000
 18 -78.8418375000 35.7824590000
 19 -78.8403206000 35.8012009000
 20 -78.8436855000 35.7774835000
TIME_WINDOW_SECTION
  0      0  36000
  1  24138  26138
  2  11820  13820
  3  15872  19118
  4  15055  17055
  5  16317  18317
  6  14305  16305
  7  11653  13653
  8  25896  30186
  9      0  31998
 10  12783  14783
 11  20389  22585
 12  12492  20348
 13  26005  28083
 14  28075  30929
 15  22377  26001
 16  16136  18136
 17  24110  27334
 18  22109  24485
 19  23520  27218
 20  16562  20518
DEMAND_SECTION
  0      0
  1      9
  2     23
  3     24
  4     16
  5     29
  6     29
  7     10
  8     26
  9     17
 10     12
 11     10
 12     26
 13     13
 14     25
 15     15
 16     22
 17     15
 18     18
 19     12
 20     26
SERVICE_TIME_SECTION
  0      0
  1   1000
  2   1000
  3   1000
  4   1000
  5   1000
  6   1000
  7   1000
  8   1000
  9   1000
 10   1000
 11   1000
 12   1000
 13   1000
 14   1000
 15   1000
 16   1000
 17   1000
 18   1000
 19   1000
 20   1000
TRUCK_EDGE_WEIGHT_SECTION
     0  2276  3695  2926  3138  2438  3434  2190  3121  3858  2642  3081  3906  3244  2599  2878  2655  3195  2596  3142  2879
  1812     0  1518  1141  2088  3819  1875  3571  2575  1680  3151  1905  4414  4259   815  1092   254  2145   812  4525  1094
  2840  1518     0  1361  3114  4846   799  4598  1499   452  4178   829  5440  5285  1326   895  1598  3171  1136  3801  1314
  2464  1141  1361     0  2738  4470  1719  4221  2419  1525  3801  1749  5065  4909   950   489  1221  2795  1036  5175   489
  2869  2088  3114  2738     0  4694  3471  4446  4171  3278  2271  3501  3534  3121  2411  2689  2466   654  2409  5400  2690
  3471  4318  5345  4969  5180     0  5546   894  5234  5508  4685  5194  5949  2278  4641  4920  4696  5236  4639   919  4921
  3200  1879   841  1722  3475  4981     0  4732  1240  1004  4539   570  5801  5834  1686  1255  1958  3532  1496  3541  1675
  2794  3640  4666  4290  4501   985  4869     0  4555  4830  4008  4516  5270  1600  3964  4241  4019  4559  3961  1682  4242
  2866  2586  1549  2430  4182  4680  1288  4432     0  1711  4932   935  6195  5534  2394  1962  2665  4240  2204  3241  2382
  3002  1680   452  1525  3278  5009   961  4760  1662     0  4340   991  5604  5449  1489  1058  1760  3335  1299  3964  1478
  3116  3109  4136  3760  2229  4195  4492  3946  4879  4299     0  4839  1055  2621  3432  3711  3488  2286  3430  4900  3712
  3225  1904   866  1748  3500  4624   605  4376   882  1029  4876     0  6140  5478  1711  1280  1982  3558  1521  3185  1700
  3724  3716  4742  4368  2836  4802  5100  4554  5485  4906  1055  5446     0  3229  4040  4319  4095  2894  4038  5508  4319
  3761  4001  5029  4652  3121  1806  5836  1559  5522  5191  2628  5484  3890     0  4325  4604  4380  3179  4322  2511  4605
  2136   815  1326   950  2411  4142  1682  3895  2382  1489  3474  1712  4738  4582     0   901   894  2469   836  4848   902
  2415  1092   895   489  2689  4421  1251  4172  1952  1058  3752  1281  5016  4861   901     0  1172  2746   988  4254   440
  2191   254  1598  1221  2466  4198  1954  3950  2654  1760  3530  1984  4792  4638   894  1172     0  2524   891  4904  1174
  2925  2145  3171  2795   654  4751  3529  4504  4229  3335  2328  3559  3591  3179  2469  2746  2524     0  2466  5458  2748
  2134   812  1136  1036  2409  4140  1492  3892  2192  1299  3471  1522  4735  4580   836   988   891  2466     0  4845   989
  2705  5144  3810  4692  6005   919  3550  1720  3236  3974  5511  3198  6774  3104  4656  4225  5522  6062  4466     0  4644
  2416  1094  1314   489  2690  4422  1671  4174  2371  1478  3754  1701  5016  4861   902   440  1174  2748   989  5128     0
DRONE_EDGE_WEIGHT_SECTION
     0  1256  1142  1477  1280  1158   965  1406   997  1212   815   890  1227   918  1363  1362  1425  1251   971  1153  1513
  1256     0   425   227   362  2413   608  2660   679   430   947   641   587  2140   116   224   169   333   355  2399   279
  1142   425     0   520   761  2248   234  2526   280    71  1135   299   947  2060   444   326   512   725   233  2215   506
  1477   227   520     0   484  2631   741  2883   799   492  1154   791   728  2366   114   199    68   468   539  2615    74
  1280   362   761   484     0  2426   897  2642   978   779   737   908   245  2088   428   578   420    38   611  2430   557
  1158  2413  2248  2631  2426     0  2038   323  2042  2316  1833  1963  2339   513  2518  2504  2581  2400  2110   119  2663
   965   608   234   741   897  2038     0  2323    84   291  1114    76  1044  1879   654   554   724   860   287  2000   735
  1406  2660  2526  2883  2642   323  2323     0  2333  2595  2001  2247  2532   583  2769  2767  2829  2618  2373   421  2919
   997   679   280   799   978  2042    84  2333     0   324  1190   123  1127  1905   717   606   787   940   369  2000   787
  1212   430    71   492   779  2316   291  2595   324     0  1192   360   977  2130   430   294   493   745   295  2282   470
   815   947  1135  1154   737  1833  1114  2001  1190  1192     0  1071   557  1425  1058  1153  1087   730   902  1863  1219
   890   641   299   791   908  1963    76  2247   123   360  1071     0  1039  1804   698   610   769   870   299  1925   791
  1227   587   947   728   245  2339  1044  2532  1127   977   557  1039     0  1964   667   809   664   261   760  2355   802
   918  2140  2060  2366  2088   513  1879   583  1905  2130  1425  1804  1964     0  2252  2269  2308  2066  1883   603  2409
  1363   116   444   114   428  2518   654  2769   717   430  1058   698   667  2252     0   160    71   406   432  2502   164
  1362   224   326   199   578  2504   554  2767   606   294  1153   610   809  2269   160     0   209   552   394  2480   181
  1425   169   512    68   420  2581   724  2829   787   493  1087   769   664  2308    71   209     0   403   503  2566   139
  1251   333   725   468    38  2400   860  2618   940   745   730   870   261  2066   406   552   403     0   573  2403   542
   971   355   233   539   611  2110   287  2373   369   295   902   299   760  1883   432   394   503   573     0  2087   558
  1153  2399  2215  2615  2430   119  2000   421  2000  2282  1863  1925  2355   603  2502  2480  2566  2403  2087     0  2643
  1513   279   506    74   557  2663   735  2919   787   470  1219   791   802  2409   164   181   139   542   558  2643     0
DEPOT_SECTION
0
-1
EOF
    