
NAME : CVS-51-6
COMMENT : CVS
TYPE : RDVRP-TW
DIMENSION : 51
CAPACITY : 100
EDGE_WEIGHT_TYPE : EXPLICIT
EDGE_WEIGHT_FORMAT : FULL_MATRIX 
NODE_COORD_SECTION
  0 -78.8465283000 35.7910400000
  1 -78.8368745000 35.7795365000
  2 -78.8630051000 35.7938888000
  3 -78.8511812000 35.7940371000
  4 -78.8384117000 35.7802195000
  5 -78.8582062000 35.7866037000
  6 -78.8345389000 35.7778712000
  7 -78.8504363000 35.7844458000
  8 -78.8371460000 35.7858460000
  9 -78.8343305000 35.7802965000
 10 -78.8403206000 35.8012009000
 11 -78.8458025000 35.7822035000
 12 -78.8471688000 35.7994931000
 13 -78.8478244000 35.7979426000
 14 -78.8603753000 35.7874015000
 15 -78.8378860000 35.7780321000
 16 -78.8498407000 35.7941285000
 17 -78.8536579000 35.7778273000
 18 -78.8434310000 35.7825920000
 19 -78.8387501000 35.8015492000
 20 -78.8331200000 35.7781750000
 21 -78.8319960000 35.7784860000
 22 -78.8386690000 35.7838015000
 23 -78.8455543000 35.7839090000
 24 -78.8551644000 35.7798581000
 25 -78.8407805000 35.7778825000
 26 -78.8406305000 35.7796575000
 27 -78.8383480000 35.7920510000
 28 -78.8435210000 35.7821400000
 29 -78.8384755000 35.7790021000
 30 -78.8371760000 35.7856065000
 31 -78.8338855000 35.7834960000
 32 -78.8398575000 35.7850240000
 33 -78.8543173000 35.7877112000
 34 -78.8473090000 35.8042040000
 35 -78.8429873000 35.7978572000
 36 -78.8469463000 35.7848192000
 37 -78.8528074000 35.8023991000
 38 -78.8567929000 35.8034927000
 39 -78.8473635000 35.7815961000
 40 -78.8553603000 35.7992753000
 41 -78.8485845000 35.7924207000
 42 -78.8536969000 35.7776250000
 43 -78.8391825000 35.7905080000
 44 -78.8341965000 35.7861150000
 45 -78.8534487000 35.8008738000
 46 -78.8466566000 35.7852897000
 47 -78.8583373000 35.7849765000
 48 -78.8343046000 35.7796216000
 49 -78.8539833000 35.7868162000
 50 -78.8355025000 35.7897245000
TIME_WINDOW_SECTION
  0      0  36000
  1  21497  24039
  2   4295   6485
  3      0  32696
  4      0  32415
  5      0  32108
  6   7197   9197
  7   2005   7367
  8      0  31370
  9   6687   8687
 10  19149  21149
 11  29208  31208
 12      0  31515
 13   3514   5514
 14  12380  16106
 15      0  32016
 16  23165  25165
 17      0  31371
 18      0  33041
 19   3811   5811
 20      0  30960
 21  19460  21460
 22  30356  32356
 23      0  33772
 24  21580  24492
 25      0  32295
 26  24133  26133
 27      0  33739
 28  26498  28498
 29  21807  23807
 30   8063  10063
 31  13444  15844
 32   3115   5115
 33  22158  24158
 34      0  32014
 35  21863  23863
 36  14576  19494
 37  21625  23625
 38  15789  21575
 39      0  33549
 40      0  31211
 41  15387  17387
 42      0  31400
 43      0  33475
 44      0  32404
 45  19977  25769
 46  21440  24340
 47  19811  25359
 48      0  31984
 49  10853  14333
 50  27585  29585
DEMAND_SECTION
  0      0
  1     12
  2      9
  3     11
  4     29
  5     14
  6      9
  7     20
  8     28
  9     21
 10     26
 11      8
 12      9
 13     18
 14     30
 15     19
 16     10
 17     24
 18     19
 19     30
 20     16
 21     21
 22      5
 23     22
 24     30
 25      7
 26     20
 27      8
 28     30
 29     13
 30     27
 31     13
 32     25
 33     15
 34      8
 35     22
 36     23
 37     16
 38     17
 39     11
 40     21
 41     14
 42     30
 43     22
 44     12
 45     25
 46      7
 47     19
 48     14
 49     17
 50     26
SERVICE_TIME_SECTION
  0      0
  1   1000
  2   1000
  3   1000
  4   1000
  5   1000
  6   1000
  7   1000
  8   1000
  9   1000
 10   1000
 11   1000
 12   1000
 13   1000
 14   1000
 15   1000
 16   1000
 17   1000
 18   1000
 19   1000
 20   1000
 21   1000
 22   1000
 23   1000
 24   1000
 25   1000
 26   1000
 27   1000
 28   1000
 29   1000
 30   1000
 31   1000
 32   1000
 33   1000
 34   1000
 35   1000
 36   1000
 37   1000
 38   1000
 39   1000
 40   1000
 41   1000
 42   1000
 43   1000
 44   1000
 45   1000
 46   1000
 47   1000
 48   1000
 49   1000
 50   1000
TRUCK_EDGE_WEIGHT_SECTION
     0  3966  3002  1775  3048  3075  4560  1690  3485  3935  3142  2821  2331  2536  2921  3868  1545  3898  2421  3151  4912  4848  3206  2484  3228  3169  2850  1521  2390  3198  3446  3284  3522  2228  2409  2771  2191  2694  3860  1914  3271   940  3870  1785  2851  2228  2222  3298  3871  2041  2074
  3104     0  4801  4448   774  4874  1002  2451  1538   945  4065  2029  5004  5209  4720   310  4218  4139  1628  4216  1354  1289  1258  2531  3469  1250   961  2621  1596   390  1499  1296  1574  3545  5081  3838  2239  5366  6166  1800  5578  3612  4111  2885  1494  4901  2270  5096   882  2936  1872
  3528  4819     0  3944  4292  1528  5412  3174  5654  4786  5311  4066  4500  4705  1374  4719  3714  3400  3666  5320  5764  5699  5374  3728  2730  4412  4095  3689  3635  4441  5615  5452  5690  1979  4578  4940  3436  4862  3649  3158  3060  2629  3372  3952  5019  3460  3466  1750  4722  3659  4242
  2304  4449  3878     0  3922  3951  5042  2565  4431  4418  2752  3696  1941  2146  3796  4350   294  4772  3296  3071  5394  5329  4151  3359  4102  4044  3726  2466  3265  4072  4392  4230  4468  3104  2019  2381  3066  2304  3071  2789  2081  1266  4745  2730  3796  1838  3098  4172  4354  2916  3019
  2585   780  4281  3929     0  4355  1374  1932  1340   749  3868  1509  4485  4690  4201   295  3699  3620  1109  4019  1725  1660  1060  2012  2950   731   442  2424  1078   150  1301  1099  1376  3026  4562  3641  1720  4848  5646  1281  5059  3092  3591  2688  1296  4381  1750  4578   685  2418  1675
  2892  4184  1906  3309  3658     0  4778  2540  5020  4152  4678  3431  3865  4070   429  4085  3079  2766  3031  4685  5129  5064  4740  3094  2096  3779  3460  3055  3000  3808  4981  4819  5056  1344  3944  4305  2801  4228  3015  2524  2426  1994  2738  3319  4385  2825  2832   241  4089  3024  3608
  3638   901  5335  4982  1308  5409     0  2985  2071  1480  4600  2562  5538  5742  5255   844  4751  4674  2162  4750   842   778  1791  3065  4002  1784  1495  3155  2131   924  2032  1830  2108  4080  5616  4372  2774  5900  6700  2334  6111  4146  4645  3419  2028  5435  2804  5630  1416  3470  2406
  1252  2459  3164  2596  1932  3238  3052     0  3019  2426  3964  1706  3151  3356  3084  2360  2365  2501  1306  3972  3404  3339  2739  1369  1831  2054  1735  2341  1275  2082  2980  2778  3055  1694  3230  3592  1076  3515  4271   799  3682  1760  2474  2605  2975  3049  1106  3459  2364   656  2894
  3630  1542  5326  4406  1299  5400  2135  2978     0  1510  3629  2554  4961  5166  5246  1442  4175  4665  2154  3780  2488  2422   401  3056  3995  1775  1486  2185  2122  1524    39   860   491  4071  5040  3401  2765  5325  6538  2326  5950  3618  4636   941  1058  4859  2795  5622  1446  3461  1435
  3079   991  4776  4422   749  4850  1585  2426  1512     0  4040  2004  4979  5184  4695   892  4192  4114  1602  4191  1936  1871  1232  2506  3444  1225   936  2596  1572   972  1474  1271  1549  3520  5058  3814  2214  5341  6141  1775  5552  3588  4086  2860  1469  4876  2245  5071    98  2911  1848
  2705  4082  5870  3346  3839  5944  4676  4558  3601  4050     0  5690  1312  1518  5790  3982  3116  6766  5289   635  5028  4962  3321  5351  6096  4316  4026  1636  5259  4064  3562  3400  3638  5096  1459   929  5060  2224  2991  4781  3020  3259  6738  1900  2966  2776  5090  6166  3988  4910  2189
  2359  2036  4056  3702  1509  4129  2629  1706  2595  2004  5070     0  4259  4464  3975  1936  3472  3394   400  5079  2981  2916  2315  1786  2724  1630  1312  3449   431  1659  2556  2354  2631  2800  4336  4699  1494  4621  5421  1055  4832  2868  3366  3712  2551  4156  1525  4351  1940  2191  2930
  3485  5630  5059  2535  5104  5131  6224  3746  5612  5598  1312  4878     0   326  4978  5531  2305  5954  4478  1631  6575  6510  5332  4540  5284  5225  4906  3648  4446  5254  5574  5411  5649  4285  1128   941  4248  1412  2180  3970  2208  2448  5926  3911  4978  1964  4279  5354  5535  4098  4200
  3690  5835  5264  2740  5309  5338  6429  3951  5818  5804  1518  5082   326     0  5182  5736  2510  6159  4682  1836  6780  6715  5538  4745  5489  5430  5111  3852  4651  5459  5779  5616  5854  4490  1332  1146  4452  1618  2385  4175  2412  2652  6131  4116  5182  2169  4484  5559  5740  4302  4405
  2739  4030  1752  3155  3504   429  4624  2386  4866  3998  4522  3278  3711  3916     0  3931  2925  2612  2878  4531  4975  4910  4586  2940  1942  3625  3306  2901  2846  3654  4828  4665  4902  1190  3789  4151  2648  4074  2860  2370  2272  1840  2584  3165  4231  2671  2679   492  3935  2870  3454
  2984   248  4681  4328   654  4754   840  2331  1418   826  3945  1909  4884  5089  4600     0  4098  4019  1508  4096  1192  1128  1138  2411  3349  1130   841  2501  1478   229  1379  1176  1454  3425  4961  3718  2119  5246  6046  1680  5458  3492  3991  2765  1374  4781  2150  4976   762  2816  1752
  2074  4219  3646   294  3692  3720  4812  2335  4201  4186  2522  3466  1710  1916  3566  4120     0  4542  3066  2841  5164  5099  3921  3129  3872  3814  3495  2236  3035  3842  4162  4000  4238  2872  1789  2151  2836  2074  2841  2559  1851  1035  4515  2500  3566  1608  2868  3942  4124  2686  2789
  3629  4146  3390  4792  3620  3464  4740  2501  4706  4114  6160  3394  5349  5554  3310  4048  4562     0  2994  6169  5091  5026  4426  3056   854  3741  3422  4538  2962  3770  4668  4465  4742  2828  5426  5789  2764  5711  4498  2486  3910  3478    29  4801  4662  4309  2795  3685  4051  2986  5091
  1959  1635  3655  3302  1109  3729  2229  1306  2195  1602  4670   400  3859  4064  3575  1536  3072  2994     0  4679  2580  2515  1915  1386  2324  1230   911  3048    31  1259  2156  1954  2231  2400  3936  4299  1094  4221  5020   655  4432  2466  2965  3311  2151  3755  1124  3951  1540  1791  2530
  2856  4234  5282  3665  3990  5355  4826  3970  3752  4201   635  5101  1631  1836  5201  4134  3435  6178  4701     0  5179  5114  3472  4764  5508  4466  4178  1788  4670  4215  3714  3550  3789  4508  1818  1262  4471  2542  3310  4194  3339  3578  6150  2051  3118  3095  4502  5578  4138  4321  2340
  4040  1302  5736  5384  1709  5810   830  3388  2472  1881  5001  2964  5939  6144  5656  1245  5152  5075  2564  5151     0   112  2192  3466  4405  2185  1896  3556  2532  1325  2434  2231  2509  4481  6018  4774  3175  6302  7101  2736  6514  4548  5046  3820  2429  5836  3205  6032  1818  3871  2808
  3975  1238  5671  5319  1644  5745   765  3322  2408  1816  4936  2899  5874  6080  5591  1180  5089  5010  2499  5086   112     0  2128  3401  4340  2120  1831  3491  2468  1261  2369  2166  2444  4416  5952  4709  3110  6238  7036  2671  6449  4482  4981  3755  2364  5771  3140  5968  1752  3806  2742
  3350  1262  5046  4126  1019  5120  1856  2698   401  1230  3349  2274  4682  4888  4966  1162  3896  4385  1874  3500  2208  2142     0  2778  3715  1496  1206  1905  1842  1244   362   580   438  3791  4760  3121  2485  5045  6258  2046  5670  3338  4356  1000   778  4579  2515  5342  1168  3182  1156
  1228  2859  3431  2571  2332  3505  3452   975  3419  2828  3939  2106  3128  3332  3351  2760  2341  3349  1706  3948  3804  3739  3139     0  2679  2454  2135  2316  1675  2482  3380  3178  3455  1669  3205  3568   292  3490  4289  1199  3701  1735  3321  2580  3375  3024   261  3726  2764  1326  2870
  2959  3476  2720  4122  2950  2794  4070  1831  4036  3444  5490  2724  4679  4884  2640  3378  3892   854  2324  5499  4421  4356  3756  2386     0  3071  2752  3868  2292  3100  3998  3795  4072  2158  4756  5119  2094  5041  3828  1816  3240  2808   826  4131  3992  3639  2124  3015  3381  2316  4421
  2705  1258  4402  4050   731  4476  1851  2054  1816  1225  4345  1630  4605  4810  4322  1158  3819  3741  1230  4495  2202  2138  1536  2132  3071     0   408  2900  1199   880  1778  1575  1852  3148  4684  5045  1841  4968  5768  1402  5179  3214  3712  3165  1772  4502  1871  4698  1162  2538  2151
  2388   969  4085  3731   442  4158  1561  1735  1528   936  4056  1312  4288  4492  4004   869  3501  3422   911  4206  1914  1849  1248  1815  2752   408     0  2611   881   591  1489  1286  1564  2829  4365  3829  1522  4650  5450  1084  4861  2896  3395  2875  1484  4185  1554  4380   872  2220  1862
  1261  2602  3688  2414  2359  3760  3196  2375  2121  2570  1636  3506  2969  3174  3606  2504  2182  4582  3106  1788  3548  3482  1841  3169  3912  2836  2548     0  3075  2584  2082  1920  2158  2912  3048  1409  2876  3331  4545  2599  3958  1625  4555   264  1486  2866  2908  3982  2508  2726   709
  1928  1604  3624  3271  1078  3698  2198  1275  2164  1572  4639   431  3828  4032  3544  1505  3041  2962    31  4648  2549  2484  1884  1355  2292  1199   881  3016     0  1228  2125  1922  2200  2369  3905  4268  1062  4190  4989   624  4401  2435  2934  3280  2120  3724  1092  3920  1509  1760  2499
  2734   392  4431  4079   150  4505   985  2082  1562   971  4090  1659  4634  4839  4351   145  3848  3770  1259  4241  1338  1272  1282  2161  3100   880   591  2646  1228     0  1524  1321  1599  3176  4712  3864  1870  4998  5796  1431  5208  3242  3741  2910  1519  4531  1900  4726   908  2566  1898
  3591  1504  5288  4368  1260  5361  2096  2939    39  1471  3590  2515  4922  5128  5208  1404  4136  4626  2115  3741  2449  2384   362  3018  3956  1736  1448  2146  2084  1485     0   821   452  4032  5001  3362  2726  5286  6499  2288  5911  3579  4598   980  1019  4820  2756  5584  1408  3422  1396
  3429  1341  5439  4165  1098  5512  1934  2776   860  1309  3388  2352  4720  4925  5358  1241  3934  4464  1952  3539  2286  2221   580  2855  3794  1574  1285  1944  1921  1322   821     0   896  4665  4799  3160  2564  5084  6296  2125  5709  3376  4435  2208   816  4618  2594  5734  1245  3260  1194
  3666  1579  5362  4442  1335  5436  2172  3014   491  1546  3665  2590  4998  5204  5282  1479  4212  4701  2190  3816  2524  2459   438  3094  4031  1812  1522  1099  2159  1560   452   896     0  4108  5076  3438  2801  5361  6574  2362  5986  3654  4672   835  1094  4895  2831  5659  1484  3499  1472
  2199  4344  2974  2616  3818  3048  4938  2460  4326  4312  3984  3592  3171  3376  2894  4245  2385  3869  3191  3992  5289  5224  4046  3254  3199  3939  3621  2361  3160  3968  4288  4125  4362     0  3250  3612  2961  3534  3831  2684  3244  1300  3841  2625  3691  3069  2992  3269  4249  2811  2914
  2986  5131  4559  2035  4605  4632  5724  3246  5112  5099  1444  4379  1045  1250  4479  5031  1805  5455  3978  1802  6076  6011  4832  4040  4785  4725  4408  3148  3948  4754  5074  4911  5149  3785     0  1294  3749   912  1680  3470  1709  1948  5426  3411  4478  1465  3779  4855  5035  3599  3701
  3925  3855  5499  2975  3611  5572  4449  4186  3374  3822   929  5319   941  1146  5419  3756  2745  6394  4918  1262  4800  4735  3094  4980  5724  4089  3800  1409  4886  3836  3335  3172  3410  4725  1294     0  4689  1852  2620  4410  2648  2888  6366  1672  2739  2404  4719  5794  3760  4538  1961
   935  2568  3139  2279  2041  3212  3160   682  3126  2535  3646  1815  2835  3040  3059  2468  2049  3058  1414  3655  3512  3448  2846   292  2388  2161  1844  2025  1384  2190  3088  2885  3162  1376  2912  3275     0  3198  3998   906  3409  1444  3029  2289  3082  2732    30  3435  2471  1035  2578
  3185  5330  4758  2235  4804  4831  5924  3446  5312  5298  2075  4578  1794  1999  4678  5231  2004  5654  4178  2432  6275  6210  5032  4240  4984  4925  4606  3348  4146  4954  5274  5111  5349  3984   891  2234  3948     0  1699  3670  1908  2148  5626  3611  4678  1664  3979  5054  5235  3798  3900
  4376  5916  3602  3042  5390  3675  6509  4271  6504  5884  2882  5164  2601  2806  3521  5816  2812  4498  4762  3241  6861  6796  6224  4825  3828  5510  5192  4539  4731  5539  6465  6302  6540  2828  1699  3041  4534  1705     0  4255  1270  3054  4470  4802  5869  1669  4564  3898  5820  4989  5091
  1451  1808  3148  2795  1281  3221  2401   799  2366  1775  4162  1055  3350  3556  3068  1708  2565  2486   655  4171  2752  2688  2088   878  1816  1402  1084  2540   624  1431  2329  2126  2404  1892  3429  3791   586  3714  4512     0  3925  1959  2458  2804  2324  3248   616  3444  1712  1282  3092
  3789  5328  3014  2058  4801  3088  5921  3682  5915  5295  2428  4575  1616  1821  2934  5229  1828  3910  4175  2746  6272  6208  5636  4238  3240  4922  4604  3951  4144  4951  5876  5714  5952  2240  1694  2056  3945  1979  1270  3668     0  2466  3881  4215  5281   399  3976  3310  5232  4401  4504
  1582  3729  2605  1311  3201  2679  4321  1844  3710  3696  2679  2976  1868  2072  2524  3629  1081  3500  2575  2998  4674  4609  3430  2638  2830  3322  3005  1745  2544  3351  3671  3509  3746  1831  1945  2308  2346  2230  2994  2068  2406     0  3472  2009  3075  1764  2376  2900  3632  2196  2298
  3600  4119  3361  4764  3591  3435  4711  2474  4678  4086  6132  3366  5320  5525  3281  4019  4534    29  2965  6140  5064  4999  4398  3028   826  3712  3395  4510  2934  3741  4639  4436  4714  2799  5399  5760  2736  5682  4470  2458  3881  3449     0  4774  4634  4281  2766  3658  4022  2959  5062
  1525  2866  3951  2678  2622  4024  3460  2639   941  2834  1900  3770  3232  3438  3870  2768  2446  4846  3370  2051  3811  3746  1000  3432  4176  3100  2811   264  3339  2848   980  2184   835  3178  3311  1672  3140  3595  4809  2862  4221  1889  4819     0  1750  3130  3171  4246  2771  2990   972
  2596  1550  5021  3748  1308  5095  2144  2985  1069  1519  2971  2562  4304  4509  4941  1451  3518  4674  2162  3121  2495  2431   790  3065  4002  1784  1495  1526  2131  1531  1030   868  1106  4248  4381  2744  2774  4666  5880  2334  5291  2959  4645  1790     0  4200  2804  5318  1455  3470   778
  2752  4898  3401  1802  4371  3475  5491  3014  4880  4865  2172  4145  1361  1566  3321  4799  1572  4298  3745  2491  5842  5778  4600  3808  3628  4492  4174  2915  3714  4521  4841  4679  4916  2628  1439  1801  3515  1724  1658  3238   388  1715  4269  3179  4245     0  3546  3698  4802  3365  3468
   965  2598  3169  2310  2071  3242  3191   714  3156  2565  3678  1845  2865  3070  3089  2498  2079  3088  1445  3686  3542  3478  2878   261  2418  2191  1874  2055  1414  2221  3118  2916  3194  1408  2944  3306    30  3228  4028   938  3439  1474  3059  2319  3112  2762     0  3465  2502  1065  2608
  3115  4406  2129  3531  3880   241  5000  2761  5241  4374  4899  3654  4088  4292   492  4306  3301  2989  3254  4908  5351  5286  4961  3316  2318  4000  3682  3276  3222  4029  5202  5040  5278  1566  4165  4528  3024  4450  3236  2746  2649  2216  2960  3540  4608  3048  3054     0  4311  3246  3830
  3016   929  4712  4360   685  4786  1522  2364  1449    98  3978  1940  4916  5121  4632   829  4130  4051  1540  4129  1874  1809  1169  2444  3381  1162   872  2534  1509   910  1410  1208  1485  3458  4994  3750  2151  5279  6078  1712  5490  3524  4022  2798  1405  4812  2181  5009     0  2848  1784
  1604  2944  3648  2948  2418  3721  3538   656  3502  2911  4315  2191  3504  3709  3568  2844  2718  2986  1791  4324  3889  3824  3222  1852  2316  2538  2220  2694  1760  2566  3464  3261  3539  2045  3581  3944  1561  3866  4665  1282  4078  2112  2959  2958  3459  3400  1591  3944  2848     0  3246
  1819  1894  4244  2970  1650  4318  2486  2932  1412  1861  2194  2905  3526  3731  4164  1794  2740  5140  2505  2344  2839  2774  1132  3408  4470  2126  1838   749  2474  1875  1374  1211  1449  3470  3604  1966  3116  3889  5102  2678  4514  2181  5111  1012   778  3424  3146  4540  1798  3284     0
DRONE_EDGE_WEIGHT_SECTION
     0  1331   683   375  1242   657  1533   748   675  1280  1153   984   941   770   653  1484   365  1495   947  1203  1518  1500   857   795  1286  1480  1286   321   997  1374   697   963   714   469  1466   770   693  1285  1435  1052   971   171  1517   277   714  1123   640   805  1351   545   432
  1331     0  1871  1700    96  1125   206   749   702   128  2415   450  2254  2089  1244   172  1695   668   421  2451   208   220   480   587   696   237   143  1394   384    85   676   455   621  1122  2773  2052   700  2612  2765   459  2301  1499   676  1224   739  2453   739  1012    98  1035  1135
   683  1871     0   432  1776   830  2076  1150  1310  1852  1155  1449   848   713   729  1999   482  1822  1452  1223  2075  2069  1440  1285  1589  1966  1790   926  1495  1893  1327  1582  1307   759  1280   851  1172  1016  1092  1487   661   553  1844   952  1372   851  1132  1007  1915   855  1112
   375  1700   432     0  1610   867  1904  1068  1049  1653   889  1332   625   452   813  1850    50  1807  1306   949  1890  1873  1230  1147  1585  1840  1648   519  1355  1739  1072  1337  1087   714  1140   519  1038   933  1072  1392   602   203  1829   590  1082   765   988  1043  1724   810   750
  1242    96  1776  1610     0  1030   300   654   628   155  2337   357  2170  2003  1149   244  1606   639   325  2374   304   311   399   491   638   275   105  1317   288   136   601   403   538  1026  2690  1971   605  2525  2677   372  2212  1410   650  1146   675  2365   644   919   170   939  1064
   657  1125   830   867  1030     0  1320   377   791  1140  1751   676  1491  1318   120  1224   893   992   712  1809  1333  1339   795   561   760  1173  1018   953   742  1127   793   975   708   190  1999  1372   466  1769  1881   690  1414   739  1014   829   898  1598   456   181  1189   159   912
  1533   206  2076  1904   300  1320     0   948   893   270  2606   645  2452  2288  1440   129  1898   731   625  2640    64   119   678   791   817   239   306  1585   585   196   867   627   821  1325  2969  2247   905  2812  2968   640  2505  1703   733  1417   918  2654   944  1199   195  1237  1320
   748   749  1150  1068   654   377   948     0   522   763  1902   305  1679  1505   496   858  1078   747   335  1951   958   963   448   193   541   817   649   958   366   756   513   631   402   391  2202  1518   137  2000  2133   338  1661   890   769   794   636  1832   170   302   812   295   809
   675   702  1310  1049   628   791   893   522     0   627  1713   520  1563  1403   884   870  1034  1089   432  1749   867   842   235   382   952   897   701   692   477   763    27   289   137   673  2077  1354   384  1929  2091   609  1637   846  1109   524   114  1776   361   799   701   638   436
  1280   128  1852  1653   155  1140   270   763   627     0  2337   483  2189  2027  1259   286  1644   786   429  2371   241   220   423   584   793   364   250  1317   404   214   601   357   566  1116  2704  1981   693  2553  2711   515  2251  1451   796  1151   648  2397   724  1045    75  1036  1050
  1153  2415  1155   889  2337  1751  2606  1902  1713  2337     0  2124   311   452  1701  2581   859  2648  2075    68  2577  2547  1938  1934  2438  2596  2398  1021  2125  2472  1740  1985  1801  1586   417   384  1840   465   640  2198   580  1022  2671  1191  1694   471  1786  1923  2412  1677  1289
   984   450  1449  1332   357   676   645   305   520   483  2124     0  1925  1754   796   553  1336   571    99  2169   658   668   322   190   440   517   345  1131    86   452   499   472   385   691  2450  1746   294  2263  2404    90  1933  1142   591   957   616  2097   345   564   522   598   921
   941  2254   848   625  2170  1491  2452  1679  1563  2189   311  1925     0   174  1430  2414   605  2424  1886   379  2429  2405  1774  1736  2206  2417  2221   888  1936  2304  1589  1847  1633  1337   524   236  1633   381   563  1992   296   789  2446  1042  1563   273  1581  1667  2263  1433  1168
   770  2089   713   452  2003  1318  2288  1505  1403  2027   452  1754   174     0  1260  2247   431  2250  1716   517  2267  2244  1610  1564  2031  2248  2053   741  1766  2137  1428  1688  1468  1164   697   175  1461   527   696  1820   309   615  2272   886  1409   384  1409  1494  2100  1259  1020
   653  1244   729   813  1149   120  1440   496   884  1259  1701   796  1430  1260     0  1344   844  1095   831  1761  1453  1459   905   677   862  1292  1138   965   862  1247   888  1082   811   228  1930  1327   578  1692  1796   810  1334   709  1117   858   987  1521   563   280  1308   247   958
  1484   172  1999  1850   244  1224   129   858   870   286  2581   553  2414  2247  1344     0  1847   603   550  2618   183   230   643   716   689   112   209  1561   505   110   844   627   782  1243  2934  2215   830  2768  2919   536  2452  1651   606  1390   910  2607   873  1094   223  1151  1305
   365  1695   482    50  1606   893  1898  1078  1034  1644   859  1336   605   431   844  1847     0  1820  1306   918  1882  1864  1222  1149  1601  1840  1647   480  1355  1736  1058  1323  1079   733  1125   484  1042   927  1072  1398   607   196  1843   562  1063   762   991  1066  1716   828   720
  1495   668  1822  1807   639   992   731   747  1089   786  2648   571  2424  2250  1095   603  1820     0   657  2698   786   830   875   743   233   492   537  1684   615   594  1067   980   956  1101  2945  2265   819  2735  2859   483  2388  1636    23  1513  1180  2565   872   815   764  1001  1490
   947   421  1452  1306   325   712   625   335   432   429  2075    99  1886  1716   831   550  1306   657     0  2117   628   630   224   167   539   534   343  1070    50   442   410   373   302   701  2410  1699   281  2232  2377   185  1908  1111   677   895   523  2068   324   620   478   615   847
  1203  2451  1223   949  2374  1809  2640  1951  1749  2371    68  2169   379   517  1761  2618   918  2698  2117     0  2610  2579  1976  1979  2489  2636  2438  1057  2168  2510  1776  2018  1840  1642   424   438  1886   510   678  2244   647  1077  2720  1229  1726   531  1833  1979  2446  1732  1322
  1518   208  2075  1890   304  1333    64   958   867   241  2577   658  2429  2267  1453   183  1882   786   628  2610     0    55   661   793   860   294   330  1557   592   224   841   593   804  1328  2944  2221   906  2793  2950   662  2489  1688   789  1392   885  2636   943  1218   167  1243  1289
  1500   220  2069  1873   311  1339   119   963   842   220  2547   668  2405  2244  1459   230  1864   830   630  2579    55     0   643   792   895   342   354  1529   597   254   816   562   786  1327  2918  2195   904  2770  2930   679  2471  1671   834  1365   853  2615   938  1230   154  1244  1258
   857   480  1440  1230   399   795   678   448   235   423  1938   322  1774  1610   905   643  1222   875   224  1976   661   643     0   259   763   664   467   918   260   534   209   183   143   729  2293  1573   331  2134  2290   410  1829  1028   893   747   307  1976   342   750   494   664   670
   795   587  1285  1147   491   561   791   193   382   584  1934   190  1736  1564   677   716  1149   743   167  1979   793   792   259     0   579   695   509   945   211   608   367   441   247   535  2260  1556   114  2075  2218   266  1748   954   765   772   491  1911   159   494   639   452   748
  1286   696  1589  1585   638   760   817   541   952   793  2438   440  2206  2031   862   689  1601   233   539  2489   860   895   763   579     0   591   553  1496   509   642   932   901   815   875  2725  2054   633  2511  2632   353  2161  1420   255  1328  1053  2340   685   582   794   776  1323
  1480   237  1966  1840   275  1173   239   817   897   364  2596   517  2417  2248  1292   112  1840   492   534  2636   294   342   664   695   591     0   198  1580   485   153   871   677   796  1207  2940  2225   807  2765  2911   483  2442  1645   495  1407   950  2602   854  1032   314  1112  1333
  1286   143  1790  1648   105  1018   306   649   701   250  2398   345  2221  2053  1138   209  1647   537   343  2438   330   354   467   509   553   198     0  1382   297   110   675   498   598  1034  2743  2028   622  2571  2719   334  2251  1451   547  1209   759  2409   667   893   241   942  1137
   321  1394   926   519  1317   953  1585   958   692  1317  1021  1131   888   741   965  1561   480  1684  1070  1057  1557  1529   918   945  1496  1580  1382     0  1120  1453   719   967   784   763  1391   668   866  1265  1437  1211  1014   378  1706   174   678  1124   813  1082  1392   821   279
   997   384  1495  1355   288   742   585   366   477   404  2125    86  1936  1766   862   505  1355   615    50  2168   592   597   260   211   509   485   297  1120     0   398   454   393   349   740  2460  1750   325  2281  2426   157  1957  1160   634   945   564  2117   370   641   448   652   896
  1374    85  1893  1739   136  1127   196   756   763   214  2472   452  2304  2137  1247   110  1736   594   442  2510   224   254   534   608   642   153   110  1453   398     0   737   530   672  1138  2824  2106   722  2657  2808   444  2342  1541   601  1281   808  2497   765  1003   173  1048  1199
   697   676  1327  1072   601   793   867   513    27   601  1740   499  1589  1428   888   844  1058  1067   410  1776   841   816   209   367   932   871   675   719   454   737     0   265   120   681  2103  1380   376  1954  2116   588  1661   868  1086   551   125  1801   357   795   675   642   463
   963   455  1582  1337   403   975   627   631   289   357  1985   472  1847  1688  1082   627  1323   980   373  2018   593   562   183   441   901   677   498   967   393   530   265     0   281   897  2357  1633   512  2215  2378   551  1926  1134   996   805   292  2063   519   933   432   839   696
   714   621  1307  1087   538   708   821   402   137   566  1801   385  1633  1468   811   782  1079   956   302  1840   804   786   143   247   815   796   598   784   349   672   120   281     0   617  2152  1433   267  1991  2147   475  1685   885   976   611   244  1833   256   692   637   564   548
   469  1122   759   714  1026   190  1325   391   673  1116  1586   691  1337  1164   228  1243   733  1101   701  1642  1328  1327   729   535   875  1207  1034   763   740  1138   681   897   617     0  1853  1203   424  1636  1759   729  1288   565  1123   641   771  1466   393   339  1174   100   733
  1466  2773  1280  1140  2690  1999  2969  2202  2077  2704   417  2450   524   697  1930  2934  1125  2945  2410   424  2944  2918  2293  2260  2725  2940  2743  1391  2460  2824  2103  2357  2152  1853     0   723  2158   280   346  2517   619  1312  2968  1553  2069   430  2106  2178  2778  1951  1668
   770  2052   851   519  1971  1372  2247  1518  1354  1981   384  1746   236   175  1327  2215   484  2265  1699   438  2221  2195  1573  1556  2054  2225  2028   668  1750  2106  1380  1633  1433  1203   723     0  1459   616   799  1817   473   639  2287   830  1346   504  1405  1541  2055  1294   946
   693   700  1172  1038   605   466   905   137   384   693  1840   294  1633  1461   578   830  1042   819   281  1886   906   904   331   114   633   807   622   866   325   722   376   512   267   424  2158  1459     0  1969  2110   359  1639   848   841   696   498  1803    53   427   750   344   693
  1285  2612  1016   933  2525  1769  2812  2000  1929  2553   465  2263   381   527  1692  2768   927  2735  2232   510  2793  2770  2134  2075  2511  2765  2571  1265  2281  2657  1954  2215  1991  1636   280   616  1969     0   187  2324   360  1121  2758  1413  1936   171  1918  1950  2625  1735  1544
  1435  2765  1092  1072  2677  1881  2968  2133  2091  2711   640  2404   563   696  1796  2919  1072  2859  2377   678  2950  2930  2290  2218  2632  2911  2719  1437  2426  2808  2116  2378  2147  1759   346   799  2110   187     0  2462   472  1268  2882  1580  2102   315  2060  2062  2783  1859  1716
  1052   459  1487  1392   372   690   640   338   609   515  2198    90  1992  1820   810   536  1398   483   185  2244   662   679   410   266   353   483   334  1211   157   444   588   551   475   729  2517  1817   359  2324  2462     0  1990  1206   503  1038   706  2158   412   559   542   632  1008
   971  2301   661   602  2212  1414  2505  1661  1637  2251   580  1933   296   309  1334  2452   607  2388  1908   647  2489  2471  1829  1748  2161  2442  2251  1014  1957  2342  1661  1926  1685  1288   619   473  1639   360   472  1990     0   802  2411  1140  1658   191  1589  1595  2322  1388  1286
   171  1499   553   203  1410   739  1703   890   846  1451  1022  1142   789   615   709  1651   196  1636  1111  1077  1688  1671  1028   954  1420  1645  1451   378  1160  1541   868  1134   885   565  1312   639   848  1121  1268  1206   802     0  1658   406   881   957   797   904  1521   655   568
  1517   676  1844  1829   650  1014   733   769  1109   796  2671   591  2446  2272  1117   606  1843    23   677  2720   789   834   893   765   255   495   547  1706   634   601  1086   996   976  1123  2968  2287   841  2758  2882   503  2411  1658     0  1534  1198  2588   894   837   772  1023  1511
   277  1224   952   590  1146   829  1417   794   524  1151  1191   957  1042   886   858  1390   562  1513   895  1229  1392  1365   747   772  1328  1407  1209   174   945  1281   551   805   611   641  1553   830   696  1413  1580  1038  1140   406  1534     0   523  1265   644   941  1226   686   161
   714   739  1372  1082   675   898   918   636   114   648  1694   616  1563  1409   987   910  1063  1180   523  1726   885   853   307   491  1053   950   759   678   564   808   125   292   244   771  2069  1346   498  1936  2102   706  1658   881  1198   523     0  1787   475   912   723   742   405
  1123  2453   851   765  2365  1598  2654  1832  1776  2397   471  2097   273   384  1521  2607   762  2565  2068   531  2636  2615  1976  1911  2340  2602  2409  1124  2117  2497  1801  2063  1833  1466   430   504  1803   171   315  2158   191   957  2588  1265  1787     0  1753  1779  2469  1565  1402
   640   739  1132   988   644   456   944   170   361   724  1786   345  1581  1409   563   873   991   872   324  1833   943   938   342   159   685   854   667   813   370   765   357   519   256   393  2106  1405    53  1918  2060   412  1589   797   894   644   475  1753     0   439   784   322   645
   805  1012  1007  1043   919   181  1199   302   799  1045  1923   564  1667  1494   280  1094  1066   815   620  1979  1218  1230   750   494   582  1032   893  1082   641  1003   795   933   692   339  2178  1541   427  1950  2062   559  1595   904   837   941   912  1779   439     0  1086   262  1001
  1351    98  1915  1724   170  1189   195   812   701    75  2412   522  2263  2100  1308   223  1716   764   478  2446   167   154   494   639   794   314   241  1392   448   173   675   432   637  1174  2778  2055   750  2625  2783   542  2322  1521   772  1226   723  2469   784  1086     0  1091  1126
   545  1035   855   810   939   159  1237   295   638  1036  1677   598  1433  1259   247  1151   828  1001   615  1732  1243  1244   664   452   776  1112   942   821   652  1048   642   839   564   100  1951  1294   344  1735  1859   632  1388   655  1023   686   742  1565   322   262  1091     0   759
   432  1135  1112   750  1064   912  1320   809   436  1050  1289   921  1168  1020   958  1305   720  1490   847  1322  1289  1258   670   748  1323  1333  1137   279   896  1199   463   696   548   733  1668   946   693  1544  1716  1008  1286   568  1511   161   405  1402   645  1001  1126   759     0
DEPOT_SECTION
0
-1
EOF
    