
NAME : CVS-41-1
COMMENT : CVS
TYPE : RDVRP-TW
DIMENSION : 41
CAPACITY : 100
EDGE_WEIGHT_TYPE : EXPLICIT
EDGE_WEIGHT_FORMAT : FULL_MATRIX 
NODE_COORD_SECTION
  0 -78.8465283000 35.7910400000
  1 -78.8569526000 35.7783743000
  2 -78.8398210000 35.7781520000
  3 -78.8631864000 35.7838005000
  4 -78.8440815000 35.7791928000
  5 -78.8488749000 35.7927892000
  6 -78.8511606000 35.7796608000
  7 -78.8551438000 35.7985965000
  8 -78.8493322000 35.8010378000
  9 -78.8347805000 35.7892985000
 10 -78.8440974000 35.8004793000
 11 -78.8547046000 35.7798261000
 12 -78.8485845000 35.7924207000
 13 -78.8486037000 35.7942459000
 14 -78.8603393000 35.7839479000
 15 -78.8375235000 35.8005388000
 16 -78.8447721000 35.8037756000
 17 -78.8349795000 35.7843660000
 18 -78.8504851000 35.7799204000
 19 -78.8415290000 35.7887945000
 20 -78.8533115000 35.7999222000
 21 -78.8389224000 35.7792609000
 22 -78.8424215000 35.7815185000
 23 -78.8606235000 35.7793387000
 24 -78.8357105000 35.7818020000
 25 -78.8461152000 35.7859031000
 26 -78.8416436000 35.8028704000
 27 -78.8607018000 35.7860946000
 28 -78.8592857000 35.7862109000
 29 -78.8606772000 35.7883512000
 30 -78.8342455000 35.7895815000
 31 -78.8447150000 35.7776410000
 32 -78.8493632000 35.7880703000
 33 -78.8482239000 35.8004354000
 34 -78.8394740000 35.7854560000
 35 -78.8541666000 35.7788999000
 36 -78.8398516000 35.8020032000
 37 -78.8425225000 35.7806566000
 38 -78.8607538000 35.7881309000
 39 -78.8299370000 35.7797965000
 40 -78.8508969000 35.7818797000
TIME_WINDOW_SECTION
  0      0  36000
  1  13533  17125
  2      0  32424
  3  17861  19861
  4  27916  31234
  5  22726  24726
  6  12806  14806
  7      0  31191
  8   2345   4897
  9      0  33108
 10  28484  30484
 11   9573  12033
 12   5446   9648
 13  29050  31050
 14      0  31796
 15  22438  24438
 16      0  31584
 17      0  31732
 18   7569   9569
 19  15822  17822
 20      0  32075
 21  28630  31740
 22      0  32682
 23      0  31869
 24   6409   9409
 25  22404  24404
 26  28261  30261
 27      0  32100
 28      0  32124
 29      0  32395
 30      0  31966
 31  17306  21104
 32  18571  20571
 33  16720  18720
 34      0  31388
 35      0  31255
 36      0  30988
 37      0  32701
 38      0  32395
 39      0  30188
 40      0  33088
DEMAND_SECTION
  0      0
  1     16
  2      9
  3     16
  4     14
  5      8
  6     27
  7     11
  8     22
  9     23
 10     10
 11     22
 12     10
 13      7
 14     28
 15     19
 16     20
 17     25
 18     11
 19      8
 20     29
 21      7
 22     10
 23     16
 24      7
 25     22
 26     29
 27     15
 28     22
 29      9
 30     23
 31      9
 32     24
 33     14
 34     24
 35     11
 36     25
 37      9
 38     19
 39      5
 40     30
SERVICE_TIME_SECTION
  0      0
  1   1000
  2   1000
  3   1000
  4   1000
  5   1000
  6   1000
  7   1000
  8   1000
  9   1000
 10   1000
 11   1000
 12   1000
 13   1000
 14   1000
 15   1000
 16   1000
 17   1000
 18   1000
 19   1000
 20   1000
 21   1000
 22   1000
 23   1000
 24   1000
 25   1000
 26   1000
 27   1000
 28   1000
 29   1000
 30   1000
 31   1000
 32   1000
 33   1000
 34   1000
 35   1000
 36   1000
 37   1000
 38   1000
 39   1000
 40   1000
TRUCK_EDGE_WEIGHT_SECTION
     0  3429  3039  3280  2584   984  2472  3292  1849  2148  2614  3326   940  1666  3386  2934  2520  3124  2740  2170  2461  3129  2781  3400  3789  1330  2902  3082  3059  2770  3324  2871  1265  2368  3469  4014  3421  2761  2770  5700  2348
  3160     0  3142  3199  2688  3052  2366  3461  4398  4696  5162   379  3009  4215  3306  5482  5069  3835  2634  4719  3952  3232  2885  1129  3500  2524  5451  3001  2979  2689  4666  2975  2910  4916  4220   642  5970  2866  2689  5411  1630
  2576  3142     0  4551  1048  3129  2020  5070  3994  1976  4759  3040  3085  3811  4658  4178  4665  1315  2288  3449  4606   712   676  3114   979  1940  5048  4354  4330  4041  2145   824  2461  4512  1699  3728  4301   658  4041  2890  1895
  3752  3158  4509     0  4054  2898  3732  3306  4242  4541  5008  3054  2854  4060  1396  5328  4914  5518  4000  4564  3798  4599  4251  3129  4866  3654  5296  1505  1736  1448  5718  4341  2755  4761  5862  3742  5815  4231  1448  6778  2996
  2121  2688  1048  4096     0  2674  1565  4615  3539  2402  4302  2584  2630  3356  4202  4624  4210  1740  1832  3860  4151  1138   789  2659  1405  1485  4592  3899  3875  3586  2571   880  2006  4058  2125  3272  5111   770  3586  3316  1440
  1541  3075  3151  2926  2696     0  2585  2470  1342  2331  2108  2972    44  1160  3032  2739  2014  3306  2852  2352  1955  3241  2894  3046  3509  1442  2398  2729  2705  2416  3506  2984   911  1861  3651  3660  2915  2874  2416  5420  2460
  2142  2709  2125  4116  1670  2694     0  4636  3559  3859  4324  2605  2650  3378  4224  4645  4230  2818   662  3880  4172  2215  1866  2680  2482  1505  4614  3919  3896  3606  3649  1956  2028  4078  3202  3294  5131  1848  3606  4394  1461
  3809  3461  4812  3311  4358  2530  4036     0   936  4598  2030  3358  2486  2080  3419  2661  1936  5574  4304  4620   642  4902  4555  3432  5170  3710  2320  3114  3091  2801  5774  4645  2811  1784  5919  4046  2838  4536  2801  7081  3300
  2439  4439  4049  4289  3594  1359  3481   925     0  3228  1329  4335  1400  1379  4396  1960  1235  4204  3750  3250   866  4139  3790  4410  4406  2340  1619  4092  4069  3780  4404  3881  2275  1082  4549  5024  2136  3771  3780  6318  3358
  1892  4746  1952  4596  2378  2302  3350  4609  3118     0  3882  4642  2256  2936  4702  2201  3789   976  3618  1472  3731  1658  2006  4716  1641  2646  4172  4399  4375  4086  1176  2374  2581  3636  1320  5330  2324  1988  4086  3552  3225
  3646  5648  5258  5498  4801  2566  4690  2501  1746  2308     0  5544  2609  2588  5604   920  1032  3284  4958  2330  2359  5346  4999  5618  5614  3548  1416  5300  5276  4988  3484  5089  3482   819  3629  6231  1042  4980  4988  7525  4565
  3056   379  3040  3095  2584  2949  2262  3358  4294  4594  5059     0  2905  4111  3202  5380  4965  3732  2531  4615  3849  3129  2781  1659  3396  2420  5349  2899  2875  2586  4562  2871  2808  4812  4116   964  5866  2762  2586  5308  1526
  1582  3031  3194  2882  2739    44  2626  2426  1385  2372  2149  2929     0  1202  2989  2780  2056  3348  2895  2394  1998  3284  2935  3002  3550  1484  2439  2685  2661  2372  3549  3025   868  1902  3692  3616  2956  2916  2372  5461  2501
  2195  4195  3805  4046  3350  1115  3239  2105  1349  2985  2114  4091  1156     0  4152  2745  2020  3960  3506  3006  1962  3895  3548  4166  4162  2096  2404  3849  3825  3536  4160  3638  2031  1868  4305  4780  2921  3528  3536  6074  3114
  3204  2609  3960  1396  3505  2349  3184  2758  3694  3992  4458  2505  2305  3511     0  4779  4365  4969  3451  4015  3248  4050  3701  2580  4318  3105  4748   461   595   750  5169  3792  2206  4211  5314  3192  5266  3682   750  6229  2448
  2639  5492  4149  5342  4575  3319  4535  3252  2498  2198   920  5389  3360  3339  5449     0  1402  3172  4802  2219  3110  3854  4204  5462  3838  3392   846  5145  5121  4832  3372  4570  3328  1450  3518  6076   475  4185  4832  5749  4410
  3416  5416  5026  5266  4571  2336  4459  2270  1515  4205  1352  5312  2378  2356  5374  1744     0  5181  4728  4228  2128  5116  4768  5388  5384  3318   898  5069  5046  4756  5381  4858  3251  1511  5526  6001  1415  4749  4756  7295  4335
  3268  3834  1314  5555  1739  3261  2711  5568  4078   960  4842  3731  3215  3895  5662  3161  4749     0  2979  2432  4690  1019  1368  3805  1002  2631  5131  5358  5335  5045  1129  1735  3152  4596   681  4419  3284  1349  5045  2914  2586
  2234  2800  2216  4209  1761  2786   490  4728  3651  3950  4416  2698  2742  3469  4315  4736  4322  2909     0  3972  4264  2306  1959  2771  2574  1598  4705  4011  3988  3699  3740  2049  2119  4170  3294  3385  5224  1939  3699  4485  1552
  1910  4764  3385  4614  3810  2320  3806  4626  3135  1432  3900  4660  2274  2954  4720  2219  3806  2409  4074     0  3749  3090  3439  4734  3074  2664  4190  4416  4392  4104  2609  3806  2599  3654   904  5348  2341  3420  4104  4985  3681
  2925  4008  4535  3858  4080  1845  3969   698   866  3714  1815  3904  1886  1865  3964  2446  1721  4690  4236  3736     0  4625  4278  3978  4892  2826  2105  3660  3636  3348  4890  4368  2761  1569  5035  4591  2622  4258  3348  6804  3844
  2666  3232   712  4641  1138  3219  2110  5160  4084  1681  4849  3129  3175  3901  4748  3882  4755  1020  2378  3154  4696     0   766  3204   684  2030  5138  4444  4420  4131  1850  1134  2551  4602  1404  3818  4006   748  4131  2595  1985
  2318  2885   676  4292   789  2870  1761  4812  3735  2031  4500  2781  2826  3552  4399  4232  4406  1369  2030  3504  4349   766     0  2856  1034  1681  4790  4095  4071  3782  2200   785  2204  4254  1754  3470  5308   126  3782  2945  1636
  3131  1129  3114  3170  2659  3024  2338  3432  4369  4668  5132  1659  2980  4186  3276  5454  5040  3806  2605  4690  3922  3204  2856     0  3471  2495  5422  2972  2950  2660  4638  2946  2881  4886  4191  1771  5941  2836  2660  5382  1601
  2934  3500   979  4908  1405  3485  2376  5428  4350  1628  5115  3396  3441  4169  5015  3829  5021   965  2645  3100  4964   684  1034  3471     0  2296  5405  4710  4688  4398  1796  1400  2819  4869  1350  4085  3951  1015  4398  2579  2252
   868  2521  1965  3349  1510  1420  1398  3361  2285  2584  3050  2418  1376  2102  3456  3370  2956  2658  1666  2606  2898  2055  1706  2492  2321     0  3340  3151  3129  2839  3489  1796   752  2804  3041  3106  3858  1688  2839  4232  1274
  3494  5495  5104  5345  4649  2414  4538  2349  1594  4284  1430  5391  2456  2435  5451   846   556  5259  4805  4305  2206  5194  4846  5465  5461  3395     0  5148  5124  4835  5460  4936  3330  1589  5604  6079   518  4828  4835  7372  4412
  2900  2304  3656  1505  3201  2045  2879  2454  3389  3689  4154  2201  2001  3208   461  4475  4060  4665  3148  3710  2944  3746  3398  2275  4012  2800  4444     0   291   445  4865  3488  1902  3908  5009  2889  4961  3379   445  5924  2142
  2876  2281  3632  1640  3178  2021  2856  2430  3366  3665  4131  2178  1978  3184   595  4451  4038  4641  3124  3688  2920  3722  3375  2252  3990  2778  4420   291     0   422  4841  3465  1879  3885  4986  2866  4939  3355   422  5901  2120
  2605  2010  3361  1896  2906  1750  2585  2159  3095  3394  3859  1906  1706  2912   725  4180  3766  4370  2852  3416  2649  3451  3102  1980  3719  2506  4149   421   398     0  4570  3192  1608  3612  4715  2594  4668  3084     0  5630  1848
  3034  4642  2121  5738  2548  3444  3519  5749  4259  1141  5024  4539  3398  4076  5844  3342  4930  1145  3788  2614  4871  1826  2176  4614  1810  3439  5314  5540  5516  5228     0  2542  3722  4778  1490  5228  3465  2158  5228  3722  3395
  2409  2975   824  4382   880  2960  1851  4902  3825  2398  4590  2871  2916  3644  4490  4599  4496  1736  2120  4146  4439  1134   785  2946  1400  1771  4880  4185  4162  3872  2566     0  2294  4344  2120  3560  5398   766  3872  2861  1728
   848  2945  2458  2795  2002   888  1890  2808  2264  2564  3029  2841   844  2082  2901  3350  2935  3150  2159  2585  2878  2548  2199  2915  2814   749  3319  2598  2574  2285  3740  2289     0  2782  3535  3529  3836  2180  2285  4726  1766
  3521  5521  5131  5371  4676  2441  4564  2375  1620  4310   819  5418  2482  2461  5479  1450  1274  5286  4832  4332  2232  5221  4872  5492  5489  3422  1658  5175  5151  4861  5486  4964  3358     0  5631  6106  1572  4854  4861  7400  4440
  3612  4179  1658  5588  2084  3646  3056  5952  4462  1344  5226  4075  3600  4280  5694  3545  5134   681  3324   904  5075  1364  1712  4150  1348  2976  5516  5390  5366  5078  1512  2080  3498  4980     0  4764  3669  1694  5078  3259  2931
  3745   642  3728  3784  3272  3638  2951  4046  4982  5281  5746   964  3594  4800  3890  6068  5654  4420  3219  5304  4536  3818  3470  1771  4085  3109  6036  3586  3564  3274  5251  3560  3495  5500  4805     0  6555  3450  3274  5996  2215
  4012  6012  4272  5862  5168  2932  5055  2866  2111  2320  1042  5909  2974  2952  5969   475  1074  3295  5324  2341  2724  3978  4326  5984  3961  3912   518  5665  5642  5352  3496  5454  3848  1572  3640  6598     0  4308  5352  5872  4930
  2299  2866   658  4274   770  2851  1742  4792  3716  2012  4481  2762  2808  3534  4380  4214  4388  1350  2010  3485  4329   748   126  2836  1015  1662  4771  4076  4052  3764  2181   766  2184  4235  1735  3450  5289     0  3764  2926  1618
  2605  2010  3361  1896  2906  1750  2585  2159  3095  3394  3859  1906  1706  2912   725  4180  3766  4370  2852  3416  2649  3451  3102  1980  3719  2506  4149   421   398     0  4570  3192  1608  3612  4715  2594  4668  3084     0  5630  1848
  4812  5379  2859  6788  3284  5365  4256  7306  6230  3506  6995  5276  5321  6048  6894  5708  6901  2844  4524  4979  6842  2564  2912  5350  2509  4176  7284  6590  6566  6278  3675  3280  4698  6749  3229  5964  5830  2894  6278     0  4131
  1912  1630  1895  3038  1440  2464   736  3300  3330  3629  4094  1526  2420  3148  3145  4415  4001  2588  1005  3651  3942  1985  1636  1601  2252  1276  4384  2840  2818  2528  3419  1728  1798  3848  2972  2215  4901  1618  2528  4164     0
DRONE_EDGE_WEIGHT_SECTION
     0  1463  1457  1017  1322   213  1279   898  1118   475  1054  1285   171   365   942  1107  1419   858  1247   311  1019  1342  1071  1405  1105   572  1329   761   716   603   482  1493   347  1048   675  1381  1244  1166   618  1397  1033
  1463     0   654   649   499  1633   263  2252  2539  1474  2506   183  1595  1794   634  2570  2863  1066   300  1297  2402   694   654   176   893   933  2785   871   877  1119  1511   475  1117  2477  1028   121  2705   605  1095  1041   453
  1457   654     0  1086   200  1664   464  2346  2572  1255  2490   597  1622  1821  1010  2493  2858   716   451  1186  2474   128   388   804   435   895  2752  1185  1160  1380  1289   195  1161  2500   813   554  2655   297  1362   419   591
  1017   649  1086     0   886  1133   647  1673  1985  1224  1984   546  1102  1282   108  2088  2323  1062   646   981  1831  1048   823   506  1059   681  2264   272   306   515  1257   980   702  1932   908   644  2199   855   491  1334   510
  1322   499   200   886     0  1524   274  2198  2439  1178  2370   410  1482  1684   811  2388  2737   671   257  1073  2333   197   266   630   430   751  2637   992   969  1195  1214   174  1008  2370   719   386  2544   173  1176   542   395
   213  1633  1664  1133  1524     0  1464   685   918   648   873  1459    42   162  1072   956  1232  1070  1434   521   810  1551  1277  1560  1318   773  1152   864   827   658   646  1693   526   851   887  1559  1076  1371   679  1610  1217
  1279   263   464   647   274  1464     0  2113  2381  1236  2332   136  1424  1626   590  2378  2695   805    39  1079  2257   468   391   362   632   720  2607   801   791  1031  1274   333   939  2315   781   142  2522   346  1009   807   247
   898  2252  2346  1673  2198   685  2113     0   343  1275   449  2090   728   539  1642   669   686  1749  2086  1199   162  2235  1958  2153  2002  1451   678  1407  1387  1158  1261  2365  1191   322  1572  2193   667  2051  1183  2291  1867
  1118  2539  2572  1985  2439   918  2381   343     0  1410   198  2370   960   757  1945   427   345  1929  2351  1392   189  2454  2188  2451  2199  1689   342  1715  1690  1472  1388  2610  1444    78  1772  2471   355  2283  1496  2470  2133
   475  1474  1255  1224  1178   648  1236  1275  1410     0  1290  1292   616   749  1124  1255  1652   549  1199   256  1362  1128   912  1473   835   566  1531  1028   974   966    37  1350   558  1333   462  1368  1426  1005   972  1073  1022
  1054  2506  2490  1984  2370   873  2332   449   198  1290     0  2332   912   713  1934   236   368  1825  2301  1304   336  2370  2112  2431  2102  1624   280  1713  1683  1479  1265  2542  1395   148  1681  2431   228  2207  1503  2361  2086
  1285   183   597   546   410  1459   136  2090  2370  1292  2332     0  1421  1621   506  2391  2691   900   161  1114  2238   604   502   232   753   750  2610   733   731   975  1330   452   939  2307   850   105  2529   472   952   942   270
   171  1595  1622  1102  1482    42  1424   728   960   616   912  1421     0   203  1039   989  1271  1029  1393   480   852  1509  1235  1524  1276   731  1190   835   797   636   616  1652   485   892   846  1520  1113  1329   656  1568  1177
   365  1794  1821  1282  1684   162  1626   539   757   749   713  1621   203     0  1226   807  1070  1210  1596   660   654  1707  1435  1719  1466   933   992  1011   978   793   740  1854   688   689  1035  1721   919  1530   815  1752  1379
   942   634  1010   108   811  1072   590  1642  1945  1124  1934   506  1039  1226     0  2028  2279   954   583   885  1797   964   728   513   959   576  2215   239   255   490  1157   919   615  1888   800   609  2145   766   466  1239   424
  1107  2570  2493  2088  2388   956  2378   669   427  1255   236  2391   989   807  2028     0   443  1803  2344  1315   570  2369  2125  2509  2087  1659   298  1818  1783  1598  1226  2563  1454   384  1680  2486   183  2221  1621  2326  2135
  1419  2863  2858  2323  2737  1232  2695   686   345  1652   368  2691  1271  1070  2279   443     0  2190  2664  1672   526  2737  2479  2782  2468  1990   150  2052  2025  1811  1625  2909  1756   392  2048  2791   264  2575  1836  2724  2448
   858  1066   716  1062   671  1070   805  1749  1929   549  1825   900  1029  1210   954  1803  2190     0   767   550  1858   588   423  1119   287   451  2074   982   933  1057   581   835   677  1854   208   947  1971   501  1050   543   660
  1247   300   451   646   257  1434    39  2086  2351  1199  2301   161  1393  1596   583  2344  2664   767     0  1043  2229   446   354   391   598   686  2575   788   775  1014  1236   336   908  2285   743   180  2489   313   992   781   219
   311  1297  1186   981  1073   521  1079  1199  1392   256  1304  1114   480   660   885  1315  1672   550  1043     0  1311  1066   811  1274   808   364  1567   774   721   712   284  1247   302  1319   379  1200  1472   907   717  1092   846
  1019  2402  2474  1831  2333   810  2257   162   189  1362   336  2238   852   654  1797   570   526  1858  2229  1311     0  2361  2088  2307  2119  1583   531  1563  1542  1316  1345  2501  1327   191  1688  2340   535  2181  1340  2401  2010
  1342   694   128  1048   197  1551   468  2235  2454  1128  2370   604  1509  1707   964  2369  2737   588   446  1066  2361     0   284   826   308   788  2630  1120  1090  1301  1162   285  1056  2382   690   582  2532   207  1284   347   540
  1071   654   388   823   266  1277   391  1958  2188   912  2112   502  1235  1435   728  2125  2479   423   354   811  2088   284     0   732   256   507  2377   855   821  1023   948   440   774  2117   452   533  2282    96  1007   511   323
  1405   176   804   506   630  1560   362  2153  2451  1473  2431   232  1524  1719   513  2509  2782  1119   391  1274  2307   826   732     0   984   913  2711   752   767  1003  1510   636  1060  2393  1049   251  2637   703   979  1168   465
  1105   893   435  1059   430  1318   632  2002  2199   835  2102   753  1276  1466   959  2087  2468   287   598   808  2119   308   256   984     0   601  2355  1054  1013  1186   868   576   865  2125   431   771  2254   288  1173   313   574
   572   933   895   681   751   773   720  1451  1689   566  1624   750   731   933   576  1659  1990   451   686   364  1583   788   507   913   601     0  1896   545   493   607   602   921   270  1620   253   837  1807   599   599   913   483
  1329  2785  2752  2264  2637  1152  2607   678   342  1531   280  2610  1190   992  2215   298   150  2074  2575  1567   531  2630  2377  2711  2355  1896     0  1993  1963  1758  1503  2811  1671   359  1940  2708   116  2473  1782  2604  2361
   761   871  1185   272   992   864   801  1407  1715  1028  1713   733   835  1011   239  1818  2052   982   788   774  1563  1120   855   752  1054   545  1993     0    54   251  1057  1118   476  1660   797   838  1928   914   227  1355   597
   716   877  1160   306   969   827   791  1387  1690   974  1683   731   797   978   255  1783  2025   933   775   721  1542  1090   821   767  1013   493  1963    54     0   244  1003  1101   424  1634   745   836  1896   883   221  1316   576
   603  1119  1380   515  1195   658  1031  1158  1472   966  1479   975   636   793   490  1598  1811  1057  1014   712  1316  1301  1023  1003  1186   607  1758   251   244     0   989  1335   421  1420   853  1080  1698  1094    25  1497   808
   482  1511  1289  1257  1214   646  1274  1261  1388    37  1265  1330   616   740  1157  1226  1625   581  1236   284  1345  1162   948  1510   868   602  1503  1057  1003   989     0  1386   585  1311   499  1405  1398  1041   996  1101  1060
  1493   475   195   980   174  1693   333  2365  2610  1350  2542   452  1652  1854   919  2563  2909   835   336  1247  2501   285   440   636   576   921  2811  1118  1101  1335  1386     0  1174  2541   892   387  2718   346  1315   612   527
   347  1117  1161   702  1008   526   939  1191  1444   558  1395   939   485   688   615  1454  1756   677   908   302  1327  1056   774  1060   865   270  1671   476   424   421   585  1174     0  1377   470  1037  1589   864   423  1175   692
  1048  2477  2500  1932  2370   851  2315   322    78  1333   148  2307   892   689  1888   384   392  1854  2285  1319   191  2382  2117  2393  2125  1620   359  1660  1634  1420  1311  2541  1377     0  1698  2407   347  2212  1444  2395  2068
   675  1028   813   908   719   887   781  1572  1772   462  1681   850   846  1035   800  1680  2048   208   743   379  1688   690   452  1049   431   253  1940   797   745   853   499   892   470  1698     0   917  1842   546   847   725   586
  1381   121   554   644   386  1559   142  2193  2471  1368  2431   105  1520  1721   609  2486  2791   947   180  1200  2340   582   533   251   771   837  2708   838   836  1080  1405   387  1037  2407   917     0  2625   484  1057   928   354
  1244  2705  2655  2199  2544  1076  2522   667   355  1426   228  2529  1113   919  2145   183   264  1971  2489  1472   535  2532  2282  2637  2254  1807   116  1928  1896  1698  1398  2718  1589   347  1842  2625     0  2378  1722  2499  2277
  1166   605   297   855   173  1371   346  2051  2283  1005  2207   472  1329  1530   766  2221  2575   501   313   907  2181   207    96   703   288   599  2473   914   883  1094  1041   346   864  2212   546   484  2378     0  1077   487   345
   618  1095  1362   491  1176   679  1009  1183  1496   972  1503   952   656   815   466  1621  1836  1050   992   717  1340  1284  1007   979  1173   599  1782   227   221    25   996  1315   423  1444   847  1057  1722  1077     0  1484   788
  1397  1041   419  1334   542  1610   807  2291  2470  1073  2361   942  1568  1752  1239  2326  2724   543   781  1092  2401   347   511  1168   313   913  2604  1355  1316  1497  1101   612  1175  2395   725   928  2499   487  1484     0   828
  1033   453   591   510   395  1217   247  1867  2133  1022  2086   270  1177  1379   424  2135  2448   660   219   846  2010   540   323   465   574   483  2361   597   576   808  1060   527   692  2068   586   354  2277   345   788   828     0
DEPOT_SECTION
0
-1
EOF
    