
NAME : CVS-31-8
COMMENT : CVS
TYPE : RDVRP-TW
DIMENSION : 31
CAPACITY : 100
EDGE_WEIGHT_TYPE : EXPLICIT
EDGE_WEIGHT_FORMAT : FULL_MATRIX 
NODE_COORD_SECTION
  0 -78.8465283000 35.7910400000
  1 -78.8579817000 35.7846057000
  2 -78.8527542000 35.8012760000
  3 -78.8501873000 35.8007627000
  4 -78.8559913000 35.7813195000
  5 -78.8556114000 35.7799286000
  6 -78.8361315000 35.7895255000
  7 -78.8575350000 35.7858963000
  8 -78.8536980000 35.7889360000
  9 -78.8511673000 35.7862814000
 10 -78.8481679000 35.7800696000
 11 -78.8550752000 35.7975580000
 12 -78.8546291000 35.7799225000
 13 -78.8372616000 35.8007595000
 14 -78.8352935000 35.7871205000
 15 -78.8587418000 35.7866394000
 16 -78.8405172000 35.8036296000
 17 -78.8481457000 35.7945572000
 18 -78.8510777000 35.7991058000
 19 -78.8529700000 35.8020823000
 20 -78.8511568000 35.7794058000
 21 -78.8364340000 35.7790480000
 22 -78.8555027000 35.7801175000
 23 -78.8549563000 35.8019990000
 24 -78.8560749000 35.7883782000
 25 -78.8511812000 35.7940371000
 26 -78.8465618000 35.7782413000
 27 -78.8595831000 35.7874714000
 28 -78.8391995000 35.7901485000
 29 -78.8393416000 35.7789804000
 30 -78.8526905000 35.7947738000
TIME_WINDOW_SECTION
  0      0  36000
  1   1080   8366
  2      0  32216
  3      0  32502
  4  22937  25601
  5   5190   7516
  6  26572  29418
  7   3781   5781
  8      0  32886
  9  10799  13503
 10   1865   3865
 11  19372  21372
 12      0  31959
 13      0  32329
 14      0  32806
 15  10336  12336
 16   6123   8339
 17  13670  15670
 18  24042  26042
 19  14512  17074
 20  16685  19755
 21   6746   9610
 22  24498  26498
 23  11286  13286
 24      0  32920
 25   9304  11646
 26  10410  12410
 27  19183  21389
 28      0  33425
 29  21116  26536
 30  14899  17919
DEMAND_SECTION
  0      0
  1     28
  2     19
  3     23
  4     24
  5     18
  6     10
  7     22
  8     29
  9     25
 10     17
 11      5
 12     11
 13     24
 14     23
 15     17
 16     28
 17     11
 18     10
 19     15
 20     23
 21      6
 22     11
 23     15
 24     24
 25     27
 26     13
 27     18
 28     19
 29      7
 30     16
SERVICE_TIME_SECTION
  0      0
  1   1000
  2   1000
  3   1000
  4   1000
  5   1000
  6   1000
  7   1000
  8   1000
  9   1000
 10   1000
 11   1000
 12   1000
 13   1000
 14   1000
 15   1000
 16   1000
 17   1000
 18   1000
 19   1000
 20   1000
 21   1000
 22   1000
 23   1000
 24   1000
 25   1000
 26   1000
 27   1000
 28   1000
 29   1000
 30   1000
TRUCK_EDGE_WEIGHT_SECTION
     0  2686  2194  1908  2952  3235  2284  3182  2142  1722  2129  2086  3310  2966  2449  3015  3056  1701  1988  2694  2482  3932  3208  3875  2084  1775  2655  2828  1835  3162  2070
  2418     0  3158  3714   572   855  4091  2360  1531  2198  1490  3892   930  4772  3455  2192  4862  3509  3794  4500  1634  2900   828  3301  1471  3581  2016  2005  3641  2524  3876
  2784  3146     0   286  3412  3695  3710  3642  2602  3078  3484  2145  3770  2338  3874  3475  2116  1760   738  1755  3838  4894  3668  1732  2544  1834  4010  3288  3260  4516  2128
  2498  3756   286     0  4022  4304  3424  4252  3211  2791  3198  1859  4379  2051  3588  4085  1831  1474   452  1469  3551  4609  4278  2019  3152  1548  3724  3898  2974  4231  1842
  2684   572  3424  3980     0   798  4356  2626  1798  2464  1756  4159   815  5039  3721  2459  5129  3774  4060  4766  1900  3166   825  3568  1738  3848  2282  2271  3908  2790  4142
  2966   855  3706  4262   798     0  4639  2908  2079  2746  2039  4441   262  5321  4002  2741  5410  4056  4342  5049  2182  3449    26  3850  2020  4130  2564  2552  4189  3071  4424
  2025  4135  3595  3310  4401  4684     0  4631  3591  3171  3578  3488  4759  2366  1848  4464  4458  3104  3389  4095  3931  3331  4656  5324  3532  3176  4104  4276   450  3238  3471
  3000  1662  2992  3549  1929  2210  3926     0  1366  3294  2846  3728  2285  4608  4090   598  4698  3344  3629  4335  2990  4256  2184  3136  1306  3416  3372   442  3476  3880  3711
  2114  2572  2949  2662  2839  3121  3039  3069     0  2408  2814  2841  3196  3721  3204  2901  3811  2456  2742  3449  3168  4224  3094  3761   365  2530  3339  2714  2590  3846  2825
  1285  2171  3046  2761  2438  2719  3138  3669  1748     0  1448  2940  2794  3820  3301  3502  3909  2555  2840  3548  1800  2858  2692  4361  2570  2629  1972  3314  2688  2480  2922
  1666  1490  3429  3142  1756  2039  3519  3544  2715  1446     0  3321  2114  4201  2542  3376  4291  2936  3222  3929  1120  1989  2011  4742  2656  3010   400  3189  3070  1611  3305
  2615  3874  2115  1829  4139  4421  3541  4369  3329  2909  3315     0  4496  3198  3705  4202  2978  1232  1909  2615  3669  4725  4395  5061  3270  1306  3841  4015  3091  4349  1158
  3041   930  3781  4338   815   262  4714  2982  2154  2821  2114  4516     0  5396  4078  2816  5485  4131  4418  5124  2258  3524   290  3925  2095  4205  2639  2629  4264  3146  4499
  2671  4782  2875  2590  5049  5330  2366  5278  4238  3818  4224  3791  5405     0  2530  5111   869  3408  2669  2359  4578  4014  5304  3239  4179  3480  4750  4924  1916  3920  3775
  2194  3430  3764  3478  3696  3979  1888  4800  3760  3339  2518  3656  4054  2535     0  4632  4626  3272  3558  4264  3060  1484  3951  5492  3700  3345  2364  4445  1438  1390  3640
  2832  1495  2826  3382  1761  2044  3759   598  1199  3126  2679  3561  2119  4441  3922     0  4530  3176  3461  4168  2822  4090  2016  2970  1140  3250  3205   188  3309  3712  3544
  3648  4905  2091  1805  5171  5452  4572  5401  4360  3940  4348  3008  5528   869  4738  5234     0  2622  1885  1574  4700  5758  5426  2455  4301  2696  4872  5046  4122  5380  2991
  2231  3489  1730  1444  3755  4036  3156  3985  2944  2524  2931  1232  4111  2814  3320  3818  2592     0  1524  2230  3284  4341  4010  4676  2885   450  3456  3630  2706  3964   745
  2451  3709   738   451  3975  4258  3376  4205  3165  2745  3151  1811  4332  2005  3541  4038  1784  1428     0  1421  3505  4561  4230  1992  3106  1500  3676  3850  2928  4184  1795
  3185  4442  1629  1344  4709  4991  4111  4939  3899  3479  3885  2546  5066  2264  4275  4771  1538  2161  1424     0  4239  5295  4964  1811  3840  2235  4411  4584  3661  4919  2529
  2132  1956  3894  3609  2222  2504  3985  4010  3180  1912  1205  3788  2579  4668  3169  3842  4756  3402  3689  4395     0  2615  2478  5209  3121  3476  1730  3655  3535  2238  3770
  3069  2894  4831  4546  3160  3441  3350  4946  4118  2849  1981  4724  3516  3996  1462  4780  5694  4340  4625  5331  2522     0  3415  6146  4059  4412  1826  4592  2900   852  4708
  2939   828  3679  4235   825    26  4612  2881  2052  2719  2011  4414   290  5294  3976  2714  5384  4030  4315  5021  2155  3421     0  3822  1992  4102  2538  2526  4162  3045  4398
  4391  3301  1745  2265  3568  3850  5318  3798  2758  4685  4486  3466  3925  3184  5481  3631  2459  3082  1938  1818  4630  5896  3822     0  2699  3155  5011  3442  4868  5519  3450
  2080  2539  2915  2629  2805  3086  3005  3035   365  2372  2780  2808  3161  3688  3169  2868  3776  2422  2709  3415  3132  4190  3060  3726     0  2496  3305  2680  2555  3812  2790
  2304  3562  1804  1518  3828  4110  3230  4058  3018  2598  3004  1306  4185  2886  3394  3891  2666   450  1598  2304  3358  4415  4084  4750  2959     0  3530  3704  2780  4038   421
  2191  2016  3954  3669  2282  2564  4045  4070  3240  1972   400  3848  2639  4728  2388  3902  4816  3462  3748  4454  1645  1834  2538  5269  3181  3536     0  3715  3595  1456  3830
  2645  1308  2639  3195  1574  1856  3571   442  1011  2939  2491  3372  1931  4254  3735   188  4342  2989  3274  3980  2635  3901  1829  2782   952  3061  3018     0  3121  3525  3356
  1575  3685  3145  2860  3951  4234   450  4181  3141  2721  3128  3039  4309  1916  1398  4015  4008  2654  2939  3645  3481  2881  4206  4874  3082  2728  3654  3826     0  2788  3021
  2699  2524  4461  4176  2790  3071  3302  4578  3748  2480  1611  4355  3146  3949  1415  4410  5324  3970  4255  4961  2152   860  3045  5776  3689  4044  1456  4222  2852     0  4338
  2599  3856  2098  1812  4122  4405  3524  4352  3312  2892  3299  1158  4480  3181  3689  4185  2960   745  1891  2598  3652  4709  4378  5045  3254   421  3824  3998  3075  4331     0
DRONE_EDGE_WEIGHT_SECTION
     0   833  1162  1090  1138  1283   419   703   354   557  1223   790  1274  1133   603   667  1418   396   913  1251  1307  1387  1261  1258   461   375  1425   626   288  1369   473
   833     0  1866  1821   373   528   981   145   508   316   626  1446   536  1952   893   228  2212  1166  1634  1954   634  1023   508  1939   426  1080   830   325   932   943  1149
  1162  1866     0   108  2225  2379  1441  1721  1374  1670  2367   422  2378   557  1700  1644   509   766   249    90  2435  2547  2357   113  1441   808  2574  1557  1333  2531   724
  1090  1821   108     0  2175  2328  1351  1677  1323  1612  2305   398  2326   463  1613  1603   470   695   187   177  2378  2470  2307   219  1395   750  2511  1519  1247  2458   673
  1138   373  2225  2175     0   155  1178   513   852   581   328  1808   164  2271  1010   601  2547  1502  1988  2314   281   785   135  2302   786  1427   496   698  1166   684  1503
  1283   528  2379  2328   155     0  1294   668  1005   727   283  1963    37  2416  1107   756  2696  1652  2141  2468   179   736    21  2457   941  1579   393   853  1293   628  1656
   419   981  1441  1351  1178  1294     0   893   654   665  1145  1131  1274  1251   270   899  1578   713  1198  1526  1260  1166  1274  1548   750   747  1316   900   133  1180   843
   703   145  1721  1677   513   668   893     0   367   242   738  1301   674  1813   841    94  2069  1025  1489  1809   761  1102   648  1795   282   936   948   191   830  1032  1004
   354   508  1374  1323   852  1005   654   367     0   310  1009   961  1004  1446   713   317  1704   658  1136  1464  1065  1278   984  1455   108   575  1220   273   553  1233   651
   557   316  1670  1612   581   727   665   242   310     0   701  1263   720  1690   599   285  1970   928  1428  1760   765   978   705  1755   296   863   912   341   619   927   947
  1223   626  2367  2305   328   283  1145   738  1009   701     0  1964   246  2338   922   833  2638  1613  2122  2457   136   461   279  2454   971  1559   213   929  1171   357  1645
   790  1446   422   398  1808  1963  1131  1301   961  1263  1964     0  1963   733  1370  1223   854   418   225   509  2026  2174  1941   494  1023   417  2173  1135  1008  2149   322
  1274   536  2378  2326   164    37  1274   674  1004   720   246  1963     0  2406  1082   764  2689  1647  2139  2468   144   699    40  2458   943  1576   360   861  1277   591  1655
  1133  1952   557   463  2271  2416  1251  1813  1446  1690  2338   733  2406     0  1520  1757   340   795   529   580  2432  2417  2394   647  1540   902  2530  1689  1183  2426   869
   603   893  1700  1613  1010  1107   270   841   713   599   922  1370  1082  1520     0   876  1848   954  1454  1786  1046   900  1089  1805   785   968  1076   905   367   919  1066
   667   228  1644  1603   601   756   899    94   317   285   833  1223   764  1757   876     0  2004   964  1416  1732   854  1192   736  1715   218   869  1042    98   824  1123   933
  1418  2212   509   470  2547  2696  1578  2069  1704  1970  2638   854  2689   340  1848  2004     0  1047   629   476  2725  2740  2675   545  1789  1135  2835  1928  1501  2744  1079
   396  1166   766   695  1502  1652   713  1025   658   928  1613   418  1647   795   954   964  1047     0   517   856  1690  1781  1631   864   747   125  1817   894   590  1765   167
   913  1634   249   187  1988  2141  1198  1489  1136  1428  2122   225  2139   529  1454  1416   629   517     0   338  2193  2298  2120   351  1208   564  2329  1332  1087  2282   486
  1251  1954    90   177  2314  2468  1526  1809  1464  1760  2457   509  2468   580  1786  1732   476   856   338     0  2525  2636  2447    71  1530   898  2664  1644  1419  2620   814
  1307   634  2435  2378   281   179  1260   761  1065   765   136  2026   144  2432  1046   854  2725  1690  2193  2525     0   562   183  2519  1016  1629   218   952  1277   452  1712
  1387  1023  2547  2470   785   736  1166  1102  1278   978   461  2174   699  2417   900  1192  2740  1781  2298  2636   562     0   735  2645  1274  1757   397  1280  1240   111  1852
  1261   508  2357  2307   135    21  1274   648   984   705   279  1941    40  2394  1089   736  2675  1631  2120  2447   183   735     0  2436   920  1558   399   833  1273   628  1635
  1258  1939   113   219  2302  2457  1548  1795  1455  1755  2454   494  2458   647  1805  1715   545   864   351    71  2519  2645  2436     0  1517   897  2663  1626  1438  2626   808
   461   426  1441  1395   786   941   750   282   108   296   971  1023   943  1540   785   218  1789   747  1208  1530  1016  1274   920  1517     0   655  1184   165   655  1221   723
   375  1080   808   750  1427  1579   747   936   575   863  1559   417  1576   902   968   869  1135   125   564   898  1629  1757  1558   897   655     0  1767   794   617  1733    99
  1425   830  2574  2511   496   393  1316   948  1220   912   213  2173   360  2530  1076  1042  2835  1817  2329  2664   218   397   399  2663  1184  1767     0  1139  1354   287  1854
   626   325  1557  1519   698   853   900   191   273   341   929  1135   861  1689   905    98  1928   894  1332  1644   952  1280   833  1626   165   794  1139     0   812  1214   852
   288   932  1333  1247  1166  1293   133   830   553   619  1171  1008  1277  1183   367   824  1501   590  1087  1419  1277  1240  1273  1438   655   617  1354   812     0  1243   714
  1369   943  2531  2458   684   628  1180  1032  1233   927   357  2149   591  2426   919  1123  2744  1765  2282  2620   452   111   628  2626  1221  1733   287  1214  1243     0  1827
   473  1149   724   673  1503  1656   843  1004   651   947  1645   322  1655   869  1066   933  1079   167   486   814  1712  1852  1635   808   723    99  1854   852   714  1827     0
DEPOT_SECTION
0
-1
EOF
    