
NAME : CVS-31-6
COMMENT : CVS
TYPE : RDVRP-TW
DIMENSION : 31
CAPACITY : 100
EDGE_WEIGHT_TYPE : EXPLICIT
EDGE_WEIGHT_FORMAT : FULL_MATRIX 
NODE_COORD_SECTION
  0 -78.8465283000 35.7910400000
  1 -78.8368745000 35.7795365000
  2 -78.8630051000 35.7938888000
  3 -78.8511812000 35.7940371000
  4 -78.8384117000 35.7802195000
  5 -78.8582062000 35.7866037000
  6 -78.8345389000 35.7778712000
  7 -78.8504363000 35.7844458000
  8 -78.8371460000 35.7858460000
  9 -78.8343305000 35.7802965000
 10 -78.8403206000 35.8012009000
 11 -78.8458025000 35.7822035000
 12 -78.8471688000 35.7994931000
 13 -78.8478244000 35.7979426000
 14 -78.8603753000 35.7874015000
 15 -78.8378860000 35.7780321000
 16 -78.8498407000 35.7941285000
 17 -78.8536579000 35.7778273000
 18 -78.8434310000 35.7825920000
 19 -78.8387501000 35.8015492000
 20 -78.8331200000 35.7781750000
 21 -78.8319960000 35.7784860000
 22 -78.8386690000 35.7838015000
 23 -78.8455543000 35.7839090000
 24 -78.8551644000 35.7798581000
 25 -78.8407805000 35.7778825000
 26 -78.8406305000 35.7796575000
 27 -78.8383480000 35.7920510000
 28 -78.8435210000 35.7821400000
 29 -78.8384755000 35.7790021000
 30 -78.8371760000 35.7856065000
TIME_WINDOW_SECTION
  0      0  36000
  1  12289  16253
  2  20828  22828
  3  19351  21351
  4      0  32415
  5   8619  11545
  6  18795  23989
  7  21167  23167
  8   1579   7077
  9      0  31921
 10   7934   9934
 11  19584  21584
 12  30232  32232
 13      0  31310
 14  11558  14432
 15      0  32016
 16  29744  34672
 17  11921  13921
 18  22215  24215
 19  20667  22667
 20  22510  25412
 21      0  31025
 22  28167  30753
 23   2753   4753
 24  19700  21736
 25  31002  33002
 26      0  32612
 27  14097  16721
 28  30904  32904
 29  10952  12952
 30  27513  29513
DEMAND_SECTION
  0      0
  1     11
  2     29
  3     20
  4     23
  5     25
  6     24
  7     10
  8     27
  9     10
 10     10
 11     26
 12     10
 13     21
 14     11
 15      8
 16     29
 17     11
 18     16
 19     18
 20      7
 21     11
 22     11
 23     20
 24     24
 25     16
 26     22
 27     25
 28     25
 29     10
 30     22
SERVICE_TIME_SECTION
  0      0
  1   1000
  2   1000
  3   1000
  4   1000
  5   1000
  6   1000
  7   1000
  8   1000
  9   1000
 10   1000
 11   1000
 12   1000
 13   1000
 14   1000
 15   1000
 16   1000
 17   1000
 18   1000
 19   1000
 20   1000
 21   1000
 22   1000
 23   1000
 24   1000
 25   1000
 26   1000
 27   1000
 28   1000
 29   1000
 30   1000
TRUCK_EDGE_WEIGHT_SECTION
     0  3966  3002  1775  3048  3075  4560  1690  3485  3935  3142  2821  2331  2536  2921  3868  1545  3898  2421  3151  4912  4848  3206  2484  3228  3169  2850  1521  2390  3198  3446
  3104     0  4801  4448   774  4874  1002  2451  1538   945  4065  2029  5004  5209  4720   310  4218  4139  1628  4216  1354  1289  1258  2531  3469  1250   961  2621  1596   390  1499
  3528  4819     0  3944  4292  1528  5412  3174  5654  4786  5311  4066  4500  4705  1374  4719  3714  3400  3666  5320  5764  5699  5374  3728  2730  4412  4095  3689  3635  4441  5615
  2304  4449  3878     0  3922  3951  5042  2565  4431  4418  2752  3696  1941  2146  3796  4350   294  4772  3296  3071  5394  5329  4151  3359  4102  4044  3726  2466  3265  4072  4392
  2585   780  4281  3929     0  4355  1374  1932  1340   749  3868  1509  4485  4690  4201   295  3699  3620  1109  4019  1725  1660  1060  2011  2950   731   442  2424  1078   150  1301
  2892  4184  1906  3309  3658     0  4778  2540  5020  4152  4678  3431  3865  4070   429  4085  3079  2766  3031  4685  5129  5064  4740  3094  2096  3779  3460  3055  3000  3808  4981
  3638   901  5335  4982  1308  5409     0  2985  2071  1480  4600  2562  5538  5742  5255   844  4751  4674  2162  4750   842   778  1791  3065  4002  1784  1495  3155  2131   924  2032
  1252  2459  3164  2596  1932  3238  3052     0  3019  2426  3964  1706  3151  3356  3084  2360  2365  2501  1306  3972  3404  3339  2739  1368  1831  2054  1735  2341  1275  2082  2980
  3630  1542  5326  4406  1299  5400  2135  2978     0  1510  3629  2554  4961  5166  5246  1442  4175  4665  2154  3780  2488  2422   401  3056  3995  1775  1486  2185  2122  1524    39
  3079   991  4776  4422   749  4850  1585  2426  1512     0  4040  2004  4979  5184  4695   892  4192  4114  1602  4191  1936  1871  1232  2506  3444  1225   936  2596  1572   972  1474
  2705  4082  5870  3346  3839  5944  4676  4558  3601  4050     0  5690  1312  1518  5790  3982  3116  6766  5289   635  5028  4962  3321  5351  6096  4316  4026  1636  5259  4064  3562
  2359  2036  4056  3702  1509  4129  2629  1706  2595  2004  5070     0  4259  4464  3975  1936  3472  3394   400  5079  2981  2916  2315  1786  2724  1630  1312  3449   431  1659  2556
  3485  5630  5059  2535  5104  5131  6224  3746  5612  5598  1312  4878     0   326  4978  5531  2305  5954  4478  1631  6575  6510  5332  4540  5284  5225  4906  3648  4446  5254  5574
  3690  5835  5264  2740  5309  5338  6429  3951  5818  5804  1518  5082   326     0  5182  5736  2510  6159  4682  1836  6780  6715  5538  4745  5489  5430  5111  3852  4651  5459  5779
  2739  4030  1752  3155  3504   429  4624  2386  4866  3998  4522  3278  3711  3916     0  3931  2925  2612  2878  4531  4975  4910  4586  2940  1942  3625  3306  2901  2846  3654  4828
  2984   248  4681  4328   654  4754   840  2331  1418   826  3945  1909  4884  5089  4600     0  4098  4019  1508  4096  1192  1128  1138  2411  3349  1130   841  2501  1478   229  1379
  2074  4219  3646   294  3692  3720  4812  2335  4201  4186  2522  3466  1710  1916  3566  4120     0  4542  3066  2841  5164  5099  3921  3129  3872  3814  3495  2236  3035  3842  4162
  3629  4146  3390  4792  3620  3464  4740  2501  4706  4114  6160  3394  5349  5554  3310  4048  4562     0  2994  6169  5091  5026  4426  3056   854  3741  3422  4538  2962  3770  4668
  1959  1635  3655  3302  1109  3729  2229  1306  2195  1602  4670   400  3859  4064  3575  1536  3072  2994     0  4679  2580  2515  1915  1385  2324  1230   911  3048    31  1259  2156
  2856  4234  5282  3665  3990  5355  4826  3970  3752  4201   635  5101  1631  1836  5201  4134  3435  6178  4701     0  5179  5114  3472  4764  5508  4466  4178  1788  4670  4215  3714
  4040  1302  5736  5384  1709  5810   830  3388  2472  1881  5001  2964  5939  6144  5656  1245  5152  5075  2564  5151     0   112  2192  3466  4405  2185  1896  3556  2532  1325  2434
  3975  1238  5671  5319  1644  5745   765  3322  2408  1816  4936  2899  5874  6080  5591  1180  5089  5010  2499  5086   112     0  2128  3401  4340  2120  1831  3491  2468  1261  2369
  3350  1262  5046  4126  1019  5120  1856  2698   401  1230  3349  2274  4682  4888  4966  1162  3896  4385  1874  3500  2208  2142     0  2776  3715  1496  1206  1905  1842  1244   362
  1226  2859  3430  2571  2332  3504  3452   975  3418  2826  3939  2106  3126  3331  3350  2759  2340  3349  1706  3948  3804  3739  3139     0  2679  2452  2135  2316  1675  2482  3379
  2959  3476  2720  4122  2950  2794  4070  1831  4036  3444  5490  2724  4679  4884  2640  3378  3892   854  2324  5499  4421  4356  3756  2385     0  3071  2752  3868  2292  3100  3998
  2705  1258  4402  4050   731  4476  1851  2054  1816  1225  4345  1630  4605  4810  4322  1158  3819  3741  1230  4495  2202  2138  1536  2132  3071     0   408  2900  1199   880  1778
  2388   969  4085  3731   442  4158  1561  1735  1528   936  4056  1312  4288  4492  4004   869  3501  3422   911  4206  1914  1849  1248  1815  2752   408     0  2611   881   591  1489
  1261  2602  3688  2414  2359  3760  3196  2375  2121  2570  1636  3506  2969  3174  3606  2504  2182  4582  3106  1788  3548  3482  1841  3169  3912  2836  2548     0  3075  2584  2082
  1928  1604  3624  3271  1078  3698  2198  1275  2164  1572  4639   431  3828  4032  3544  1505  3041  2962    31  4648  2549  2484  1884  1354  2292  1199   881  3016     0  1228  2125
  2734   392  4431  4079   150  4505   985  2082  1562   971  4090  1659  4634  4839  4351   145  3848  3770  1259  4241  1338  1272  1282  2161  3100   880   591  2646  1228     0  1524
  3591  1504  5288  4368  1260  5361  2096  2939    39  1471  3590  2515  4922  5128  5208  1404  4136  4626  2115  3741  2449  2384   362  3018  3956  1736  1448  2146  2084  1485     0
DRONE_EDGE_WEIGHT_SECTION
     0  1331   683   375  1242   657  1533   748   675  1280  1153   984   941   770   653  1484   365  1495   947  1203  1518  1500   857   795  1286  1480  1286   321   997  1374   697
  1331     0  1871  1700    96  1125   206   749   702   128  2415   450  2254  2089  1244   172  1695   668   421  2451   208   220   480   587   696   237   143  1394   384    85   676
   683  1871     0   432  1776   830  2076  1150  1310  1852  1155  1449   848   713   729  1999   482  1822  1452  1223  2075  2069  1440  1285  1589  1966  1790   926  1495  1893  1327
   375  1700   432     0  1610   867  1904  1068  1049  1653   889  1332   625   452   813  1850    50  1807  1306   949  1890  1873  1230  1147  1585  1840  1648   519  1355  1739  1072
  1242    96  1776  1610     0  1030   300   654   628   155  2337   357  2170  2003  1149   244  1606   639   325  2374   304   311   399   491   638   275   105  1317   288   136   601
   657  1125   830   867  1030     0  1320   377   791  1140  1751   676  1491  1318   120  1224   893   992   712  1809  1333  1339   795   561   760  1173  1018   953   742  1127   793
  1533   206  2076  1904   300  1320     0   948   893   270  2606   645  2452  2288  1440   129  1898   731   625  2640    64   119   678   791   817   239   306  1585   585   196   867
   748   749  1150  1068   654   377   948     0   522   763  1902   305  1679  1505   496   858  1078   747   335  1951   958   963   448   193   541   817   649   958   366   756   513
   675   702  1310  1049   628   791   893   522     0   627  1713   520  1563  1403   884   870  1034  1089   432  1749   867   842   235   382   952   897   701   692   477   763    27
  1280   128  1852  1653   155  1140   270   763   627     0  2337   483  2189  2027  1259   286  1644   786   429  2371   241   220   423   584   793   364   250  1317   404   214   601
  1153  2415  1155   889  2337  1751  2606  1902  1713  2337     0  2124   311   452  1701  2581   859  2648  2075    68  2577  2547  1938  1934  2438  2596  2398  1021  2125  2472  1740
   984   450  1449  1332   357   676   645   305   520   483  2124     0  1925  1754   796   553  1336   571    99  2169   658   668   322   190   440   517   345  1131    86   452   499
   941  2254   848   625  2170  1491  2452  1679  1563  2189   311  1925     0   174  1430  2414   605  2424  1886   379  2429  2405  1774  1736  2206  2417  2221   888  1936  2304  1589
   770  2089   713   452  2003  1318  2288  1505  1403  2027   452  1754   174     0  1260  2247   431  2250  1716   517  2267  2244  1610  1564  2031  2248  2053   741  1766  2137  1428
   653  1244   729   813  1149   120  1440   496   884  1259  1701   796  1430  1260     0  1344   844  1095   831  1761  1453  1459   905   677   862  1292  1138   965   862  1247   888
  1484   172  1999  1850   244  1224   129   858   870   286  2581   553  2414  2247  1344     0  1847   603   550  2618   183   230   643   716   689   112   209  1561   505   110   844
   365  1695   482    50  1606   893  1898  1078  1034  1644   859  1336   605   431   844  1847     0  1820  1306   918  1882  1864  1222  1149  1601  1840  1647   480  1355  1736  1058
  1495   668  1822  1807   639   992   731   747  1089   786  2648   571  2424  2250  1095   603  1820     0   657  2698   786   830   875   743   233   492   537  1684   615   594  1067
   947   421  1452  1306   325   712   625   335   432   429  2075    99  1886  1716   831   550  1306   657     0  2117   628   630   224   167   539   534   343  1070    50   442   410
  1203  2451  1223   949  2374  1809  2640  1951  1749  2371    68  2169   379   517  1761  2618   918  2698  2117     0  2610  2579  1976  1979  2489  2636  2438  1057  2168  2510  1776
  1518   208  2075  1890   304  1333    64   958   867   241  2577   658  2429  2267  1453   183  1882   786   628  2610     0    55   661   793   860   294   330  1557   592   224   841
  1500   220  2069  1873   311  1339   119   963   842   220  2547   668  2405  2244  1459   230  1864   830   630  2579    55     0   643   792   895   342   354  1529   597   254   816
   857   480  1440  1230   399   795   678   448   235   423  1938   322  1774  1610   905   643  1222   875   224  1976   661   643     0   259   763   664   467   918   260   534   209
   795   587  1285  1147   491   561   791   193   382   584  1934   190  1736  1564   677   716  1149   743   167  1979   793   792   259     0   579   695   509   945   211   608   367
  1286   696  1589  1585   638   760   817   541   952   793  2438   440  2206  2031   862   689  1601   233   539  2489   860   895   763   579     0   591   553  1496   509   642   932
  1480   237  1966  1840   275  1173   239   817   897   364  2596   517  2417  2248  1292   112  1840   492   534  2636   294   342   664   695   591     0   198  1580   485   153   871
  1286   143  1790  1648   105  1018   306   649   701   250  2398   345  2221  2053  1138   209  1647   537   343  2438   330   354   467   509   553   198     0  1382   297   110   675
   321  1394   926   519  1317   953  1585   958   692  1317  1021  1131   888   741   965  1561   480  1684  1070  1057  1557  1529   918   945  1496  1580  1382     0  1120  1453   719
   997   384  1495  1355   288   742   585   366   477   404  2125    86  1936  1766   862   505  1355   615    50  2168   592   597   260   211   509   485   297  1120     0   398   454
  1374    85  1893  1739   136  1127   196   756   763   214  2472   452  2304  2137  1247   110  1736   594   442  2510   224   254   534   608   642   153   110  1453   398     0   737
   697   676  1327  1072   601   793   867   513    27   601  1740   499  1589  1428   888   844  1058  1067   410  1776   841   816   209   367   932   871   675   719   454   737     0
DEPOT_SECTION
0
-1
EOF
    