
NAME : CVS-31-1
COMMENT : CVS
TYPE : RDVRP-TW
DIMENSION : 31
CAPACITY : 100
EDGE_WEIGHT_TYPE : EXPLICIT
EDGE_WEIGHT_FORMAT : FULL_MATRIX 
NODE_COORD_SECTION
  0 -78.8465283000 35.7910400000
  1 -78.8569526000 35.7783743000
  2 -78.8398210000 35.7781520000
  3 -78.8631864000 35.7838005000
  4 -78.8440815000 35.7791928000
  5 -78.8488749000 35.7927892000
  6 -78.8511606000 35.7796608000
  7 -78.8551438000 35.7985965000
  8 -78.8493322000 35.8010378000
  9 -78.8347805000 35.7892985000
 10 -78.8440974000 35.8004793000
 11 -78.8547046000 35.7798261000
 12 -78.8485845000 35.7924207000
 13 -78.8486037000 35.7942459000
 14 -78.8603393000 35.7839479000
 15 -78.8375235000 35.8005388000
 16 -78.8447721000 35.8037756000
 17 -78.8349795000 35.7843660000
 18 -78.8504851000 35.7799204000
 19 -78.8415290000 35.7887945000
 20 -78.8533115000 35.7999222000
 21 -78.8389224000 35.7792609000
 22 -78.8424215000 35.7815185000
 23 -78.8606235000 35.7793387000
 24 -78.8357105000 35.7818020000
 25 -78.8461152000 35.7859031000
 26 -78.8416436000 35.8028704000
 27 -78.8607018000 35.7860946000
 28 -78.8592857000 35.7862109000
 29 -78.8606772000 35.7883512000
 30 -78.8342455000 35.7895815000
TIME_WINDOW_SECTION
  0      0  36000
  1   5564   7564
  2   1713   6269
  3  18941  24817
  4  20252  22252
  5   2047   4047
  6  16176  18176
  7  15718  17718
  8  14211  19773
  9  28529  32095
 10  10154  12154
 11   3111   5111
 12  31418  33418
 13   2084   4084
 14  13405  20453
 15      0  32361
 16   9891  12373
 17  24734  28084
 18  22140  24140
 19   5448   7448
 20  13626  15626
 21  21349  23349
 22   8171  10171
 23   1573   5285
 24  30945  32945
 25  18638  22834
 26   7818   9818
 27  13371  15371
 28  22187  24187
 29      0  32395
 30  24272  28148
DEMAND_SECTION
  0      0
  1     13
  2      6
  3     13
  4     16
  5      5
  6     18
  7      5
  8     27
  9     11
 10     26
 11     15
 12      5
 13     18
 14      7
 15     10
 16     13
 17      9
 18     11
 19     27
 20     20
 21     18
 22     29
 23     10
 24     26
 25     22
 26     16
 27     26
 28     10
 29     25
 30     16
SERVICE_TIME_SECTION
  0      0
  1   1000
  2   1000
  3   1000
  4   1000
  5   1000
  6   1000
  7   1000
  8   1000
  9   1000
 10   1000
 11   1000
 12   1000
 13   1000
 14   1000
 15   1000
 16   1000
 17   1000
 18   1000
 19   1000
 20   1000
 21   1000
 22   1000
 23   1000
 24   1000
 25   1000
 26   1000
 27   1000
 28   1000
 29   1000
 30   1000
TRUCK_EDGE_WEIGHT_SECTION
     0  3429  3039  3280  2584   984  2472  3292  1849  2148  2614  3326   940  1666  3386  2934  2520  3124  2740  2170  2461  3129  2781  3400  3789  1330  2902  3082  3059  2770  3324
  3160     0  3142  3199  2688  3052  2366  3461  4398  4696  5162   379  3009  4215  3306  5482  5069  3835  2634  4719  3952  3232  2885  1129  3500  2524  5451  3001  2979  2689  4666
  2576  3142     0  4551  1048  3129  2020  5070  3994  1976  4759  3040  3085  3811  4658  4178  4665  1315  2288  3449  4606   712   676  3114   979  1940  5048  4354  4330  4041  2145
  3752  3158  4509     0  4054  2898  3732  3306  4242  4541  5008  3054  2854  4060  1396  5328  4914  5518  4000  4564  3798  4599  4251  3129  4866  3654  5296  1505  1736  1448  5718
  2121  2688  1048  4096     0  2674  1565  4615  3539  2402  4302  2584  2630  3356  4202  4624  4210  1740  1832  3860  4151  1138   789  2659  1405  1485  4592  3899  3875  3586  2571
  1541  3075  3151  2926  2696     0  2585  2470  1342  2331  2108  2972    44  1160  3032  2739  2014  3306  2852  2352  1955  3241  2894  3046  3509  1442  2398  2729  2705  2416  3506
  2142  2709  2125  4116  1670  2694     0  4636  3559  3859  4324  2605  2650  3378  4224  4645  4230  2818   662  3880  4172  2215  1866  2680  2482  1505  4614  3919  3896  3606  3649
  3809  3461  4812  3311  4358  2530  4036     0   936  4598  2030  3358  2486  2080  3419  2661  1936  5574  4304  4620   642  4902  4555  3432  5170  3710  2320  3114  3091  2801  5774
  2439  4439  4049  4289  3594  1359  3481   925     0  3228  1329  4335  1400  1379  4396  1960  1235  4204  3750  3250   866  4139  3790  4410  4406  2340  1619  4092  4069  3780  4404
  1892  4746  1952  4596  2378  2302  3350  4609  3118     0  3882  4642  2256  2936  4702  2201  3789   976  3618  1472  3731  1658  2006  4716  1641  2646  4172  4399  4375  4086  1176
  3646  5648  5258  5498  4801  2566  4690  2501  1746  2308     0  5544  2609  2588  5604   920  1032  3284  4958  2330  2359  5346  4999  5618  5614  3548  1416  5300  5276  4988  3484
  3056   379  3040  3095  2584  2949  2262  3358  4294  4594  5059     0  2905  4111  3202  5380  4965  3732  2531  4615  3849  3129  2781  1659  3396  2420  5349  2899  2875  2586  4562
  1582  3031  3194  2882  2739    44  2626  2426  1385  2372  2149  2929     0  1202  2989  2780  2056  3348  2895  2394  1998  3284  2935  3002  3550  1484  2439  2685  2661  2372  3549
  2195  4195  3805  4046  3350  1115  3239  2105  1349  2985  2114  4091  1156     0  4152  2745  2020  3960  3506  3006  1962  3895  3548  4166  4162  2096  2404  3849  3825  3536  4160
  3204  2609  3960  1396  3505  2349  3184  2758  3694  3992  4458  2505  2305  3511     0  4779  4365  4969  3451  4015  3248  4050  3701  2580  4318  3105  4748   461   595   750  5169
  2639  5492  4149  5342  4575  3319  4535  3252  2498  2198   920  5389  3360  3339  5449     0  1402  3172  4802  2219  3110  3854  4204  5462  3838  3392   846  5145  5121  4832  3372
  3416  5416  5026  5266  4571  2336  4459  2270  1515  4205  1352  5312  2378  2356  5374  1744     0  5181  4728  4228  2128  5116  4768  5388  5384  3318   898  5069  5046  4756  5381
  3268  3834  1314  5555  1739  3261  2711  5568  4078   960  4842  3731  3215  3895  5662  3161  4749     0  2979  2432  4690  1019  1368  3805  1002  2631  5131  5358  5335  5045  1129
  2234  2800  2216  4209  1761  2786   490  4728  3651  3950  4416  2698  2742  3469  4315  4736  4322  2909     0  3972  4264  2306  1959  2771  2574  1598  4705  4011  3988  3699  3740
  1910  4764  3385  4614  3810  2320  3806  4626  3135  1432  3900  4660  2274  2954  4720  2219  3806  2409  4074     0  3749  3090  3439  4734  3074  2664  4190  4416  4392  4104  2609
  2925  4008  4535  3858  4080  1845  3969   698   866  3714  1815  3904  1886  1865  3964  2446  1721  4690  4236  3736     0  4625  4278  3978  4892  2826  2105  3660  3636  3348  4890
  2666  3232   712  4641  1138  3219  2110  5160  4084  1681  4849  3129  3175  3901  4748  3882  4755  1020  2378  3154  4696     0   766  3204   684  2030  5138  4444  4420  4131  1850
  2318  2885   676  4292   789  2870  1761  4812  3735  2031  4500  2781  2826  3552  4399  4232  4406  1369  2030  3504  4349   766     0  2856  1034  1681  4790  4095  4071  3782  2200
  3131  1129  3114  3170  2659  3024  2338  3432  4369  4668  5132  1659  2980  4186  3276  5454  5040  3806  2605  4690  3922  3204  2856     0  3471  2495  5422  2972  2950  2660  4638
  2934  3500   979  4908  1405  3485  2376  5428  4350  1628  5115  3396  3441  4169  5015  3829  5021   965  2645  3100  4964   684  1034  3471     0  2296  5405  4710  4688  4398  1796
   868  2521  1965  3349  1510  1420  1398  3361  2285  2584  3050  2418  1376  2102  3456  3370  2956  2658  1666  2606  2898  2055  1706  2492  2321     0  3340  3151  3129  2839  3489
  3494  5495  5104  5345  4649  2414  4538  2349  1594  4284  1430  5391  2456  2435  5451   846   556  5259  4805  4305  2206  5194  4846  5465  5461  3395     0  5148  5124  4835  5460
  2900  2304  3656  1505  3201  2045  2879  2454  3389  3689  4154  2201  2001  3208   461  4475  4060  4665  3148  3710  2944  3746  3398  2275  4012  2800  4444     0   291   445  4865
  2876  2281  3632  1640  3178  2021  2856  2430  3366  3665  4131  2178  1978  3184   595  4451  4038  4641  3124  3688  2920  3722  3375  2252  3990  2778  4420   291     0   422  4841
  2605  2010  3361  1896  2906  1750  2585  2159  3095  3394  3859  1906  1706  2912   725  4180  3766  4370  2852  3416  2649  3451  3102  1980  3719  2506  4149   421   398     0  4570
  3034  4642  2121  5738  2548  3444  3519  5749  4259  1141  5024  4539  3398  4076  5844  3342  4930  1145  3788  2614  4871  1826  2176  4614  1810  3439  5314  5540  5516  5228     0
DRONE_EDGE_WEIGHT_SECTION
     0  1463  1457  1017  1322   213  1279   898  1118   475  1054  1285   171   365   942  1107  1419   858  1247   311  1019  1342  1071  1405  1105   572  1329   761   716   603   482
  1463     0   654   649   499  1633   263  2252  2539  1474  2506   183  1595  1794   634  2570  2863  1066   300  1297  2402   694   654   176   893   933  2785   871   877  1119  1511
  1457   654     0  1086   200  1664   464  2346  2572  1255  2490   597  1622  1821  1010  2493  2858   716   451  1186  2474   128   388   804   435   895  2752  1185  1160  1380  1289
  1017   649  1086     0   886  1133   647  1673  1985  1224  1984   546  1102  1282   108  2088  2323  1062   646   981  1831  1048   823   506  1059   681  2264   272   306   515  1257
  1322   499   200   886     0  1524   274  2198  2439  1178  2370   410  1482  1684   811  2388  2737   671   257  1073  2333   197   266   630   430   751  2637   992   969  1195  1214
   213  1633  1664  1133  1524     0  1464   685   918   648   873  1459    42   162  1072   956  1232  1070  1434   521   810  1551  1277  1560  1318   773  1152   864   827   658   646
  1279   263   464   647   274  1464     0  2113  2381  1236  2332   136  1424  1626   590  2378  2695   805    39  1079  2257   468   391   362   632   720  2607   801   791  1031  1274
   898  2252  2346  1673  2198   685  2113     0   343  1275   449  2090   728   539  1642   669   686  1749  2086  1199   162  2235  1958  2153  2002  1451   678  1407  1387  1158  1261
  1118  2539  2572  1985  2439   918  2381   343     0  1410   198  2370   960   757  1945   427   345  1929  2351  1392   189  2454  2188  2451  2199  1689   342  1715  1690  1472  1388
   475  1474  1255  1224  1178   648  1236  1275  1410     0  1290  1292   616   749  1124  1255  1652   549  1199   256  1362  1128   912  1473   835   566  1531  1028   974   966    37
  1054  2506  2490  1984  2370   873  2332   449   198  1290     0  2332   912   713  1934   236   368  1825  2301  1304   336  2370  2112  2431  2102  1624   280  1713  1683  1479  1265
  1285   183   597   546   410  1459   136  2090  2370  1292  2332     0  1421  1621   506  2391  2691   900   161  1114  2238   604   502   232   753   750  2610   733   731   975  1330
   171  1595  1622  1102  1482    42  1424   728   960   616   912  1421     0   203  1039   989  1271  1029  1393   480   852  1509  1235  1524  1276   731  1190   835   797   636   616
   365  1794  1821  1282  1684   162  1626   539   757   749   713  1621   203     0  1226   807  1070  1210  1596   660   654  1707  1435  1719  1466   933   992  1011   978   793   740
   942   634  1010   108   811  1072   590  1642  1945  1124  1934   506  1039  1226     0  2028  2279   954   583   885  1797   964   728   513   959   576  2215   239   255   490  1157
  1107  2570  2493  2088  2388   956  2378   669   427  1255   236  2391   989   807  2028     0   443  1803  2344  1315   570  2369  2125  2509  2087  1659   298  1818  1783  1598  1226
  1419  2863  2858  2323  2737  1232  2695   686   345  1652   368  2691  1271  1070  2279   443     0  2190  2664  1672   526  2737  2479  2782  2468  1990   150  2052  2025  1811  1625
   858  1066   716  1062   671  1070   805  1749  1929   549  1825   900  1029  1210   954  1803  2190     0   767   550  1858   588   423  1119   287   451  2074   982   933  1057   581
  1247   300   451   646   257  1434    39  2086  2351  1199  2301   161  1393  1596   583  2344  2664   767     0  1043  2229   446   354   391   598   686  2575   788   775  1014  1236
   311  1297  1186   981  1073   521  1079  1199  1392   256  1304  1114   480   660   885  1315  1672   550  1043     0  1311  1066   811  1274   808   364  1567   774   721   712   284
  1019  2402  2474  1831  2333   810  2257   162   189  1362   336  2238   852   654  1797   570   526  1858  2229  1311     0  2361  2088  2307  2119  1583   531  1563  1542  1316  1345
  1342   694   128  1048   197  1551   468  2235  2454  1128  2370   604  1509  1707   964  2369  2737   588   446  1066  2361     0   284   826   308   788  2630  1120  1090  1301  1162
  1071   654   388   823   266  1277   391  1958  2188   912  2112   502  1235  1435   728  2125  2479   423   354   811  2088   284     0   732   256   507  2377   855   821  1023   948
  1405   176   804   506   630  1560   362  2153  2451  1473  2431   232  1524  1719   513  2509  2782  1119   391  1274  2307   826   732     0   984   913  2711   752   767  1003  1510
  1105   893   435  1059   430  1318   632  2002  2199   835  2102   753  1276  1466   959  2087  2468   287   598   808  2119   308   256   984     0   601  2355  1054  1013  1186   868
   572   933   895   681   751   773   720  1451  1689   566  1624   750   731   933   576  1659  1990   451   686   364  1583   788   507   913   601     0  1896   545   493   607   602
  1329  2785  2752  2264  2637  1152  2607   678   342  1531   280  2610  1190   992  2215   298   150  2074  2575  1567   531  2630  2377  2711  2355  1896     0  1993  1963  1758  1503
   761   871  1185   272   992   864   801  1407  1715  1028  1713   733   835  1011   239  1818  2052   982   788   774  1563  1120   855   752  1054   545  1993     0    54   251  1057
   716   877  1160   306   969   827   791  1387  1690   974  1683   731   797   978   255  1783  2025   933   775   721  1542  1090   821   767  1013   493  1963    54     0   244  1003
   603  1119  1380   515  1195   658  1031  1158  1472   966  1479   975   636   793   490  1598  1811  1057  1014   712  1316  1301  1023  1003  1186   607  1758   251   244     0   989
   482  1511  1289  1257  1214   646  1274  1261  1388    37  1265  1330   616   740  1157  1226  1625   581  1236   284  1345  1162   948  1510   868   602  1503  1057  1003   989     0
DEPOT_SECTION
0
-1
EOF
    