
NAME : CVS-31-10
COMMENT : CVS
TYPE : RDVRP-TW
DIMENSION : 31
CAPACITY : 100
EDGE_WEIGHT_TYPE : EXPLICIT
EDGE_WEIGHT_FORMAT : FULL_MATRIX 
NODE_COORD_SECTION
  0 -78.8465283000 35.7910400000
  1 -78.8366645000 35.7780285000
  2 -78.8584374000 35.7880318000
  3 -78.8394729000 35.7994966000
  4 -78.8503392000 35.7944270000
  5 -78.8343835000 35.7799935000
  6 -78.8616502000 35.7806436000
  7 -78.8544570000 35.7807686000
  8 -78.8481820000 35.7984078000
  9 -78.8368418000 35.7878694000
 10 -78.8397813000 35.7816692000
 11 -78.8342505000 35.7904060000
 12 -78.8514220000 35.7875176000
 13 -78.8581823000 35.7878949000
 14 -78.8530688000 35.7943345000
 15 -78.8381252000 35.7878240000
 16 -78.8432619000 35.8013603000
 17 -78.8611211000 35.7919911000
 18 -78.8457976000 35.7795762000
 19 -78.8384748000 35.7811357000
 20 -78.8401217000 35.8033139000
 21 -78.8593300000 35.7854244000
 22 -78.8371311000 35.8010178000
 23 -78.8522267000 35.7860092000
 24 -78.8354180000 35.7834990000
 25 -78.8395113000 35.8024721000
 26 -78.8437090000 35.7994786000
 27 -78.8383678000 35.8001808000
 28 -78.8474742000 35.7828905000
 29 -78.8385465000 35.7873795000
 30 -78.8384881000 35.7794858000
TIME_WINDOW_SECTION
  0      0  36000
  1      0  32024
  2      0  32229
  3      0  32675
  4      0  32945
  5      0  31970
  6      0  31268
  7      0  32095
  8      0  31331
  9      0  32694
 10      0  32319
 11      0  33211
 12      0  33689
 13      0  32229
 14      0  32468
 15      0  32885
 16      0  31518
 17      0  31460
 18      0  33014
 19      0  32310
 20      0  31291
 21      0  32015
 22      0  32308
 23      0  33404
 24      0  31819
 25      0  31025
 26      0  31320
 27      0  32442
 28      0  33532
 29      0  32939
 30      0  32330
DEMAND_SECTION
  0      0
  1     18
  2     23
  3     14
  4     29
  5     16
  6     26
  7     21
  8     30
  9     25
 10     27
 11      7
 12      7
 13     26
 14     26
 15      6
 16     12
 17     24
 18     11
 19     30
 20     16
 21     14
 22     11
 23     24
 24     21
 25     10
 26      5
 27      6
 28     12
 29     18
 30      7
SERVICE_TIME_SECTION
  0      0
  1   1000
  2   1000
  3   1000
  4   1000
  5   1000
  6   1000
  7   1000
  8   1000
  9   1000
 10   1000
 11   1000
 12   1000
 13   1000
 14   1000
 15   1000
 16   1000
 17   1000
 18   1000
 19   1000
 20   1000
 21   1000
 22   1000
 23   1000
 24   1000
 25   1000
 26   1000
 27   1000
 28   1000
 29   1000
 30   1000
TRUCK_EDGE_WEIGHT_SECTION
     0  3840  2955  2620  1526  3885  3915  3175  2515  2565  3144  2044  1749  2955  2004  2374  2449  3015  2449  3506  3119  3168  2988  2035  3415  3384  2526  2852  1930  2320  3132
  2976     0  4626  3558  4071   769  5586  3289  5060  1690   742  1918  2784  4626  4549  1762  4994  4686  1529   751  5664  4839  3925  2499   918  3958  5071  3790  1689  1715   328
  2771  3936     0  4034  2939  3981  1301  1922  3928  3979  3634  3458  3091     0  3416  3786  3862  1799  2939  3641  4531   540  4400  2592  4130  4796  3939  4266  2419  3734  3622
  2325  3575  4704     0  2885  3621  5664  4924  1284  2301  3555  1779  3498  4704  3362  2109   695  4764  4198  3241   594  4916   368  3784  3150   399   471   232  3679  2056  3544
  2055  4072  3580  2291     0  4119  4541  3800  1875  3261  3770  2740  2375  3580   478  3070  1809  3640  3075  3779  2479  3794  2658  2660  4111  2744  1886  2524  2555  3016  3759
  3030   815  4679  3611  4124     0  5640  3341  5114  1744   795  1970  2836  4679  4601  1815  5048  4739  1581   804  5716  4892  3978  2551   970  4010  5125  3844  1742  1769   784
  3732  4896  1301  4994  3900  4942     0  2882  4889  4939  4594  4418  4052  1301  4378  4748  4822  2175  3899  4602  5491   861  5361  3554  5090  5758  4900  5226  3380  4694  4582
  2905  3296  2620  4915  3820  3341  3580     0  4809  4262  2994  4339  2712  2620  4298  4668  4742  2679  2299  3001  5412  2832  5281  1952  3490  5678  4820  5146  1779  4615  2981
  3669  5688  5195  1284  2469  5732  6155  5415     0  4876  5384  4355  3989  5195  2946  4684   802  5255  4689  5392  2021  5408  1651  4275  5725  1684   880  1516  4170  4631  5372
  2306  1695  4685  2301  3209  1741  5645  4221  4198     0  1676  1889  3716  4685  3686   191  4131  4744  2461  1361  4801  4898  2668  3431  1271  2700  4209  2534  2622   245  1664
  2681   750  4331  3584  3776   795  5291  2994  4765  1716     0  1944  2488  4331  4254  1789  4699  4391  1234   215  5369  4544  3951  2202   944  3984  4776  3816  1394  1742   436
  1789  1939  4168  1784  2691  1984  5128  4388  3680  1865  1919     0  2961  4168  3169  1572  3615  4228  2705  1605  4284  4380  2151  3248  1514  2182  3691  2016  2866  1520  1908
  1311  2791  3468  3500  2405  2836  4428  2685  3395  3758  2489  2924     0  3468  2882  3254  3329  3528  1794  2496  3998  3680  3868   338  2985  4262  3405  3732  1274  3200  2478
  2771  3936     0  4034  2939  3981  1301  1922  3928  3979  3634  3458  3091     0  3416  3786  3862  1799  2939  3641  4531   540  4400  2592  4130  4796  3939  4266  2419  3734  3622
  2532  4550  4058  2769   478  4596  5019  4278  2352  3739  4248  3218  2852  4058     0  3548  2286  4118  3552  4256  2956  4271  3135  3138  4589  3221  2364  3001  3032  3494  4236
  2115  1768  4492  2109  3018  1812  5452  4294  4006   191  1748  1532  3286  4492  3495     0  3940  4552  2534  1434  4609  4705  2476  3504  1342  2509  4018  2341  2695    54  1736
  3482  5500  5008   695  2282  5546  5969  5228   802  4689  5198  4168  3802  5008  2760  4498     0  5068  4502  5206  1289  5221  1062  4089  5539  1094   224   928  3984  4444  5186
  3540  4704  1420  4801  3706  4750  2380  2690  4696  4746  4401  4225  3859  1420  4184  4555  4630     0  3706  4410  5299  1632  5169  3360  4898  5564  4708  5034  3186  4501  4390
  1986  1536  3636  4175  3081  1581  4596  2299  4070  2502  1234  2730  1792  3636  3559  2575  4004  3696     0  1241  4674  3849  4542  1508  1730  4939  4081  4408   699  2528  1222
  2690   759  4339  3281  3784   804  5300  3001  4774  1414   215  1641  2496  4339  4261  1486  4708  4399  1241     0  5376  4552  3649  2211   641  3680  4785  3514  1402  1439   444
  3709  5728  5235   594  2510  5772  6195  5455  1952  4916  5425  4395  4029  5235  2988  4725  1289  5295  4730  5432     0  5448   685  4315  5766   266  1065   550  4210  4671  5412
  2985  4149   540  4246  3151  4195   861  2135  4141  4191  3846  3670  3304   540  3629  4000  4075  2011  3151  3855  4744     0  4614  2805  4342  5009  4152  4479  2631  3946  3835
  2692  3942  5070   368  3251  3988  6031  5290  1651  2668  3922  2146  3865  5070  3729  2476  1062  5130  4565  3609   685  5284     0  4151  3518   490   839   135  4046  2422  3911
  1596  2506  3290  3786  2691  2551  4251  1952  3680  3472  2202  3210   338  3290  3169  3545  3615  3350  1508  2211  4284  3502  4152     0  2700  4549  3691  4019   989  3486  2191
  3181   966  4831  3142  4050  1012  5791  3494  5039  1275   948  1501  2988  4831  4528  1346  4974  4890  1734   632  5642  5044  3510  2702     0  3541  5050  3375  1894  1300   936
  3975  3974  5500   399  2775  4020  6460  5720  1684  2700  3955  2179  4294  5500  3252  2509  1094  5560  4995  3640   266  5712   490  4580  3550     0   870   355  4475  2455  3942
  3680  3865  5206   471  2480  3910  6166  5426   880  2590  5395  2069  4000  5206  2958  2399   224  5266  4700  5404  1065  5419   839  4286  3440   870     0   704  4181  2345  5384
  2558  3808  4936   232  3118  3852  5896  5156  1516  2534  3788  2011  3730  4936  3595  2341   928  4996  4430  3474   550  5149   135  4016  3382   355   704     0  3911  2288  3776
  1468  1696  3116  3656  2561  1742  4076  1779  3550  2664  1394  3080  1274  3116  3039  2735  3485  3176   699  1402  4154  3329  4022   989  1890  4419  3561  3889     0  2689  1382
  2061  1720  4439  2056  2964  1766  5400  4248  3952   245  1701  1480  3234  4439  3441    54  3886  4499  2488  1386  4556  4652  2422  3456  1296  2455  3964  2288  2648     0  1690
  2670   329  4319  3572  3765   784  5280  2981  4754  1705   436  1932  2476  4319  4242  1778  4688  4379  1222   444  5356  4532  3940  2191   932  3972  4765  3805  1382  1730     0
DRONE_EDGE_WEIGHT_SECTION
     0  1495   553   976   402  1311  1288  1181   822   503  1073   458   432   555   438   474  1155   547  1276  1143  1386   785  1162   599   936  1298   945  1060   908   503  1321
  1495     0  1383  2392  1895   235   995   743  2308  1095   422  1381  1194  1365  1916  1092  2609  1804   388   353  2818  1188  2559  1065   611  2723  2402  2467   679  1043   176
   553  1383     0  1452   772  1272   831   822  1214   803   995   934   267    18   729   755  1583   452  1054  1072  1827   292  1641   323   998  1749  1383  1538   704   743  1211
   976  2392  1452     0   688  2179  2253  2157   336  1298  1985  1030  1403  1461   757  1300   248  1148  2230  2044   426  1728   189  1572  1787   331   152    86  1872  1349  2228
   402  1895   772   688     0  1713  1591  1528   450   883  1473   741   770   782   100   862   813   479  1662  1544  1055  1056   875   940  1336   977   611   773  1289   897  1721
  1311   235  1272  2179  1713     0  1038   767  2113   882   277  1159  1054  1254  1741   883  2401  1668   436   201  2605  1118  2343   949   392  2509  2196  2252   591   837   166
  1288   995   831  2253  1591  1038     0   273  2039  1231   836  1494   856   818  1557  1191  2403  1263   614   880  2644   539  2441   695  1041  2563  2199  2338   591  1147   889
  1181   743   822  2157  1528   767   273     0  1977  1031   565  1312   760   806  1511   996  2329  1274   355   607  2564   550  2343   589   781  2478  2120  2241   354   948   623
   822  2308  1214   336   450  2113  2039  1977     0  1244  1889  1026  1218  1226   487  1234   373   856  2098  1956   618  1502   492  1388  1725   549   200   404  1728  1277  2137
   503  1095   803  1298   883   882  1231  1031  1244     0   699   298   544   793   935    48  1520  1008   983   752  1723   882  1464   610   489  1628  1316  1372   682    84   935
  1073   422   995  1985  1473   277   836   565  1889   699     0   994   784   978  1494   688  2196  1397   326    77  2409   846  2156   673   262  2316  1988  2061   321   637   248
   458  1381   934  1030   741  1159  1494  1312  1026   298   994     0   713   929   817   321  1263  1005  1281  1044  1453  1085  1186   828   770  1357  1067  1098   971   373  1226
   432  1194   267  1403   770  1054   856   760  1218   544   784   713     0   255   761   496  1569   614   909   861  1806   376  1591   171   747  1720  1361  1488   536   479  1018
   555  1365    18  1461   782  1254   818   806  1226   793   978   929   255     0   741   746  1595   469  1037  1055  1838   278  1650   305   982  1759  1394  1547   686   733  1194
   438  1916   729   757   100  1741  1557  1511   487   935  1494   817   761   741     0   910   859   394  1665  1566  1103  1018   941   927  1372  1029   665   841  1291   941  1740
   474  1092   755  1300   862   883  1191   996  1234    48   688   321   496   746   910     0  1518   968   962   745  1726   835  1469   563   492  1631  1313  1376   651    52   928
  1155  2609  1583   248   813  2401  2403  2329   373  1520  2196  1263  1569  1595   859  1518     0  1227  2427  2258   245  1869   223  1740  2009   182   210   219  2062  1566  2441
   547  1804   452  1148   479  1668  1263  1274   856  1008  1397  1005   614   469   394   968  1227     0  1496  1474  1471   734  1329   743  1344  1404  1046  1230  1133   980  1629
  1276   388  1054  2230  1662   436   614   355  2098   983   326  1281   909  1037  1665   962  2427  1496     0   328  2651   827  2408   756   587  2559  2217  2310   374   910   278
  1143   353  1072  2044  1544   201   880   607  1956   752    77  1044   861  1055  1566   745  2258  1474   328     0  2470   919  2214   750   287  2375  2051  2120   392   695   184
  1386  2818  1827   426  1055  2605  2644  2564   618  1723  2409  1453  1806  1838  1103  1726   245  1471  2651  2470     0  2111   277  1976  2212    96   446   354  2289  1775  2653
   785  1188   292  1728  1056  1118   539   550  1502   882   846  1085   376   278  1018   835  1869   734   827   919  2111     0  1917   273   923  2031  1666  1813   527   806  1027
  1162  2559  1641   189   875  2343  2441  2343   492  1464  2156  1186  1591  1650   941  1469   223  1329  2408  2214   277  1917     0  1760  1951   183   292   103  2053  1519  2397
   599  1065   323  1572   940   949   695   589  1388   610   673   828   171   305   927   563  1740   743   756   750  1976   273  1760     0   689  1890  1532  1657   390   532   892
   936   611   998  1787  1336   392  1041   781  1725   489   262   770   747   982  1372   492  2009  1344   587   287  2212   923  1951   689     0  2117  1805  1860   459   448   462
  1298  2723  1749   331   977  2509  2563  2478   549  1628  2316  1357  1720  1759  1029  1631   182  1404  2559  2375    96  2031   183  1890  2117     0   366   258  2199  1680  2559
   945  2402  1383   152   611  2196  2199  2120   200  1316  1988  1067  1361  1394   665  1313   210  1046  2217  2051   446  1666   292  1532  1805   366     0   207  1852  1360  2234
  1060  2467  1538    86   773  2252  2338  2241   404  1372  2061  1098  1488  1547   841  1376   219  1230  2310  2120   354  1813   103  1657  1860   258   207     0  1954  1425  2304
   908   679   704  1872  1289   591   591   354  1728   682   321   971   536   686  1291   651  2062  1133   374   392  2289   527  2053   390   459  2199  1852  1954     0   601   509
   503  1043   743  1349   897   837  1147   948  1277    84   637   373   479   733   941    52  1566   980   910   695  1775   806  1519   532   448  1680  1360  1425   601     0   879
  1321   176  1211  2228  1721   166   889   623  2137   935   248  1226  1018  1194  1740   928  2441  1629   278   184  2653  1027  2397   892   462  2559  2234  2304   509   879     0
DEPOT_SECTION
0
-1
EOF
    