
NAME : CVS-61-4
COMMENT : CVS
TYPE : RDVRP-TW
DIMENSION : 61
CAPACITY : 100
EDGE_WEIGHT_TYPE : EXPLICIT
EDGE_WEIGHT_FORMAT : FULL_MATRIX 
NODE_COORD_SECTION
  0 -78.8465283000 35.7910400000
  1 -78.8463347000 35.7801209000
  2 -78.8525753000 35.7996404000
  3 -78.8463143000 35.7839446000
  4 -78.8423690000 35.7817210000
  5 -78.8443086000 35.8029236000
  6 -78.8322429000 35.7844614000
  7 -78.8567304000 35.7831805000
  8 -78.8558300000 35.7878806000
  9 -78.8627824000 35.7810613000
 10 -78.8595831000 35.7874714000
 11 -78.8547770000 35.8025003000
 12 -78.8426140000 35.7787520000
 13 -78.8572118000 35.7986310000
 14 -78.8630165000 35.7826549000
 15 -78.8497308000 35.7820677000
 16 -78.8528991000 35.7945801000
 17 -78.8333430000 35.7787915000
 18 -78.8395085000 35.8016230000
 19 -78.8398030000 35.7810098000
 20 -78.8575632000 35.7792799000
 21 -78.8457106000 35.7853070000
 22 -78.8395359000 35.7800364000
 23 -78.8536661000 35.7782443000
 24 -78.8592602000 35.7858955000
 25 -78.8338615000 35.7877750000
 26 -78.8390557000 35.7803725000
 27 -78.8388499000 35.7781098000
 28 -78.8552240000 35.7797575000
 29 -78.8519558000 35.7876541000
 30 -78.8508273000 35.8012091000
 31 -78.8593213000 35.8002439000
 32 -78.8334905000 35.7844190000
 33 -78.8429720000 35.7827370000
 34 -78.8414072000 35.8029317000
 35 -78.8526614000 35.7887894000
 36 -78.8354620000 35.7838830000
 37 -78.8397701000 35.7977877000
 38 -78.8380100000 35.7865280000
 39 -78.8453308000 35.7972501000
 40 -78.8556631000 35.7976316000
 41 -78.8475070000 35.7812001000
 42 -78.8550973000 35.7854155000
 43 -78.8481679000 35.7800696000
 44 -78.8510421000 35.8042864000
 45 -78.8372161000 35.7823750000
 46 -78.8565419000 35.7886486000
 47 -78.8417625000 35.7794140000
 48 -78.8507164000 35.8045067000
 49 -78.8489244000 35.7902107000
 50 -78.8416014000 35.7968683000
 51 -78.8361910000 35.7786585000
 52 -78.8360440000 35.7898695000
 53 -78.8440426000 35.7981293000
 54 -78.8468720000 35.7937007000
 55 -78.8555239000 35.7792618000
 56 -78.8387501000 35.8015492000
 57 -78.8507898000 35.8038116000
 58 -78.8351405000 35.7822005000
 59 -78.8593410000 35.8031478000
 60 -78.8425701000 35.8039182000
TIME_WINDOW_SECTION
  0      0  36000
  1      0  33044
  2      0  32081
  3      0  33688
  4      0  32652
  5  15390  17390
  6      0  31685
  7      0  32524
  8      0  32856
  9      0  31235
 10  15203  17203
 11      0  30579
 12      0  32720
 13      0  31460
 14      0  31492
 15      0  33559
 16      0  32431
 17      0  30892
 18      0  32386
 19      0  32279
 20      0  31739
 21      0  33929
 22      0  32424
 23      0  31314
 24      0  32148
 25      0  32195
 26      0  32491
 27      0  32209
 28      0  32018
 29      0  33638
 30      0  32429
 31      0  31242
 32      0  32320
 33      0  32986
 34      0  31480
 35      0  33830
 36      0  31799
 37      0  32574
 38      0  32765
 39      0  32132
 40      0  32266
 41      0  33492
 42      0  32336
 43      0  33334
 44      0  32030
 45      0  32076
 46      0  32820
 47      0  32581
 48      0  32030
 49      0  34014
 50      0  31709
 51      0  31961
 52      0  32926
 53      0  31050
 54      0  33404
 55      0  31959
 56      0  32144
 57      0  32030
 58      0  31909
 59      0  30082
 60      0  31565
DEMAND_SECTION
  0      0
  1     29
  2     27
  3     27
  4      6
  5     19
  6     22
  7     16
  8     18
  9     28
 10      8
 11     30
 12      8
 13     16
 14      5
 15     23
 16     15
 17     17
 18     16
 19     28
 20     17
 21     12
 22     23
 23     23
 24     29
 25      9
 26      9
 27     25
 28     18
 29     19
 30     16
 31     29
 32     29
 33     21
 34      6
 35     23
 36      5
 37      8
 38      5
 39     16
 40      7
 41     20
 42     30
 43      6
 44     22
 45     23
 46     23
 47     22
 48      8
 49     10
 50     29
 51     30
 52     14
 53      8
 54     11
 55     13
 56     17
 57     14
 58      9
 59      8
 60     24
SERVICE_TIME_SECTION
  0      0
  1   1000
  2   1000
  3   1000
  4   1000
  5   1000
  6   1000
  7   1000
  8   1000
  9   1000
 10   1000
 11   1000
 12   1000
 13   1000
 14   1000
 15   1000
 16   1000
 17   1000
 18   1000
 19   1000
 20   1000
 21   1000
 22   1000
 23   1000
 24   1000
 25   1000
 26   1000
 27   1000
 28   1000
 29   1000
 30   1000
 31   1000
 32   1000
 33   1000
 34   1000
 35   1000
 36   1000
 37   1000
 38   1000
 39   1000
 40   1000
 41   1000
 42   1000
 43   1000
 44   1000
 45   1000
 46   1000
 47   1000
 48   1000
 49   1000
 50   1000
 51   1000
 52   1000
 53   1000
 54   1000
 55   1000
 56   1000
 57   1000
 58   1000
 59   1000
 60   1000
TRUCK_EDGE_WEIGHT_SECTION
     0  2420  2455  2569  2810  2599  3265  2745  2148  3506  2828  3904  2742  3024  3690  1876  2040  4979  2909  3184  3530  2329  3039  3956  3035  3095  2971  3254  3251  1800  1981  3241  2935  2476  2929  1345  3058  2721  2495  1579  2205  1971  2475  2129  2444  3365  2184  2881  2444  1175  2004  3901  2332  2796  1409  3310  3151  2444  3325  4400  2844
  1956     0  3980  1469   870  4125  2564  1840  3011  4159  3480  5062   802  4182  4342   804  3565  2646  4435  1244  2624  1229  1099  3050  3686  2392  1031  1314  2345  1815  3508  4400  2234   536  4455  2164  1725  4246  2394  3105  3731   710  2028   400  3970  1690  3046   941  3970  2299  3529  1569  3859  4321  2935  2405  4678  3970  1610  5559  4370
  2919  3910     0  4059  4300  1795  4825  3316  2720  4079  3400  1874  4232   808  4262  3366  2232  6076  2698  4674  4101  3818  4529  4528  3606  4655  4461  4744  3822  3290   992  1210  4495  3966  2125  2835  4618  2229  4055  1804  2399  3461  3046  3619  1640  4925  2755  4371  1640  2664  2228  4999  3894  1991  1805  3882  2658  1640  4885  2370  2040
  1312  1790  3336     0  2180  3480  3874  2281  2662  4021  3342  4419  2114  3538  4205  1246  2920  3956  3790  2554  3066   240  2409  3492  3549  3704  2341  2624  2788  1171  2862  3755  3544  1846  3810  1520  3035  3601  3704  2460  3086  1341  2469  1499  3325  3000  2698  2251  3325  1655  2885  2879  3214  3676  2290  2848  4032  3325  2921  4915  3725
  2348   870  4371  1860     0  4515  2170  2230  3401  4549  3870  5454   686  4572  4732  1194  3955  2252  4236   850  3015  1619   705  3440  4078  2000   638   920  2736  2206  3898  4790  1840   286  4845  2555  1331  4049  2000  3495  4121  1101  2418  1259  4360  1298  3438   825  4360  2690  3920  1175  3696  4711  3325  2795  4479  4360  1218  5950  4760
  3190  4181  1896  4330  4571     0  5096  4506  3909  5268  4589  1969  4505  4785  5451  3638  2504  6348   902  4945  5291  4090  4800  5718  4796  4926  4732  5015  5012  3562  1422  5002  4766  4238   330  3106  4889  1760  4326  2075  2670  3732  4236  3890   868  5196  3945  4642   868  2936  2500  5270  4165  1522  2078  5072  1352   868  5158  6044   245
  3315  2585  5146  3575  2191  5291     0  3945  4886  6245  5566  6642  2401  5762  6429  2910  4731  2988  3599  1868  4730  3334  1722  5155  5774   502  1656  1938  4451  3921  4672  5979   142  2641  5620  4084  1065  3410  1694  4270  4898  2816  4132  2974  5136  1372  4922  2540  5136  3912  3202  1910  3058  3624  3278  4510  3840  5136  1334  7139  5536
  2476  1840  3261  1989  2230  4464  3924     0  1595  2742  2064  3390  2162  2509  2926  1102  3904  4006  4774  2604   555  1749  2459  1378  2270  3754  2391  2674   766  1810  3846  2726  3594  1896  4794  1692  3085  4586  3754  3444  4070  1391   611  1549  4309  3050  1630  2301  4309  2136  3869  2929  4198  4660  3274   825  5016  4309  2971  3886  4709
  2144  3135  3240  3284  3525  3385  4050  2661     0  3422  2744  3820  3458  2940  3606  2591  2825  5301  3695  3899  3446  3044  3754  3872  2951  3880  3686  3969  3168  2516  2766  3158  3720  3191  3715   532  3842  3506  3280  2364  2991  2686  2391  2844  3230  4150   250  3596  3230  1056  2789  4224  3119  3581  2195  3228  3936  3230  4111  4316  3630
  3765  3902  3804  4051  4292  5006  5671  2486  2136     0  1120  3931  4226  3051   471  3165  4446  6069  5316  4666  3271  3811  4521  3696   914  5501  4455  4736  2992  4138  4388  3268  5341  3959  5336  2235  5464  5128  4901  3986  4612  3454  2216  3611  4851  5114  2172  4364  4851  2678  4410  4991  4740  5202  3816  3051  5558  4851  5034  4428  5251
  2645  2782  2684  2931  3172  3886  4551  1366  1016  1120     0  2811  3106  1931   862  2045  3326  4949  4196  3546  2151  2691  3401  2576   208  4381  3334  3616  1872  3016  3268  2148  4221  2839  4215  1114  4344  4008  3781  2865  3492  2334  1096  2491  3731  3992  1052  3244  3731  1558  3290  3871  3620  4082  2696  1931  4438  3731  3914  3308  4131
  4421  4805  1819  4955  5196  1972  6328  3390  2792  4151  3472     0  5129  1066  4335  4069  3390  6972  2875  5570  4174  4714  5425  4600  3679  6158  5358  5640  3895  4792  1986   664  5998  4862  2302  2890  6120  3388  5556  2961  3556  4356  3119  4515  1574  6426  2828  5268  1574  3334  3386  5895  5395  3150  4471  3955  3325  1574  6388  1800  2218
  2280   802  4304  1792   686  4449  2380  2162  3334  4481  3802  5386     0  4506  4665  1128  3889  2462  4446  1060  2948  1552   915  3374  4010  2210   848  1130  2669  2139  3830  4722  2050   859  4778  2488  1541  4258  2210  3428  4055  1034  2350  1192  4294  1506  3370   190  4294  2622  3852  1385  4182  4645  3259  2729  4689  4294  1428  5882  4694
  3540  3925   752  4074  4316  2132  5446  2509  1912  3270  2591  1066  4249     0  3455  3189  4221  6092  5091  4690  3294  3834  4545  3720  2799  5276  4478  4760  3015  3912   920   402  5116  3981  2462  2010  5239  4902  4676  3761  4388  3476  2239  3635  1978  5546  1948  4386  1978  2454  4185  5015  4515  2329  3591  3075  5334  1978  5508  1562  2378
  3508  3645  3546  3794  4035  4749  5414  2229  1879   471   862  3674  3969  2794     0  2908  4189  5811  5059  4409  3014  3554  4264  3439   655  5244  4196  4479  2735  3879  4130  3010  5084  3701  5078  1976  5206  4870  4644  3728  4355  3196  1959  3354  4594  4855  1915  4106  4594  2420  4152  4734  4482  4945  3559  2794  5300  4594  4776  4170  4994
  1441   804  3465   952  1194  3609  2888  1102  2274  3421  2742  4069  1128  3189  3605     0  3049  2971  3919  1569  1888   712  1424  2314  2950  2718  1356  1639  1609  1299  2991  3405  2558   860  3939  1649  2050  3730  2719  2589  3215   355  1290   514  3454  2015  2310  1265  3454  1782  3012  1894  3342  3805  2419  1668  4161  3454  1935  4565  3854
  2569  3559  2329  3708  3950  2472  4474  3885  3288  4646  3968  3419  3882  4164  4830  3015     0  5726  3375  4324  4669  3468  4179  5095  4174  4304  4111  4394  4391  2940  1855  4380  4145  3615  2802  2484  4268  2908  3704  1452  1246  3110  3614  3269  2319  4574  3322  4020  2319  2314  1878  4649  3542  2670  1455  4450  3335  2319  4535  5540  2719
  4108  2630  6131  3619  2236  6275  2910  3990  5161  6309  5630  7212  2446  6332  6492  2954  5715     0  4978  1912  4774  3379  1768  5200  5836  2740  1700  1982  4496  3965  5658  6550  2580  2686  6605  4315  2072  4789  2741  5255  5881  2860  4178  3019  6120  2038  5196  2584  6120  4449  4581  1305  4436  5002  4656  4555  5219  6120  1958  7709  6520
  2614  4458  2798  4606  4208   902  3289  4784  4186  5545  4866  2871  4418  5061  5729  3914  3406  5004     0  3884  5568  4366  3739  5994  5072  3119  3672  3954  5289  3839  2325  5279  2959  4514   572  3382  3081   968  2519  1555  3572  4009  4512  4168  1770  3389  4221  4556  1770  3212  1335  3926  2358  1030  2576  5349   544  1770  3350  6945   814
  2721  1244  4745  2234   850  4889  1846  2604  3775  4922  4244  5828  1060  4948  5106  1569  4329  1930  3914     0  3389  1994   381  3815  4451  1676   315   598  3110  2580  4271  5164  1516  1300  5219  2929  1009  3725  1678  3869  4495  1475  2791  1632  4734   452  3811  1199  4734  3064  3518   851  3372  3939  3591  3169  4155  4734   894  6324  5134
  3261  2624  4046  2772  3015  5249  4708   555  2379  3526  2848  4174  2948  3294  3711  1888  4689  4791  5559  3389     0  2532  3244   824  3055  4538  3176  3459   601  2594  4631  3510  4378  2680  5579  2478  3870  5370  4539  4229  4855  2175  1395  2334  5094  3835  2415  3086  5094  2921  4652  3714  4982  5445  4059   541  5801  5094  3755  4670  5494
  1071  1550  3095   240  1940  3240  3634  2041  2421  3780  3101  4178  1872  3298  3964  1006  2680  3716  3550  2314  2826     0  2169  3252  3309  3462  2101  2384  2548   930  2622  3515  3304  1606  3570  1279  2795  3361  3464  2220  2846  1101  2229  1259  3085  2760  2458  2011  3085  1414  2644  2639  2974  3436  2050  2606  3792  3085  2680  4674  3485
  2576  1099  4600  2089   705  4744  1701  2459  3630  4778  4099  5682   915  4801  4961  1424  4184  1784  3768   381  3244  1848     0  3669  4306  1531    68   294  2965  2435  4126  5019  1371  1155  5074  2784   864  3580  1531  3724  4350  1330  2646  1488  4589   829  3666  1054  4589  2919  3372   706  3228  3794  3446  3024  4010  4589   749  6179  4989
  3686  3050  4472  3199  3440  5675  5134  1378  2805  3952  3274  4600  3374  3720  4136  2314  5115  5218  5985  3815   824  2959  3669     0  3481  4964  3602  3885   889  3020  5056  3936  4804  3106  6005  2904  4296  5796  4965  4655  5281  2601  1821  2760  5520  4261  2841  3511  5520  3346  5079  4139  5409  5871  4485   829  6226  5520  4181  5096  5920
  2852  2989  2890  3139  3380  4092  4759  1572  1224   914   208  3018  3312  2138   655  2252  3532  5156  4402  3754  2358  2898  3609  2784     0  4588  3541  3824  2079  3224  3475  2355  4429  3046  4422  1321  4551  4214  3988  3072  3699  2540  1302  2699  3938  4200  1259  3451  3938  1765  3498  4079  3826  4289  2902  2139  4645  3938  4120  3514  4338
  2805  2369  4636  3359  1976  4780   502  3729  4376  5735  5056  6132  2186  5252  5919  2694  4220  2771  3088  1652  4514  3119  1508  4940  5262     0  1440  1722  4235  3705  4162  5469   728  2426  5110  3572   850  2900  1479  3760  4386  2600  3916  2759  4625  1158  4411  2324  4625  3402  2692  1694  2548  3114  2766  4295  3330  4625  1118  6629  5025
  2509  1031  4532  2021   638  4676  1634  2391  3562  4710  4031  5615   848  4735  4894  1356  4118  1718  3701   315  3176  1781    68  3602  4239  1464     0   282  2898  2368  4059  4951  1304  1088  5006  2716   796  3512  1465  3656  4282  1262  2579  1421  4522   761  3599   986  4522  2851  3305   640  3160  3726  3380  2958  3942  4522   681  6111  4921
  2791  1314  4815  2304   920  4959  1916  2674  3845  4992  4314  5898  1130  5016  5176  1639  4399  2000  3984   598  3459  2062   294  3885  4521  1746   282     0  3180  2650  4341  5234  1586  1370  5289  2999  1079  3795  1746  3939  4565  1545  2861  1702  4804  1044  3881  1269  4804  3134  3588   921  3442  4009  3661  3239  4225  4804   964  6394  5204
  2982  2345  3768  2495  2736  4970  4430   766  2101  3249  2570  3895  2669  3015  3432  1609  4410  4512  5280  3110   601  2254  2965   889  2776  4259  2898  3180     0  2315  4352  3232  4100  2402  5300  2199  3591  5091  4260  3950  4576  1896  1118  2055  4815  3556  2136  2808  4815  2642  4374  3435  4704  5166  3780    59  5522  4815  3476  4391  5215
  1362  1816  3386  1965  2206  3531  3900  1810  2712  4071  3392  4469  2139  3589  4255  1272  2971  3982  3841  2580  2594  1725  2435  3020  3600  3730  2368  2650  2315     0  2912  3805  3570  1872  3860  1570  3061  3652  3730  2510  3138  1368  1998  1525  3376  3026  2749  2278  3376  1705  2935  2905  3265  3728  2341  2375  4082  3376  2948  4965  3776
  2571  3562   994  3711  3952  1448  4478  3888  3290  4649  3970  1974  3885   909  4832  3019  1885  5729  2350  4326  4672  3471  4181  5099  4178  4308  4114  4396  4394  2944     0  1311  4148  3619  1778  2488  4270  1882  3708  1456  2051  3114  3618  3271  1292  4578  3326  4024  1292  2318  1881  4651  3546  1644  1459  4454  2310  1292  4539  2471  1692
  3758  4142  1155  4291  4532  4998  5664  2726  2129  3488  2809   664  4466   402  3671  3405  4439  6309  5309  4906  3511  4051  4761  3936  3016  5494  4694  4976  3232  4129  1322     0  5334  4199  5328  2226  5456  5120  4894  3978  4605  3694  2456  3851  1856  5764  2165  4604  1856  2670  4402  5231  4732  5195  3808  3291  5550  1856  5724  1160  5242
  2680  2245  4511  3234  1851  4655   142  3605  4251  5610  4931  6008  2061  5128  5794  2569  4096  2648  2964  1528  4389  2994  1382  4815  5139   726  1315  1598  4111  3580  4038  5344     0  2301  4985  3449   725  2775  1354  3635  4261  2475  3792  2634  4501  1032  4288  2199  4501  3278  2568  1570  2422  2989  2642  4170  3205  4501   992  6504  4900
  2014   536  4038  1526   286  4181  2620  1896  3068  4215  3536  5119   859  4239  4399   860  3621  2702  4491  1300  2680  1285  1155  3106  3742  2450  1088  1370  2402  1872  3564  4456  2290     0  4511  2221  1781  4302  2450  3161  3788   768  2084   925  4026  1746  3102   998  4026  2355  3585  1625  3915  4378  2991  2461  4734  4026  1668  5616  4426
  3520  4511  2226  4660  4901   330  5426  4836  4239  5598  4919  2299  4834  5115  5781  3968  2834  6678   572  5275  5621  4420  5130  6048  5126  5256  5062  5345  5342  3892  1752  5332  5096  4568     0  3436  5219  1460  4656  2405  3000  4062  4566  4220  1198  5526  4275  4972  1198  3266  1828  5600  4495  1522  2406  5402  1022  1198  5488  6374   241
  1170  2160  2919  2309  2550  3064  3729  2340   532  3102  2424  3500  2484  2619  3286  1616  2504  4328  3374  2925  3125  2069  2780  3551  2630  3559  2712  2995  2846  1541  2446  2836  3399  2216  3394     0  3521  3185  2959  2044  2670  1711  2070  1870  2909  3371   569  2621  2909   736  2468  3250  2798  3260  1874  2906  3616  2909  3291  3996  3309
  3201  1724  4618  2714  1330  4761  1002  3084  4358  5716  5038  6114  1540  5234  5900  2049  4202  2126  3070  1008  3869  2474   862  4295  5245   832   795  1078  3590  3060  4144  5450   672  1780  5091  3409     0  2881   834  3741  4368  1955  3271  2114  4608   511  4394  1679  4608  3384  2674  1049  2529  3095  2749  3650  3311  4608   472  6610  5006
  2426  4269  2894  4418  4019  1746  3100  4595  3998  5356  4678  2966  4229  4874  5540  3725  3501  4815   968  3696  5379  4178  3551  5805  4884  2930  3484  3766  5101  3650  2420  5090  2770  4325  1460  3194  2894     0  2330  1366  3668  3820  4324  3979  1865  3200  4032  4368  1865  3024  1146  3738  2169   600  2388  5160  1210  1865  3161  6250  1701
  2235  2352  4066  3342  1960  4211  1671  3712  3806  5165  4486  5562  2169  4682  5349  2678  3651  2755  2519  1636  4498  3102  1491  4924  4694  1501  1424  1706  4219  3689  3592  4900  1341  2409  4541  3004   834  2330     0  3191  3818  2584  3900  2742  4056  1140  3842  2308  4056  2834  2122  1678   995  2545  2198  4279  2761  4056  1101  6059  4456
  2868  3858  1572  4006  4248  1716  4772  4184  3586  4945  4266  2662  4181  4462  5129  3314  2181  6025  1555  4622  4968  3766  4478  5394  4472  4602  4410  4692  4690  3239  1099  4679  4444  3914  2046  2782  4566  1366  4002     0  2346  3409  3912  3568  1562  4872  3621  4319  1562  2612   425  4948  3841  1914  1754  4749  1796  1562  4834  5839  1961
  2734  3725  2495  3874  4115  2639  4640  4051  3454  4812  4134  3585  4049  4329  4996  3181  1246  5892  3541  4490  4835  3634  4344  5261  4340  4470  4278  4559  4556  3106  2021  4546  4310  3781  2969  2650  4432  3074  3870  1619     0  3276  3780  3435  2484  4740  3489  4186  2484  2480  2044  4814  3709  2836  1621  4616  3501  2484  4701  5706  2884
  1508   710  3531  1020  1101  3676  2794  1391  2562  3710  3031  4614  1034  3734  3894   355  3116  2878  3986  1475  2175   780  1330  2601  3238  2624  1262  1545  1896  1366  3059  3951  2465   768  4006  1715  1956  3798  2625  2656  3282     0  1579   159  3521  1921  2598  1172  3521  1850  3080  1800  3410  3872  2486  1956  4229  3521  1841  5110  3921
  2664  2028  2991  2176  2418  4194  4111   611  1324  2472  1794  3119  2350  2239  2656  1290  3634  4194  4504  2791  1395  1936  2646  1821  2000  3941  2579  2861  1118  1998  3576  2455  3781  2084  4524  1422  3272  4315  3941  3174  3800  1579     0  1736  4039  3238  1360  2489  4039  1866  3598  3116  3928  4390  3004  1176  4746  4039  3159  3615  4439
  1666   400  3690  1179  1259  3834  2952  1549  2720  3868  3189  4772  1192  3892  4051   514  3275  3035  4144  1632  2334   939  1488  2760  3396  2782  1421  1702  2055  1525  3216  4109  2622   925  4164  1874  2114  3956  2782  2814  3440   159  1736     0  3679  2080  2756  1330  3679  2009  3239  1958  3568  4031  2644  2114  4386  3679  2000  5269  4079
  2970  3961  1676  4110  4351   866  4876  4286  3690  5049  4370  1532  4285  4565  5232  3418  2284  6128  1769  4725  5071  3870  4580  5498  4576  4706  4514  4795  4792  3342  1202  1816  4546  4018  1196  2886  4669  2281  4106  1855  2450  3512  4016  3670     0  4976  3725  4422     0  2716  2280  5050  3945  2042  1858  4852  2219     0  4938  5886  1111
  2924  1446  4948  2436  1054  5091  1408  2806  3978  5125  4446  6030  1262  5150  5309  1771  4532  1849  3474   411  3591  2196   585  4018  4654  1238   518   800  3312  2782  4474  5366  1078  1502  5421  3131   569  3286  1238  4071  4698  1678  2994  1836  4938     0  4014  1401  4938  3266  3079   771  2934  3500  3152  3372  3716  4938   455  6526  5338
  2180  3170  3276  3319  3561  3420  4086  2698   250  3459  2780  3856  3494  2976  3642  2626  2860  5338  3730  3935  3481  3079  3790  3908  2988  3915  3722  4005  3204  2551  2802  3192  3756  3226  3750   569  3879  3541  3315  2400  3026  2721  2426  2880  3265  4185     0  3631  3265  1092  2825  4260  3154  3616  2230  3262  3972  3265  4146  4352  3665
  2419   941  4442  1931   825  4586  2518  2301  3472  4620  3941  5525   190  4644  4804  1265  4026  2601  4585  1199  3086  1690  1054  3511  4149  2348   986  1269  2808  2278  3969  4861  2188   998  4916  2626  1680  4396  2349  3566  4192  1172  2489  1330  4431  1645  3508     0  4431  2761  3990  1524  4320  4782  3396  2866  4826  4431  1565  6021  4831
  2970  3961  1676  4110  4351   866  4876  4286  3690  5049  4370  1532  4285  4565  5232  3418  2284  6128  1769  4725  5071  3870  4580  5498  4576  4706  4514  4795  4792  3342  1202  1816  4546  4018  1196  2886  4669  2281  4106  1855  2450  3512  4016  3670     0  4976  3725  4422     0  2716  2280  5050  3945  2042  1858  4852  2219     0  4938  5886  1111
   986  1976  2364  2125  2366  2509  3174  2351  1755  3114  2435  3511  2300  2630  3298  1432  1949  4144  2819  2741  3136  1885  2595  3562  2641  3004  2529  2811  2858  1358  1890  2848  2844  2032  2838   631  2966  2630  2404  1488  2115  1528  2081  1686  2354  3274  1790  2438  2354     0  1912  3065  2242  2705  1319  2918  3060  2354  3234  4008  2754
  3291  4282  1998  4431  3812  2141  2894  4608  4010  5369  4690  3088  4605  4886  5552  3739  2605  4608  1335  3489  5392  4191  3344  5819  4898  2724  3276  3559  5114  3664  1524  5104  2564  4339  2471  3208  2686  1146  2122   425  2771  3834  4338  3991  1986  2994  4046  4744  1986  3038     0  3530  1961  1360  2178  5174  1576  1986  2954  6262  2386
  3039  1561  5062  2551  1168  5206  1842  2921  4092  5240  4561  6145  1378  5265  5424  1886  4648  1356  3909   845  3706  2311   700  4132  4769  1672   632   915  3428  2898  4589  5481  1512  1618  5536  3246  1004  3720  1672  4186  4812  1792  3109  1950  5051   969  4129  1516  5051  3381  3514     0  3369  3935  3588  3486  4151  5051   890  6641  5451
  2074  3918  3905  4066  3631  4050  2712  4242  3645  5004  4325  5401  3841  4521  5188  3374  3490  4428  2358  3308  5028  3826  3162  5454  4532  2542  3096  3378  4749  3298  3431  4739  2382  3974  4380  2842  2505  2169   995  3030  3656  3469  3972  3626  3895  2812  3681  3980  3895  2671  1961  3350     0  2384  2036  4808  2600  3895  2774  5898  4295
  3950  4940  2655  5090  5331  1508  3315  5266  4669  6028  5349  2729  5264  5545  6211  4398  3264  5030  1030  3910  6051  4849  3765  6476  5556  3145  3698  3980  5772  4321  2181  5761  2985  4998  1522  3866  3108   600  2545  1580  3430  4491  4996  4650  1628  3415  4705  5402  1628  3695  1360  3951  2384     0  2836  5831  1271  1628  3375  6802  1752
  1596  2588  1880  2736  2978  2024  3030  2912  2315  3674  2995  4071  2910  3191  3858  2044  1464  4745  2926  3351  3698  2496  3206  4124  3202  2860  3139  3421  3419  1969  1406  3409  2701  2644  2354  1512  2824  2458  2260  1004  1630  2139  2642  2296  1869  3130  2351  3049  1869  1342  1428  3668  2099  2220     0  3479  2886  1869  3091  4568  2269
  3041  2405  3828  2554  2795  5030  4489   825  2160  3308  2629  3955  2729  3075  3491  1668  4470  4571  5340  3169   541  2314  3024   829  2836  4319  2958  3239    59  2375  4411  3291  4159  2461  5359  2258  3651  5151  4319  4009  4636  1956  1176  2114  4875  3616  2196  2866  4875  2701  4434  3494  4764  5226  3840     0  5581  4875  3536  4451  5274
  2856  4700  3321  4849  4450  1352  3531  5025  4428  5786  5108  3394  4660  5304  5970  4156  3929  5246   544  4126  5810  4609  3981  6236  5315  3361  3914  4196  5531  4081  2848  5521  3201  4756  1022  3625  3324  1210  2761  1796  4095  4251  4755  4409  2294  3631  4464  4798  2294  3455  1576  4169  2600  1271  2819  5591     0  2294  3591  6822  1262
  2970  3961  1676  4110  4351   866  4876  4286  3690  5049  4370  1532  4285  4565  5232  3418  2284  6128  1769  4725  5071  3870  4580  5498  4576  4706  4514  4795  4792  3342  1202  1816  4546  4018  1196  2886  4669  2281  4106  1855  2450  3512  4016  3670     0  4976  3725  4422     0  2716  2280  5050  3945  2042  1858  4852  2219     0  4938  5886  1111
  3091  1614  4890  2604  1221  5034  1275  2974  4630  5292  4614  6386  1430  5505  5476  1939  4474  2016  3341   898  3759  2364   752  4185  4821  1105   685   968  3480  2950  4416  5722   945  1670  5364  3299   436  3152  1105  4014  4640  1845  3161  2004  4879   401  4665  1569  4879  3656  2946   939  2801  3368  3020  3540  3584  4879     0  6882  5279
  4918  5302  2315  5451  5692  6010  6824  3886  3289  4648  3969  1800  5625  1562  4831  4565  5598  7469  6912  6066  4670  5211  5921  5096  4175  6654  5854  6136  4392  5289  2482  1160  6494  5359  6340  3386  6616  6280  6052  5138  5764  4854  3615  5011  5792  6924  3324  5764  5792  3830  5562  6391  5891  6355  4968  4451  6781  5792  6884     0  6255
  3435  4426  2141  4575  4816   245  5341  4751  4155  5512  4835  2214  4750  5030  5698  3882  2749  6592   814  5190  5536  4335  5045  5962  5041  5171  4978  5260  5258  3808  1668  5248  5011  4482   241  3351  5134  1701  4571  2320  2915  3978  4481  4135  1112  5441  4190  4888  1112  3181  2745  5515  4410  1768  2321  5318  1262  1112  5402  6289     0
DRONE_EDGE_WEIGHT_SECTION
     0  1216   982   790  1049  1325   905   954   492  1266   626  1310  1376   930  1118  1006   458  1450  1205  1144  1373   639  1253  1449   742   593  1220  1468  1297   427  1143  1125   882   934  1337   338   897   791   593   693   806  1096   702  1223  1484  1025   456  1306  1507   128   673  1432   408   794   296  1354  1203  1430  1072  1425  1441
  1216     0  2185   426   233  2539   719   520   935   633   958  2510   208  2099   692   252  1628   516  2407   267   437   578   258   349   806   972   278   362   340   865  2353  2291   681   318  2546   994   587  1982   779  1907  1980   128   676    70  2696   427  1024   191  2719  1127  1873   419  1152  2006  1512   362  2402  2642   483  2607  2653
   982  2185     0  1762  2030   470  1847  1839  1314  2102  1379   328  2354   201  1929  1959   563  2428   518  2127  2274  1615  2235  2382  1550  1487  2202  2450  2215  1334   186   251  1834  1915   542  1208  1863   505  1554   373   250  2061  1586  2185   520  2003  1232  2287   546  1058   502  2413  1243   350   693  2271   539   469  2045   459   595
   790   426  1762     0   289  2114   532   401   564   699   633  2089   595  1683   645   245  1209   755  1984   409   671   153   505   693   532   631   483   708   575   464  1929  1876   485   184  2121   589   408  1560   424  1482  1562   309   368   437  2271   385   648   533  2295   704  1449   702   763  1581  1086   627  1979  2218   464  2190  2228
  1049   233  2030   289     0  2361   488   566   851   776   909  2358   331  1960   787   281  1484   473  2218   125   637   419   216   578   787   746   196   424   534   752  2192  2154   450   115  2361   876   355  1791   560  1732  1838   203   631   287  2532   208   936   258  2555   976  1686   414   937  1828  1344   569  2211  2478   278  2465  2471
  1325  2539   470  2114  2361     0  2102  2244  1726  2526  1808   376  2691   665  2358  2330   979  2717   224  2445  2677  1962  2554  2769  1972  1729  2518  2770  2610  1722   301   614  2097  2248   103  1602  2144   594  1839   633   716  2421  1988  2548   283  2302  1650  2619   288  1425   681  2718  1484   534  1031  2666   250   251  2331   535   127
   905   719  1847   532   488  2102     0   932   960  1212  1075  2171   747  1825  1175   710  1361   633  1929   478  1117   514   564  1066  1024   374   523   750  1014   818  1985  2018    47   447  2083   901   137  1509   315  1503  1701   680   863   775  2311   298  1019   667  2331   892  1424   663   618  1582  1162  1053  1917  2258   274  2304  2198
   954   520  1839   401   566  2244   932     0   524   328   489  2152   727  1720   244   292  1277  1012  2148   684   435   477   739   562   317   997   738   882   385   529  2019  1902   885   521  2269   643   804  1742   795  1622  1609   412   256   474  2359   741   609   705  2384   835  1623   927  1072  1729  1227   439  2148  2307   821  2225  2366
   492   935  1314   564   851  1726   960   524     0   803   147  1628  1131  1198   641   686   754  1319  1641   973   960   474  1066  1076   255   817  1047  1262   905   146  1495  1382   919   748  1756   155   882  1250   680  1112  1085   807   276   916  1834   928    89  1081  1860   364  1129  1265   766  1220   727   959  1644  1783  1000  1704  1849
  1266   633  2102   699   776  2526  1212   328   803     0   724  2405   808  1967   178   506  1549  1147  2444   871   280   798   889   467   554  1318   903   968   321   839  2286  2139  1166   772  2558   940  1078  2047  1113  1914  1863   579   565   565  2621   978   876   819  2647  1143  1927  1045  1401  2022  1526   341  2446  2570  1053  2462  2650
   626   958  1379   633   909  1808  1075   489   147   724     0  1682  1162  1245   551   706   829  1382  1737  1034   915   571  1119  1051   176   957  1104  1303   874   284  1562  1422  1033   815  1844   296   987  1359   811  1208  1140   832   284   929  1897  1012   173  1120  1923   499  1237  1319   913  1316   837   927  1742  1847  1088  1745  1932
  1310  2510   328  2089  2358   376  2171  2152  1628  2405  1682     0  2681   439  2230  2282   884  2755   553  2455  2587  1942  2563  2700  1856  1807  2530  2778  2532  1656   201   299  2158  2242   478  1528  2190   752  1880   676   543  2386  1902  2509   239  2331  1543  2614   266  1384   786  2741  1562   620  1020  2587   582   203  2372   178   462
  1376   208  2354   595   331  2691   747   727  1131   808  1162  2681     0  2278   887   457  1803   353  2549   273   573   739   185   425  1014  1057   226   160   493  1052  2518  2471   719   444  2692  1179   632  2122   883  2062  2157   330   879   257  2859   452  1220    81  2882  1297  2017   245  1262  2158  1672   495  2542  2806   477  2785  2801
   930  2099   201  1683  1960   665  1825  1720  1198  1967  1245   439  2278     0  1791  1864   477  2379   717  2064  2154  1542  2171  2273  1420  1480  2141  2384  2102  1237   367   195  1807  1846   741  1108  1826   636  1520   456   125  1973  1473  2093   667  1954  1111  2214   694   985   597  2356  1244   478   665  2157   738   621  2002   509   788
  1118   692  1929   645   787  2358  1175   244   641   178   551  2230   887  1791     0   506  1379  1205  2281   896   429   714   935   606   387  1232   941  1047   437   694  2113  1963  1128   756  2392   785  1046  1891  1032  1751  1689   608   428   631  2447   974   710   882  2474   992  1769  1110  1288  1859  1368   473  2284  2397  1053  2285  2482
  1006   252  1959   245   281  2330   710   292   686   506   706  2282   457  1864   506     0  1398   721  2209   394   430   391   448   451   557   870   446   604   331   627  2131  2054   665   266  2342   756   574  1788   663  1698  1746   128   424   230  2474   474   776   423  2498   907  1675   639  1008  1800  1299   382  2206  2421   551  2373  2446
   458  1628   563  1209  1484   979  1361  1277   754  1549   829   884  1803   477  1379  1398     0  1903   921  1587  1712  1066  1694  1819   995  1032  1663  1907  1652   772   742   672  1340  1369  1018   645  1355   595  1051   405   354  1503  1023  1625  1083  1478   674  1738  1108   508   483  1879   811   509   241  1708   929  1030  1528   982  1104
  1450   516  2428   755   473  2717   633  1012  1319  1147  1382  2755   353  2379  1205   721  1903     0  2552   348   924   863   273   778  1258  1000   280   223   840  1210  2578  2574   626   571  2704  1329   572  2128   879  2102  2255   601  1104   582  2912   425  1402   328  2933  1399  2036   110  1237  2189  1735   847  2541  2858   386  2875  2818
  1205  2407   518  1984  2218   224  1929  2148  1641  2444  1737   553  2549   717  2281  2209   921  2552     0  2295  2575  1830  2403  2654  1894  1555  2366  2618  2502  1620   407   726  1928  2106   161  1507  1980   427  1681   530   731  2292  1892  2420   506  2144  1572  2474   512  1316   535  2559  1314   422   921  2558    28   470  2168   727   278
  1144   267  2127   409   125  2445   478   684   973   871  1034  2455   273  2064   896   394  1587   348  2295     0   701   528   109   611   912   785    76   325   602   869  2285  2259   448   227  2441   991   359  1868   618  1819  1941   293   756   334  2624   181  1057   193  2646  1080  1767   296   996  1912  1437   628  2287  2570   221  2567  2552
  1373   437  2274   671   637  2677  1117   435   960   280   915  2587   573  2154   429   430  1712   924  2575   701     0   806   691   188   739  1300   714   725   104   956  2454  2335  1075   674  2699  1074   981  2163  1093  2051  2044   438   689   368  2794   845  1044   602  2819  1259  2046   817  1429  2157  1654    78  2574  2742   910  2658  2797
   639   578  1615   153   419  1962   514   477   474   798   571  1942   739  1542   714   391  1066   863  1830   528   806     0   631   842   511   520   604   842   714   350  1780  1736   469   304  1968   466   416  1406   318  1330  1420   462   352   590  2122   457   549   673  2145   559  1296   823   622  1429   935   768  1826  2068   527  2047  2075
  1253   258  2235   505   216  2554   564   739  1066   889  1119  2563   185  2171   935   448  1694   273  2403   109   691   631     0   574   989   887    42   216   597   968  2393  2365   539   328  2550  1092   455  1976   725  1928  2048   329   838   328  2732   275  1152   109  2755  1186  1875   199  1102  2021  1545   614  2395  2679   293  2674  2661
  1449   349  2382   693   578  2769  1066   562  1076   467  1051  2700   425  2273   606   451  1819   778  2654   611   188   842   574     0   878  1297   605   566   179  1049  2559  2458  1027   644  2785  1174   932  2236  1095  2138  2159   404   800   292  2901   775  1163   472  2925  1344  2121   668  1454  2242  1739   134  2652  2848   830  2780  2887
   742   806  1550   532   787  1972  1024   317   255   554   176  1856  1014  1420   387   557   995  1258  1894   912   739   511   989   878     0   970   978  1160   700   335  1732  1597   979   705  2005   405   920  1505   797  1364  1313   685   165   772  2069   916   323   978  2095   615  1384  1186   970  1472   982   752  1897  2018   995  1920  2096
   593   972  1487   631   746  1729   374   997   817  1318   957  1807  1057  1480  1232   870  1032  1000  1555   785  1300   520   887  1297   970     0   847  1092  1201   673  1618  1671   374   656  1709   707   437  1135   208  1136  1357   893   835  1012  1941   614   848   977  1960   620  1051  1019   247  1211   816  1250  1544  1888   622  1946  1825
  1220   278  2202   483   196  2518   523   738  1047   903  1104  2530   226  2141   941   446  1663   280  2366    76   714   604    42   605   978   847     0   252   618   944  2360  2335   497   302  2513  1067   414  1939   686  1893  2017   333   825   348  2698   234  1131   148  2720  1156  1839   220  1063  1985  1512   638  2357  2644   252  2643  2624
  1468   362  2450   708   424  2770   750   882  1262   968  1303  2778   160  2384  1047   604  1907   223  2618   325   725   842   216   566  1160  1092   252     0   650  1172  2609  2578   731   538  2765  1297   655  2191   938  2144  2261   476  1019   417  2948   479  1349   183  2971  1399  2091   118  1313  2237  1761   649  2609  2895   477  2888  2876
  1297   340  2215   575   534  2610  1014   385   905   321   874  2532   493  2102   437   331  1652   840  2502   602   104   714   597   179   700  1201   618   650     0   888  2393  2286   971   570  2629  1010   877  2087   994  1981  1990   334   630   270  2735   742   991   513  2760  1187  1971   735  1336  2087  1583    56  2501  2683   808  2608  2729
   427   865  1334   464   752  1722   818   529   146   839   284  1656  1052  1237   694   627   772  1210  1620   869   956   350   968  1049   335   673   944  1172   888     0  1509  1427   778   642  1743   129   746  1213   534  1095  1119   738   275   856  1852   806   203   994  1877   306  1094  1164   639  1202   699   944  1620  1799   875  1746  1842
  1143  2353   186  1929  2192   301  1985  2019  1495  2286  1562   201  2518   367  2113  2131   742  2578   407  2285  2454  1780  2393  2559  1732  1618  2360  2609  2393  1509     0   323  1974  2076   387  1384  2009   550  1700   483   435  2231  1765  2355   343  2155  1414  2449   367  1226   586  2568  1372   421   848  2449   433   290  2193   373   421
  1125  2291   251  1876  2154   614  2018  1902  1382  2139  1422   299  2471   195  1963  2054   672  2574   726  2259  2335  1736  2365  2458  1597  1671  2335  2578  2286  1427   323     0  2000  2039   706  1298  2021   755  1714   604   319  2164  1658  2283   538  2149  1295  2408   565  1179   741  2551  1432   598   857  2340   751   500  2197   323   724
   882   681  1834   485   450  2097    47   885   919  1166  1033  2158   719  1807  1128   665  1340   626  1928   448  1075   469   539  1027   979   374   497   731   971   778  1974  2000     0   403  2081   865    95  1506   289  1493  1682   638   817   736  2302   267   980   639  2323   864  1418   649   614  1575  1146  1012  1917  2249   255  2289  2196
   934   318  1915   184   115  2248   447   521   748   772   815  2242   444  1846   756   266  1369   571  2106   227   674   304   328   644   705   656   302   538   570   642  2076  2039   403     0  2249   765   310  1680   461  1618  1723   242   544   356  2417   221   831   373  2440   861  1574   522   835  1714  1229   613  2100  2363   302  2350  2358
  1337  2546   542  2121  2361   103  2083  2269  1756  2558  1844   478  2692   741  2392  2342  1018  2704   161  2441  2699  1968  2550  2785  2005  1709  2513  2765  2629  1743   387   706  2081  2249     0  1626  2132   576  1830   648   781  2429  2013  2557   374  2293  1682  2618   374  1442   675  2709  1467   543  1046  2686   181   348  2319   638   117
