
NAME : CVS-31-2
COMMENT : CVS
TYPE : RDVRP-TW
DIMENSION : 31
CAPACITY : 100
EDGE_WEIGHT_TYPE : EXPLICIT
EDGE_WEIGHT_FORMAT : FULL_MATRIX 
NODE_COORD_SECTION
  0 -78.8465283000 35.7910400000
  1 -78.8625773000 35.7817051000
  2 -78.8499937000 35.7896987000
  3 -78.8537166000 35.7892397000
  4 -78.8401561000 35.7957047000
  5 -78.8577737000 35.7806129000
  6 -78.8454465000 35.7829050000
  7 -78.8379350000 35.7861945000
  8 -78.8446112000 35.8013855000
  9 -78.8459639000 35.7792122000
 10 -78.8354620000 35.7838830000
 11 -78.8546941000 35.7790468000
 12 -78.8356880000 35.7842685000
 13 -78.8587022000 35.7858923000
 14 -78.8359205000 35.7805525000
 15 -78.8393160000 35.7838970000
 16 -78.8574169000 35.7821544000
 17 -78.8409590000 35.8016797000
 18 -78.8341760000 35.7869690000
 19 -78.8441920000 35.8040028000
 20 -78.8409615000 35.7812370000
 21 -78.8470597000 35.7943033000
 22 -78.8432083000 35.8043725000
 23 -78.8451625000 35.7779105000
 24 -78.8558484000 35.7985530000
 25 -78.8540462000 35.7966835000
 26 -78.8388834000 35.7789499000
 27 -78.8581358000 35.7876660000
 28 -78.8589789000 35.7868398000
 29 -78.8368999000 35.8027982000
 30 -78.8530237000 35.8000398000
TIME_WINDOW_SECTION
  0      0  36000
  1      0  31419
  2      0  33999
  3      0  32890
  4  25080  29708
  5  23111  25111
  6      0  32702
  7      0  31375
  8     83   5035
  9      0  32959
 10  17789  19961
 11      0  31878
 12      0  31795
 13      0  32111
 14      0  32012
 15      0  31582
 16  30511  33347
 17  17946  19946
 18      0  32615
 19      0  31645
 20  14531  16531
 21      0  33464
 22      0  31531
 23  13102  15102
 24  17886  21882
 25      0  32569
 26      0  32290
 27      0  32229
 28      0  32195
 29      0  30715
 30      0  32061
DEMAND_SECTION
  0      0
  1     20
  2     28
  3      7
  4     16
  5     14
  6     10
  7      6
  8     11
  9     15
 10     15
 11     27
 12     21
 13      8
 14     16
 15     19
 16     19
 17     16
 18      7
 19     12
 20     20
 21     14
 22     11
 23     26
 24     13
 25     10
 26     13
 27     10
 28     28
 29     17
 30      5
SERVICE_TIME_SECTION
  0      0
  1   1000
  2   1000
  3   1000
  4   1000
  5   1000
  6   1000
  7   1000
  8   1000
  9   1000
 10   1000
 11   1000
 12   1000
 13   1000
 14   1000
 15   1000
 16   1000
 17   1000
 18   1000
 19   1000
 20   1000
 21   1000
 22   1000
 23   1000
 24   1000
 25   1000
 26   1000
 27   1000
 28   1000
 29   1000
 30   1000
TRUCK_EDGE_WEIGHT_SECTION
     0  3765  1238  2139  2090  3342  2760  3481  2341  2504  3058  3392  3061  3071  3842  3274  2900  3070  2640  2581  2812  1084  2879  2890  3172  1902  3172  2955  2988  3694  2475
  3581     0  2558  1944  4312  2900  4060  5704  4565  3804  5280  2950  5284   986  4749  5496  2458  5294  4864  4804  4111  3308  5101  4190  3016  4126  4471  1151   902  5918  3640
  1001  3098     0  1472  2190  2675  2334  3580  2441  2078  3158  2725  3161  2404  3022  3372  2232  3170  2740  2680  2385  1184  2978  2464  2505  2002  2745  2288  2320  3794  2575
  2110  3648  1086     0  2841  3226  3442  4232  3094  3186  3809  3275  3812  2954  4131  4025  2782  3822  3392  3332  3494  1836  3630  3572  3055  2655  3854  2838  2870  4446  3228
  1795  4982  2456  3358     0  4561  3979  2686  1242  3722  2262  4610  2266  4290  3048  2479  4119  1075  1845  2342  3391  2042  1679  3746  4391  3075  3054  4172  4206  1259  2236
  3074  3598  2796  2184  4552     0  2778  4146  4804  2521  3682   715  3686  2905  3468  3939   214  5532  4238  5044  2830  3546  5341  2908  3255  4365  3190  2788  2821  6156  3880
  2298  4758  2500  3342  3956  2778     0  2529  4208   905  2066  2828  2070  4064  1850  2321  2335  4936  2620  4448   884  2950  4745  1291  4672  3769  1572  3948  3980  5560  4341
  3625  6085  3910  4812  2714  4105  2489     0  4968  2232   628  4155   632  5391  1414   464  3662  3698  1182  5206  1756  3498  5504  2111  5845  4529  1419  5275  5308  3881  5101
  3375  5711  3184  4086  1242  5289  4706  5498     0  4450  5074  5339  5078  5018  5396  5290  4846   942  4656   822  4759  2412  1120  4836  2198  2552  5119  4901  4934  1439  2101
  2041  4501  2244  3086  3700  2521   905  2272  3951     0  1810  2571  1814  3808  1594  2065  2079  4680  2364  4191   956  2694  4489  1035  4416  3512  1316  3691  3724  5304  4085
  3201  5974  3448  4349  2250  3681  2065   628  4504  1809     0  3731     4  5281   990   420  3239  3234   719  4744  1332  3034  5041  1688  5382  4065   995  5164  5198  3418  4638
  3122  3648  2846  2232  4601   715  2828  4195  4854  2571  3732     0  3736  2954  3516  3988   929  5581  4286  5092  2879  3595  5390  2958  3305  4415  3239  2838  2870  6206  3929
  3205  5978  3451  4352  2254  3685  2069   632  4509  1812     4  3735     0  5285   994   424  3242  3238   722  4748  1336  3038  5045  1691  5386  4070  1000  5168  5201  3421  4641
  2889   986  1864  1251  3620  2208  3366  5011  3871  3110  4588  2256  4591     0  4056  4802  1764  4600  4170  4111  3419  2614  4408  3496  2322  3432  3779   458    84  5224  2948
  2988  5446  3189  4032  3038  3468  1850  1416  4898  1594   952  3516   956  4754     0  1209  3025  4021  1508  5136  1119  3822  5434  1474  5361  4459   781  4636  4670  4205  5031
  3418  5876  3702  4605  2506  3898  2280   464  4760  2024   420  3946   424  5184  1206     0  3455  3489   975  4999  1549  3290  5296  1904  5638  4321  1211  5066  5100  3672  4894
  2631  3155  2354  1741  4110   214  2335  3704  4361  2079  3240   929  3244  2461  3025  3496     0  5090  3795  4600  2388  3104  4898  2465  2812  3922  2748  2345  2378  5714  3436
  4224  6560  4032  4935  1075  6139  5556  3669   942  5300  3245  6188  3250  5866  4031  3461  5695     0  2829  1380  4374  3261  1011  5686  3046  3401  4036  5750  5782   814  2950
  2385  5574  3046  3948  1850  4212  2596  1159  4104  2340   735  4262   740  4880  1521   951  3770  2832     0  4342  1864  2634  4640  2219  4981  3665  1526  4764  4796  3016  4238
  3355  5690  3164  4065  2884  5269  4686  5478  1020  4430  5054  5318  5058  4998  5376  5270  4826  1599  4636     0  4739  2391   811  4816  2176  2532  5099  4880  4914  1628  2081
  2350  4809  2551  3395  3420  2830   884  1798  4260   956  1334  2879  1338  4116  1119  1590  2388  4989  1889  4499     0  3002  4796   836  4724  3821   841  3999  4032  4586  4394
  1536  3872  1345  2248  2268  3451  2869  3659  1765  2612  3235  3500  3239  3179  3558  3451  3008  2494  2819  2005  2920     0  2302  2999  3280  1328  3280  3062  3095  3118  1899
  3469  5805  3278  4180  1679  5384  4801  5591  1134  4545  5168  5432  5172  5111  5490  5384  4940  1011  4751   592  4852  2506     0  4931  2291  2646  5212  4995  5028  1040  2195
  2428  4888  2630  3474  3775  2908  1291  2152  4338  1035  1689  2958  1692  4194  1474  1945  2465  5066  2244  4578   836  3080  4875     0  4802  3900  1196  4078  4110  5690  4471
  3689  3678  2665  2052  4420  3255  4415  5811  1726  4159  5388  3305  5392  2984  5104  5604  2812  2455  4971  1965  4466  3415  2262  4545     0  2285  4826  2868  2900  3079   624
  2431  4768  2240  3142  1960  4346  3764  4554  2079  3508  4130  4395  4135  4074  4452  4346  3902  2808  3714  2319  3815  1469  2616  3894  4175     0  4175  3958  3990  3431  2212
  2710  5169  2911  3755  3082  3190  1572  1460  4620  1316   996  3239  1000  4476   781  1252  2748  4065  1551  4859   841  3362  5156  1196  5084  4181     0  4359  4392  4250  4754
  2771  1151  1748  1135  3502  2090  3250  4894  3755  2994  4470  2140  4474   458  3939  4686  1648  4484  4054  3994  3301  2498  4291  3380  2206  3316  3661     0   374  5108  2830
  2805   902  1780  1168  3536  2124  3282  4928  3788  3026  4504  2172  4508    84  3972  4719  1680  4516  4086  4026  3335  2530  4324  3412  2239  3349  3695   374     0  5140  2864
  4285  6621  4094  4996  1259  6199  5616  3852  1439  5360  3430  6249  3434  5928  4215  3645  5756   814  3012  1409  4558  3322  1040  5746  3108  3462  4220  5811  5844     0  3011
  2939  4356  2748  2731  2468  3935  4270  5061  1558  4014  4638  3984  4641  3664  4960  4854  3491  2286  4220  1796  4322  1976  2094  4400   679  2116  4682  3546  3580  2910     0
DRONE_EDGE_WEIGHT_SECTION
     0  1199   197   333   569  1234   906   627  1154  1317   897  1370   855   730  1233   839  1069  1201   644  1445  1111   364  1489  1462   903   686  1376   571   657  1355  1029
  1199     0  1007   902  1766   219   660  1052  2288   689  1051   421  1053   488  1018   910   201  2361  1217  2572   820  1516  2621   785  1892  1697   950   684   587  2530  2071
   197  1007     0   147   760  1053   775   594  1316  1177   844  1199   806   533  1146   759   884  1374   661  1606  1001   524  1652  1325  1009   792  1267   377   461  1534  1156
   333   902   147     0   875   972   770   678  1392  1154   905  1135   871   416  1175   801   801  1460   769  1679  1011   614  1727  1302  1040   829  1274   240   331  1628  1203
   569  1766   760   875     0  1803  1438  1062   652  1849  1327  1932  1284  1289  1694  1315  1638   666   997   935  1611   296   971  1990   651   516  1866  1113  1206   798   670
  1234   219  1053   972  1803     0   531   971  2363   475   918   210   928   589   829   787   172  2425  1135  2651   641  1575  2698   567  1998  1794   742   785   695  2586  2170
   906   660   775   770  1438   531     0   462  2057   412   391   554   397   598   445   256   459  2096   619  2349   251  1270  2391   556  1784  1566   506   712   670  2236  1928
   627  1052   594   678  1062   971   462     0  1709   834   273  1016   230   777   633   261   859  1727   165  1995   563   963  2033   962  1525  1309   807   770   788  1849  1637
  1154  2288  1316  1392   652  2363  2057  1709     0  2469  1977  2514  1933  1800  2341  1956  2192   135  1649   292  2247   793   336  2613   512   624  2506  1605  1702   317   337
  1317   689  1177  1154  1849   475   412   834  2469     0   654   333   684   885   410   579   544  2508   971  2760   295  1680  2803   148  2184  1968   271  1047   980  2647  2333
   897  1051   844   905  1327   918   391   273  1977   654     0   905    44   899   371   145   849  1991   347  2262   360  1237  2298   760  1797  1581   564   947   940  2106  1911
  1370   421  1199  1135  1932   210   554  1016  2514   333   905     0   924   777   733   794   361  2570  1173  2805   576  1722  2851   385  2172  1963   602   968   882  2724  2338
   855  1053   806   871  1284   928   397   230  1933   684    44   924     0   881   414   142   851  1948   306  2219   392  1194  2255   794  1755  1539   604   920   917  2063  1867
   730   488   533   416  1289   589   598   777  1800   885   899   777   881     0  1044   760   419  1873   923  2084   845  1030  2133  1025  1413  1213  1075   199   106  2043  1589
  1233  1018  1146  1175  1694   829   445   633  2341   410   371   733   414  1044     0   394   833  2359   717  2628   206  1586  2665   459  2135  1917   211  1150  1114  2477  2259
   839   910   759   801  1315   787   256   261  1956   579   145   794   142   760   394     0   709  1980   392  2245   303  1193  2284   702  1741  1524   551   819   806  2106  1866
  1069   201   884   801  1638   172   459   859  2192   544   849   361   851   419   833   709     0  2256  1023  2480   631  1406  2527   663  1826  1622   788   614   525  2418  1998
  1201  2361  1374  1460   666  2425  2096  1727   135  2508  1991  2570  1948  1873  2359  1980  2256     0  1656   283  2276   850   310  2650   638   729  2531  1681  1778   191   469
   644  1217   661   769   997  1135   619   165  1649   971   347  1173   306   923   717   392  1023  1656     0  1931   687   945  1965  1090  1515  1305   910   895   925  1765  1610
  1445  2572  1606  1679   935  2651  2349  1995   292  2760  2262  2805  2219  2084  2628  2245  2480   283  1931     0  2537  1085    54  2905   736   888  2796  1888  1985   292   542
  1111   820  1001  1011  1611   641   251   563  2247   295   360   576   392   845   206   303   631  2276   687  2537     0  1472  2577   403  2004  1786   267   963   920  2405  2140
   364  1516   524   614   296  1575  1270   963   793  1680  1237  1722  1194  1030  1586  1193  1406   850   945  1085  1472     0  1129  1826   570   367  1736   844   940  1014   674
  1489  2621  1652  1727   971  2698  2391  2033   336  2803  2298  2851  2255  2133  2665  2284  2527   310  1965    54  2577  1129     0  2947   790   940  2834  1937  2034   284   596
  1462   785  1325  1302  1990   567   556   962  2613   148   760   385   794  1025   459   702   663  2650  1090  2905   403  1826  2947     0  2332  2116   266  1191  1122  2787  2481
   903  1892  1009  1040   651  1998  1784  1525   512  2184  1797  2172  1755  1413  2135  1741  1826   638  1515   736  2004   570   790  2332     0   218  2271  1215  1309   827   194
   686  1697   792   829   516  1794  1566  1309   624  1968  1581  1963  1539  1213  1917  1524  1622   729  1305   888  1786   367   940  2116   218     0  2053  1015  1111   918   375
  1376   950  1267  1274  1866   742   506   807  2506   271   564   602   604  1075   211   551   788  2531   910  2796   267  1736  2834   266  2271  2053     0  1211  1160  2656  2405
   571   684   377   240  1113   785   712   770  1605  1047   947   968   920   199  1150   819   614  1681   895  1888   963   844  1937  1191  1215  1015  1211     0    97  1853  1390
   657   587   461   331  1206   695   670   788  1702   980   940   882   917   106  1114   806   525  1778   925  1985   920   940  2034  1122  1309  1111  1160    97     0  1950  1485
  1355  2530  1534  1628   798  2586  2236  1849   317  2647  2106  2724  2063  2043  2477  2106  2418   191  1765   292  2405  1014   284  2787   827   918  2656  1853  1950     0   653
  1029  2071  1156  1203   670  2170  1928  1637   337  2333  1911  2338  1867  1589  2259  1866  1998   469  1610   542  2140   674   596  2481   194   375  2405  1390  1485   653     0
DEPOT_SECTION
0
-1
EOF
    