
NAME : CVS-21-8
COMMENT : CVS
TYPE : RDVRP-TW
DIMENSION : 21
CAPACITY : 100
EDGE_WEIGHT_TYPE : EXPLICIT
EDGE_WEIGHT_FORMAT : FULL_MATRIX 
NODE_COORD_SECTION
  0 -78.8465283000 35.7910400000
  1 -78.8579817000 35.7846057000
  2 -78.8527542000 35.8012760000
  3 -78.8501873000 35.8007627000
  4 -78.8559913000 35.7813195000
  5 -78.8556114000 35.7799286000
  6 -78.8361315000 35.7895255000
  7 -78.8575350000 35.7858963000
  8 -78.8536980000 35.7889360000
  9 -78.8511673000 35.7862814000
 10 -78.8481679000 35.7800696000
 11 -78.8550752000 35.7975580000
 12 -78.8546291000 35.7799225000
 13 -78.8372616000 35.8007595000
 14 -78.8352935000 35.7871205000
 15 -78.8587418000 35.7866394000
 16 -78.8405172000 35.8036296000
 17 -78.8481457000 35.7945572000
 18 -78.8510777000 35.7991058000
 19 -78.8529700000 35.8020823000
 20 -78.8511568000 35.7794058000
TIME_WINDOW_SECTION
  0      0  36000
  1  11379  13379
  2      0  32216
  3      0  32502
  4      0  32316
  5   3304   5574
  6      0  32975
  7      0  32000
  8   1659   3659
  9  17922  19922
 10   8794  16020
 11  23659  25659
 12  24102  26600
 13      0  32329
 14  17914  19914
 15      0  32168
 16   3782   8060
 17      0  32769
 18  10317  13415
 19  19093  21093
 20   2955   6287
DEMAND_SECTION
  0      0
  1     11
  2     14
  3     21
  4     18
  5      6
  6     17
  7      6
  8     18
  9     26
 10     17
 11     18
 12     13
 13     25
 14     21
 15     13
 16     24
 17      8
 18     10
 19     22
 20      5
SERVICE_TIME_SECTION
  0      0
  1   1000
  2   1000
  3   1000
  4   1000
  5   1000
  6   1000
  7   1000
  8   1000
  9   1000
 10   1000
 11   1000
 12   1000
 13   1000
 14   1000
 15   1000
 16   1000
 17   1000
 18   1000
 19   1000
 20   1000
TRUCK_EDGE_WEIGHT_SECTION
     0  2686  2194  1908  2952  3235  2284  3182  2142  1722  2129  2086  3310  2966  2449  3015  3056  1701  1988  2694  2482
  2418     0  3158  3714   572   855  4091  2360  1531  2198  1490  3892   930  4772  3455  2192  4862  3509  3794  4500  1634
  2784  3146     0   286  3412  3695  3710  3642  2602  3078  3484  2145  3770  2338  3874  3475  2116  1760   738  1755  3838
  2498  3756   286     0  4022  4304  3424  4252  3211  2791  3198  1859  4379  2051  3588  4085  1831  1474   452  1469  3551
  2684   572  3424  3980     0   798  4356  2626  1798  2464  1756  4159   815  5039  3721  2459  5129  3774  4060  4766  1900
  2966   855  3706  4262   798     0  4639  2908  2079  2746  2039  4441   262  5321  4002  2741  5410  4056  4342  5049  2182
  2025  4135  3595  3310  4401  4684     0  4631  3591  3171  3578  3488  4759  2366  1848  4464  4458  3104  3389  4095  3931
  3000  1662  2992  3549  1929  2210  3926     0  1366  3294  2846  3728  2285  4608  4090   598  4698  3344  3629  4335  2990
  2114  2572  2949  2662  2839  3121  3039  3069     0  2408  2814  2841  3196  3721  3204  2901  3811  2456  2742  3449  3168
  1285  2171  3046  2761  2438  2719  3138  3669  1748     0  1448  2940  2794  3820  3301  3502  3909  2555  2840  3548  1800
  1666  1490  3429  3142  1756  2039  3519  3544  2715  1446     0  3321  2114  4201  2542  3376  4291  2936  3222  3929  1120
  2615  3874  2115  1829  4139  4421  3541  4369  3329  2909  3315     0  4496  3198  3705  4202  2978  1232  1909  2615  3669
  3041   930  3781  4338   815   262  4714  2982  2154  2821  2114  4516     0  5396  4078  2816  5485  4131  4418  5124  2258
  2671  4782  2875  2590  5049  5330  2366  5278  4238  3818  4224  3791  5405     0  2530  5111   869  3408  2669  2359  4578
  2194  3430  3764  3478  3696  3979  1888  4800  3760  3339  2518  3656  4054  2535     0  4632  4626  3272  3558  4264  3060
  2832  1495  2826  3382  1761  2044  3759   598  1199  3126  2679  3561  2119  4441  3922     0  4530  3176  3461  4168  2822
  3648  4905  2091  1805  5171  5452  4572  5401  4360  3940  4348  3008  5528   869  4738  5234     0  2622  1885  1574  4700
  2231  3489  1730  1444  3755  4036  3156  3985  2944  2524  2931  1232  4111  2814  3320  3818  2592     0  1524  2230  3284
  2451  3709   738   451  3975  4258  3378  4205  3165  2745  3151  1811  4332  2005  3541  4038  1784  1428     0  1421  3505
  3185  4442  1629  1344  4709  4991  4111  4939  3899  3479  3885  2546  5066  2264  4275  4771  1538  2161  1424     0  4239
  2132  1956  3894  3609  2222  2504  3985  4010  3180  1912  1205  3788  2579  4668  3169  3842  4756  3402  3689  4395     0
DRONE_EDGE_WEIGHT_SECTION
     0   833  1162  1090  1138  1283   419   703   354   557  1223   790  1274  1133   603   667  1418   396   913  1251  1307
   833     0  1866  1821   373   528   981   145   508   316   626  1446   536  1952   893   228  2212  1166  1634  1954   634
  1162  1866     0   108  2225  2379  1441  1721  1374  1670  2367   422  2378   557  1700  1644   509   766   249    90  2435
  1090  1821   108     0  2175  2328  1351  1677  1323  1612  2305   398  2326   463  1613  1603   470   695   187   177  2378
  1138   373  2225  2175     0   155  1178   513   852   581   328  1808   164  2271  1010   601  2547  1502  1988  2314   281
  1283   528  2379  2328   155     0  1294   668  1005   727   283  1963    37  2416  1107   756  2696  1652  2141  2468   179
   419   981  1441  1351  1178  1294     0   893   654   665  1145  1131  1274  1251   270   899  1578   713  1198  1526  1260
   703   145  1721  1677   513   668   893     0   367   242   738  1301   674  1813   841    94  2069  1025  1489  1809   761
   354   508  1374  1323   852  1005   654   367     0   310  1009   961  1004  1446   713   317  1704   658  1136  1464  1065
   557   316  1670  1612   581   727   665   242   310     0   701  1263   720  1690   599   285  1970   928  1428  1760   765
  1223   626  2367  2305   328   283  1145   738  1009   701     0  1964   246  2338   922   833  2638  1613  2122  2457   136
   790  1446   422   398  1808  1963  1131  1301   961  1263  1964     0  1963   733  1370  1223   854   418   225   509  2026
  1274   536  2378  2326   164    37  1274   674  1004   720   246  1963     0  2406  1082   764  2689  1647  2139  2468   144
  1133  1952   557   463  2271  2416  1251  1813  1446  1690  2338   733  2406     0  1520  1757   340   795   529   580  2432
   603   893  1700  1613  1010  1107   270   841   713   599   922  1370  1082  1520     0   876  1848   954  1454  1786  1046
   667   228  1644  1603   601   756   899    94   317   285   833  1223   764  1757   876     0  2004   964  1416  1732   854
  1418  2212   509   470  2547  2696  1578  2069  1704  1970  2638   854  2689   340  1848  2004     0  1047   629   476  2725
   396  1166   766   695  1502  1652   713  1025   658   928  1613   418  1647   795   954   964  1047     0   517   856  1690
   913  1634   249   187  1988  2141  1198  1489  1136  1428  2122   225  2139   529  1454  1416   629   517     0   338  2193
  1251  1954    90   177  2314  2468  1526  1809  1464  1760  2457   509  2468   580  1786  1732   476   856   338     0  2525
  1307   634  2435  2378   281   179  1260   761  1065   765   136  2026   144  2432  1046   854  2725  1690  2193  2525     0
DEPOT_SECTION
0
-1
EOF
    