
NAME : CVS-41-5
COMMENT : CVS
TYPE : RDVRP-TW
DIMENSION : 41
CAPACITY : 100
EDGE_WEIGHT_TYPE : EXPLICIT
EDGE_WEIGHT_FORMAT : FULL_MATRIX 
NODE_COORD_SECTION
  0 -78.8465283000 35.7910400000
  1 -78.8324635000 35.7810540000
  2 -78.8440931000 35.7797642000
  3 -78.8312360000 35.7912950000
  4 -78.8575389000 35.8031280000
  5 -78.8399110000 35.7886160000
  6 -78.8300584000 35.7933452000
  7 -78.8348815000 35.7896540000
  8 -78.8301895000 35.7796135000
  9 -78.8607538000 35.7881309000
 10 -78.8433220000 35.7972807000
 11 -78.8457069000 35.7797919000
 12 -78.8339035000 35.7898365000
 13 -78.8620107000 35.7845895000
 14 -78.8569507000 35.7819975000
 15 -78.8490561000 35.7922399000
 16 -78.8516227000 35.8030672000
 17 -78.8553258000 35.7987705000
 18 -78.8476714000 35.7801789000
 19 -78.8418802000 35.8004671000
 20 -78.8449390000 35.7780950000
 21 -78.8446096000 35.7841270000
 22 -78.8368745000 35.7795365000
 23 -78.8480601000 35.7811004000
 24 -78.8616268000 35.7812548000
 25 -78.8445390000 35.7820629000
 26 -78.8541666000 35.7788999000
 27 -78.8559656000 35.8025816000
 28 -78.8397763000 35.7818078000
 29 -78.8547222000 35.7850335000
 30 -78.8425986000 35.7999139000
 31 -78.8558817000 35.7861835000
 32 -78.8621136000 35.7922448000
 33 -78.8522267000 35.7860092000
 34 -78.8331390000 35.7818325000
 35 -78.8331170000 35.7814545000
 36 -78.8558484000 35.7985530000
 37 -78.8560346000 35.7810972000
 38 -78.8492744000 35.7867755000
 39 -78.8370687000 35.7831339000
 40 -78.8509897000 35.7912741000
TIME_WINDOW_SECTION
  0      0  36000
  1      0  31400
  2      0  32828
  3      0  32641
  4      0  30610
  5      0  33210
  6      0  32429
  7      0  33158
  8  21215  23871
  9      0  32395
 10      0  31915
 11      0  33045
 12      0  31948
 13      0  31798
 14      0  32361
 15      0  33528
 16      0  31794
 17      0  31239
 18      0  33334
 19      0  30986
 20      0  32616
 21      0  33718
 22      0  31896
 23      0  33465
 24      0  31276
 25      0  33165
 26      0  31255
 27      0  30721
 28      0  32310
 29      0  32268
 30      0  30976
 31      0  32471
 32      0  31559
 33      0  33404
 34      0  31565
 35      0  31625
 36      0  31311
 37      0  32286
 38      0  33944
 39   8168  12092
 40      0  33429
DEMAND_SECTION
  0      0
  1     26
  2     13
  3     20
  4     17
  5     28
  6     23
  7     23
  8     28
  9     21
 10     12
 11      6
 12      6
 13     10
 14     11
 15     28
 16      5
 17     21
 18     15
 19     25
 20     16
 21     24
 22     11
 23     13
 24     29
 25     14
 26     11
 27     21
 28      5
 29     30
 30     24
 31     20
 32     23
 33     12
 34     15
 35     23
 36     14
 37     25
 38     14
 39      8
 40     25
SERVICE_TIME_SECTION
  0      0
  1   1000
  2   1000
  3   1000
  4   1000
  5   1000
  6   1000
  7   1000
  8   1000
  9   1000
 10   1000
 11   1000
 12   1000
 13   1000
 14   1000
 15   1000
 16   1000
 17   1000
 18   1000
 19   1000
 20   1000
 21   1000
 22   1000
 23   1000
 24   1000
 25   1000
 26   1000
 27   1000
 28   1000
 29   1000
 30   1000
 31   1000
 32   1000
 33   1000
 34   1000
 35   1000
 36   1000
 37   1000
 38   1000
 39   1000
 40   1000
TRUCK_EDGE_WEIGHT_SECTION
     0  3688  2635  2646  3874  2050  2859  2098  5669  2770  1798  2418  3342  3386  2908   896  2715  3244  2130  2860  2846  2539  3966  1998  3906  2299  4015  3761  3152  2542  2870  2340  2916  2035  3522  3609  3172  2982  1495  3410  1066
  3600     0  2122  2331  6714  1596  2542  1574  3214  5064  3305  2120  1710  5680  3645  3735  5508  6084  2512  3775  2041  3082  1512  2380  6200  2001  4751  6601  1374  3738  3785  3535  5211  3121   164   698  6012  3720  3152   955  3906
  2172  2119     0  3261  5249  2526  3474  2505  3336  3638  3539   692  2641  4254  2219  2638  4456  4619  1085  4601   906  1655  1634   954  4774   574  3325  5136  1212  2311  4611  2108  3784  1694  1955  1894  4548  2292  1725  1735  2441
  2359  2339  3229     0  5656  1819   300   971  4320  4552  2249  3226  1394  5169  4690  2679  4450  5026  3618  2718  3148  4321  2618  3486  5689  3106  5798  5544  2480  4325  2729  4122  4699  3818  2175  2260  4955  4765  3278  2061  2849
  4390  6719  4991  5679     0  5081  5890  5129  7631  3384  3110  4772  6375  4000  3522  3024  1739  1256  4485  3144  5201  4895  5930  4354  4520  4654  4629   246  5508  3158  3154  2954  3530  4459  6555  6641  1185  3596  4456  6441  2621
  1790  1596  2485  1811  5088     0  2022  1262  3578  3984  1680  2484  1882  4600  4122  2110  3881  4459  3344  2150  2405  3752  1875  3212  5120  2364  5229  4976  1738  3758  2160  3554  4131  3249  1431  1518  4386  4196  2709  1318  2280
  2571  2550  3440   300  5868  2030     0  1184  4532  4764  2460  3438  1606  5380  4902  2890  4662  5239  3830  2930  3360  4532  2830  3698  5900  3319  6009  5756  2691  4538  2940  4334  4911  4029  2386  2472  5166  4976  3489  2272  3061
  1842  1590  2480   969  5140  1302  1181     0  3571  4035  1731  2478  1245  4651  4174  2161  3934  4510  2870  2201  2399  3440  1870  2738  5172  2359  5280  5028  1731  3809  2211  3605  4182  3300  1426  1511  4439  4249  2760  1312  2332
  4781  3140  3304  4282  7856  3548  4495  3525     0  6246  6148  3301  3662  6861  4826  5245  7065  7228  3694  5726  3224  4264  2044  3561  7382  3182  5932  7745  2555  4920  5738  4716  6392  4302  2976  2915  7155  4901  4334  2756  5050
  2605  4381  2958  3892  2740  3296  4104  3344  5598     0  3044  2740  4589   725  1489  1662  3961  2110  2451  4105  3169  2861  3896  2320  1245  2620  2595  2629  3475  1124  4116   920  1534  2425  4218  4156  2039  1562  2670  3998  1444
  3085  3318  4291  2276  2811  1680  2489  1728  5299  4426     0  4074  2972  5042  4565  2091  2050  1891  3786  1411  4502  4195  3598  3654  5562  3955  5671  2898  3459  4200  1422  3996  4572  3691  3154  3239  1908  4639  3151  3040  2432
  1955  2116   692  3259  5030  2524  3471  2502  3334  3419  3321     0  2639  4035  2000  2419  4238  4400   304  4382   904  1438  1631   436  4556   356  3106  4919  1210  2094  4392  1890  3566  1476  1952  1892  4329  2075  1508  1732  2222
  3052  1728  2618  1450  6350  1859  1661  1210  3709  5246  2942  2615     0  5862  4140  3372  5144  5720  3008  3411  2536  3578  2008  2875  6382  2496  5246  6238  1869  4234  3422  4030  5392  3616  1564  1650  5649  4215  3648  1450  3542
  3202  4979  3556  4491  3339  3894  4702  3941  6196   749  3641  3338  5188     0  2086  2260  4559  2709  3050  4704  3766  3459  4494  2919   722  3219  3192  3226  4072  1721  4714  1519  2131  3024  4815  4755  2638  2161  3269  4596  2041
  2639  3641  2219  4674  3522  4078  4886  4125  4859  2168  3825  2000  4164  2784     0  2444  4742  2892  1712  4888  2429  2121  3156  1580  3305  1881  1274  3410  2735   842  4898   639  2315  1686  3478  3418  2820   660  2191  3258  2225
  1472  3800  2679  2760  2964  2162  2971  2210  5319  2329  1378  2460  3456  2945  2468     0  2295  2334  2172  2439  2889  2581  3618  2041  3465  2341  3574  2852  3195  2102  2450  1899  2475  2078  3636  3722  2262  2541  1538  3522   342
  3206  5535  4412  4494  1734  3898  4706  3945  7052  4546  2309  4195  5190  5162  4685  2211     0  2012  3906  2342  4624  4316  5351  3775  5684  4075  5791  1819  4929  4320  2352  4118  4694  3811  5370  5456  2028  4760  3271  5256  2554
  3761  6090  4361  5049  1256  4452  5260  4500  7002  2754  2195  4144  5745  3370  2892  2394  2084     0  3855  2229  4572  4265  5300  3724  3890  4024  3999  1144  4879  2528  2239  2324  2901  3830  5925  6011    71  2966  3826  5811  1992
  1666  2509  1085  3882  4742  3285  4094  3332  3725  3131  3032   304  3031  3748  1712  2131  3950  4112     0  4095  1296  1149  2024   131  4268   748  2819  4630  1602  1805  4105  1602  3279  1189  2345  2284  4041  1786  1219  2125  1935
  4014  3788  5220  2746  2722  2150  2958  2198  5769  5354  1411  5002  3442  5970  5492  3019  1961  2820  4714     0  5431  5124  4066  4582  6491  4882  6599  2808  3928  5128    68  4924  5501  4619  3622  3709  2835  5568  4079  3509  3361
  2384  2039   906  3181  5459  2446  3392  2424  2805  3848  3750   904  2561  4464  2429  2848  4666  4829  1296  4811     0  1866  1554  1164  4984   785  3535  5348  1131  2521  4821  2319  3995  1905  1874  1814  4758  2504  1936  1655  2651
  1282  3399  1976  3498  4358  2901  3709  2949  4616  3254  2649  1758  3921  3870  2415  1746  3566  3729  1470  3710  2186     0  2914  1339  4390  1639  3521  4246  2492  2508  3721  2304  3401  1375  3235  3175  3656  2489   835  3016  1551
  3104  1462  1626  2605  6180  1870  2818  1849  2111  4569  4470  1624  1985  5185  3150  3569  5388  5550  2016  4050  1546  2586     0  1885  5705  1505  4256  6068   878  3242  4060  3039  4715  2625  1299  1239  5479  3224  2656  1079  3372
  1535  2376   954  3750  4611  3154  3962  3201  3594  3000  2901   436  2899  3616  1580  2000  3819  3981   131  3964  1164  1018  1891     0  4136   616  2688  4499  1470  1674  3974  1470  3146  1056  2212  2152  3910  1655  1088  1994  1804
  3724  5500  4076  5011  3859  4415  5222  4462  6716  1269  4162  3859  5708   722  2608  2781  5079  3229  3570  5224  4286  3980  5015  3439     0  3739  3714  3746  4592  2242  5234  2039  2069  3544  5335  5275  3158  2681  3789  5116  2562
  1835  1998   574  3140  4911  2405  3352  2382  3215  3300  3201   356  2520  3916  1881  2300  4119  4281   748  4264   785  1318  1512   616  4436     0  2988  4799  1091  1974  4274  1771  3448  1358  1834  1772  4210  1955  1388  1614  2104
  3745  4748  3325  5780  4629  5184  5992  5231  5965  3275  4931  3106  5270  3890  1274  3550  5849  3999  2819  5994  3535  3228  4264  2688  4411  2988     0  4516  3841  1949  6004  1745  3421  2792  4584  4524  3928  1032  3298  4365  3331
  4279  6608  4879  5566   246  4970  5779  5018  7520  3271  4718  4661  6262  3888  3410  2912  1825  1144  4374  3229  5090  4782  5818  4241  4408  4542  4516     0  5396  3045  3240  2841  3419  4348  6442  6529  1072  3484  4344  6330  2510
  2690  1370  1212  2512  5765  1778  2725  1756  2588  4154  4055  1210  1892  4770  2735  3154  4972  5135  1602  3958  1131  2172   885  1470  5290  1091  3841  5654     0  2828  3968  2625  4301  2211  1206  1146  5064  2810  2242   612  2958
  2732  3735  2311  4309  3158  3712  4521  3760  4951  1804  3460  2094  4258  2419   842  2079  4378  2528  1805  4522  2521  2215  3250  1674  2940  1974  1949  3045  2828     0  4532   204  1950  1779  3570  3510  2455   916  2285  3351  1860
  4024  3798  5230  2756  2732  2160  2969  2208  5779  5365  1422  5012  3452  5981  5502  3030  1972  2830  4725    68  5441  5134  4078  4592  6501  4894  6610  2819  3939  5138     0  4935  5511  4630  3634  3719  2846  5578  4090  3520  3371
  2529  3531  2108  4106  2954  3509  4318  3556  4749  1600  3256  1890  4054  2216   639  1875  4174  2324  1602  4319  2319  2011  3046  1470  2736  1771  1745  2841  2625   204  4329     0  1746  1576  3368  3306  2252   712  2081  3148  1656
  3441  5218  3795  4730  3578  4132  4941  4180  6435  1136  3880  3576  5426  1752  2325  2499  4798  2948  3289  4942  4005  3698  4734  3158  2274  3458  3432  3465  4311  1960  4952  1758     0  3262  5054  4994  2876  2400  3508  4835  2280
  1596  3118  1694  3812  4459  3215  4024  3262  4335  3105  2962  1476  3640  3721  1686  2061  3880  3829  1189  4025  1905  1598  2632  1056  4241  1358  2792  4348  2211  1779  4035  1576  3252     0  2954  2894  3758  1761   592  2734  1865
  3435   164  1959  2166  6549  1431  2379  1410  3050  4900  3141  1956  1546  5516  3481  3571  5342  5920  2348  3611  1878  2918  1349  2216  6036  1836  4588  6438  1210  3574  3621  3371  5048  2958     0   534  5848  3555  2988   791  3741
  3375   698  1898  2256  6639  1521  2469  1500  2990  4840  3231  1895  1636  5456  3421  3661  5432  6009  2288  3701  1818  2858  1288  2156  5976  1776  4528  6528  1149  3514  3711  3310  4986  2896   534     0  5938  3495  2928   730  3831
  3689  6018  4290  4978  1185  4380  5189  4428  6930  2682  2210  4071  5674  3299  2820  2322  2099    71  3784  2244  4500  4194  5229  3652  3819  3952  3928  1072  4806  2456  2254  2252  2829  3758  5854  5940     0  2895  3755  5740  1920
  2714  3716  2292  4749  3596  4151  4960  4199  4932  2242  3900  2075  4239  2859   660  2519  4816  2966  1786  4961  2504  2196  3231  1655  3379  1955  1032  3484  2810   916  4971   712  2390  1761  3552  3491  2895     0  2266  3332  2300
  1056  3149  1726  3272  4132  2675  3484  2722  4366  3029  2422  1508  3671  3644  2165  1521  3340  3502  1220  3485  1936  1629  2664  1088  4165  1389  3271  4020  2242  2258  3495  2054  3175   592  2985  2925  3431  2239     0  2766  1325
  3045   824  1568  1968  6349  1232  2179  1210  2660  4510  2941  1565  1346  5125  3090  3371  5144  5720  1958  3411  1488  2528   958  1825  5646  1446  4198  6238   481  3184  3421  2980  4656  2566   660   600  5648  3165  2598     0  3542
  1571  3899  2778  2859  2621  2261  3070  2309  5418  2079  1780  2559  3555  2695  2218   402  2696  1992  2271  2841  2988  2680  3716  2140  3215  2440  3324  2510  3294  1852  2851  1649  2225  2176  3735  3821  1920  2291  1636  3621     0
DRONE_EDGE_WEIGHT_SECTION
     0  1230  1258   564  1403   364   657   457  1411   618   704  1252   485   920  1079   163  1351   918  1210  1063  1442   773  1331  1108  1227  1002  1381  1329  1058   735   998   642   589   599  1140  1179   903  1162   485   948   166
  1230     0   464  1141  2624   887  1371   962   182  1322  1851   522   979  1181   932  1390  2549  2145   585  2189   578   572   238   591  1105   470   859  2547   289   948  2132  1050  1666   926    90    51  2131   893   897   290  1332
  1258   464     0  1371  2647   998  1600  1154   529  1122  1950    61  1185   864   547  1401  2609  2156   144  2306   189   486   276   212   686   256   395  2577   280   711  2244   841  1544   760   475   457  2136   477   804   460  1307
   564  1141  1371     0  1625   438   232   227  1301  1147   799  1390   190  1366  1411   663  1504  1209  1382  1092  1557   940  1326  1297  1593  1141  1625  1543  1103  1117  1045  1076  1140   976  1056  1098  1207  1465   836   934   727
  1403  2624  2647  1625     0  1738  1473  1710  2804  1674   827  2634  1710  2070  2352  1250   211   491  2580   633  2825  2167  2734  2477  2439  2393  2700    83  2461  2017   643  1887  1223  1915  2534  2574   513  2453  1845  2348  1341
   364   887   998   438  1738     0   639   219  1067   775   973  1006   261   938   975   526  1664  1263   983  1321  1186   530  1017   891  1155   750  1207  1661   758   681  1261   653   913   543   797   837  1250  1032   404   619   505
   657  1371  1600   232  1473   639     0   448  1529  1272   652  1618   415  1533  1611   707  1333  1098  1606   901  1786  1159  1558  1519  1787  1366  1843  1390  1334  1300   861  1244  1181  1157  1287  1329  1102  1672  1019  1166   802
   457   962  1154   227  1710   219   448     0  1131   974   903  1170    41  1157  1186   596  1612  1260  1159  1230  1341   714  1129  1072  1370   919  1399  1630   892   900  1176   871  1044   762   873   915  1252  1239   623   730   621
  1411   182   529  1301  2804  1067  1529  1131     0  1490  2026   590  1146  1323  1049  1572  2727  2327   667  2361   587   741   254   698  1207   608   916  2727   438  1105  2306  1213  1844  1094   271   233  2312   995  1073   470  1513
   618  1322  1122  1147  1674   775  1272   974  1490     0  1202  1087  1013   397   697   629  1695  1201  1012  1536  1266   750  1312   916   766   908  1057  1618  1055   412  1470   283   461   396  1250  1275  1174   803   453  1046   503
   704  1851  1950   799   827   973   652   903  2026  1202     0  1949   897  1572  1774   599   710   464  1911   358  2137  1465  1990  1810  1908  1695  2085   744  1727  1426   294  1319   885  1297  1760  1802   474  1862  1190  1592   725
  1252   522    61  1390  2634  1006  1618  1170   590  1087  1949     0  1202   815   492  1391  2600  2142    86  2306   191   484   337   171   626   257   337  2565   318   675  2243   808  1516   734   528   512  2122   418   789   495  1293
   485   979  1185   190  1710   261   415    41  1146  1013   897  1202     0  1199  1226   619  1607  1265  1192  1218  1371   750  1152  1107  1410   952  1435  1629   920   941  1166   912  1073   803   891   934  1258  1278   665   755   650
   920  1181   864  1366  2070   938  1533  1157  1323   397  1572   815  1199     0   346   978  2092  1598   731  1915   970   655  1104   654   371   715   699  2015   893   278  1849   290   852   399  1130  1143  1571   449   535   951   849
  1079   932   547  1411  2352   975  1611  1186  1049   697  1774   492  1226   346     0  1177  2354  1868   406  2129   630   522   809   351   195   469   361  2292   649   348  2063   468  1157   481   900   903  1843   106   605   761  1056
   163  1390  1401   663  1250   526   707   596  1572   629   599  1391   619   978  1177     0  1209   762  1344   952  1582   918  1486  1241  1310  1145  1497  1178  1212   829   886   720   479   703  1301  1340   745  1267   608  1107   129
  1351  2549  2609  1504   211  1664  1333  1612  2727  1695   710  2600  1607  2092  2354  1209     0   496  2552   453  2791  2124  2675  2449  2456  2353  2692   164  2406  2011   477  1886  1263  1899  2459  2500   525  2451  1816  2282  1313
   918  2145  2156  1209   491  1263  1098  1260  2327  1201   464  2142  1265  1598  1868   762   496     0  2089   519  2334  1677  2247  1985  1964  1902  2212   425  1974  1529   475  1401   767  1425  2056  2095    31  1968  1354  1866   849
  1210   585   144  1382  2580   983  1606  1159   667  1012  1911    86  1192   731   406  1344  2552  2089     0  2269   254   454   417   104   543   241   285  2512   350   602  2205   736  1447   671   581   570  2068   333   737   519  1241
  1063  2189  2306  1092   633  1321   901  1230  2361  1536   358  2306  1218  1915  2129   952   453   519  2269     0  2493  1822  2337  2168  2259  2051  2443   556  2079  1781    67  1670  1173  1653  2099  2141   545  2218  1548  1938  1076
  1442   578   189  1557  2825  1186  1786  1341   587  1266  2137   191  1371   970   630  1582  2791  2334   254  2493     0   672   347   355   726   442   363  2756   457   856  2430   991  1701   923   612   585  2313   538   980   635  1484
   773   572   486   940  2167   530  1159   714   741   750  1465   484   750   655   522   918  2124  1677   454  1822   672     0   589   361   717   230   685  2096   316   393  1759   480  1113   354   502   526  1658   547   343   304   830
  1331   238   276  1326  2734  1017  1558  1129   254  1312  1990   337  1152  1104   809  1486  2675  2247   417  2337   347   589     0   459   959   404   662  2660   276   910  2278  1030  1700   924   292   257  2230   748   931   401  1409
  1108   591   212  1297  2477   891  1519  1072   698   916  1810   171  1107   654   351  1241  2449  1985   104  2168   355   361   459     0   514   171   337  2409   323   505  2104   638  1347   568   570   567  1964   302   633   473  1138
  1227  1105   686  1593  2439  1155  1787  1370  1207   766  1908   626  1410   371   195  1310  2456  1964   543  2259   726   717   959   514     0   653   386  2383   829   495  2192   590  1224   636  1080  1079  1937   213   770   951  1184
  1002   470   256  1141  2393   750  1366   919   608   908  1695   257   952   715   469  1145  2353  1902   241  2051   442   230   404   171   653     0   507  2322   182   506  1988   626  1309   526   432   437  1882   448   554   306  1053
  1381   859   395  1625  2700  1207  1843  1399   916  1057  2085   337  1435   699   361  1497  2692  2212   285  2443   363   685   662   337   386   507     0  2637   635   683  2378   813  1515   795   862   848  2189   255   896   801  1383
  1329  2547  2577  1543    83  1661  1390  1630  2727  1618   744  2565  1629  2015  2292  1178   164   425  2512   556  2756  2096  2660  2409  2383  2322  2637     0  2388  1954   563  1825  1172  1850  2457  2497   448  2392  1776  2273  1272
  1058   289   280  1103  2461   758  1334   892   438  1055  1727   318   920   893   649  1212  2406  1974   350  2079   457   316   276   323   829   182   635  2388     0   667  2018   777  1429   662   251   255  1956   620   658   180  1134
   735   948   711  1117  2017   681  1300   900  1105   412  1426   675   941   278   348   829  2011  1529   602  1781   856   393   910   505   495   506   683  1954   667     0  1715   135   848   143   887   906  1506   441   281   696   708
   998  2132  2244  1045   643  1261   861  1176  2306  1470   294  2243  1166  1849  2063   886   477   475  2205    67  2430  1759  2278  2104  2192  1988  2378   563  2018  1715     0  1604  1109  1587  2043  2084   500  2152  1483  1879  1009
   642  1050   841  1076  1887   653  1244   871  1213   283  1319   808   912   290   468   720  1886  1401   736  1670   991   480  1030   638   590   626   813  1825   777   135  1604     0   713   138   982  1005  1377   566   255   783   595
   589  1666  1544  1140  1223   913  1181  1044  1844   461   885  1516  1073   852  1157   479  1263   767  1447  1173  1701  1113  1700  1347  1224  1309  1515  1172  1429   848  1109   713     0   785  1584  1616   738  1261   772  1377   423
   599   926   760   976  1915   543  1157   762  1094   396  1297   734   803   399   481   703  1899  1425   671  1653   923   354   924   568   636   526   795  1850   662   143  1587   138   785     0   855   879  1403   565   139   653   588
  1140    90   475  1056  2534   797  1287   873   271  1250  1760   528   891  1130   900  1301  2459  2056   581  2099   612   502   292   570  1080   432   862  2457   251   887  2043   982  1584   855     0    42  2041   870   818   207  1244
  1179    51   457  1098  2574   837  1329   915   233  1275  1802   512   934  1143   903  1340  2500  2095   570  2141   585   526   257   567  1079   437   848  2497   255   906  2084  1005  1616   879    42     0  2080   869   848   239  1281
   903  2131  2136  1207   513  1250  1102  1252  2312  1174   474  2122  1258  1571  1843   745   525    31  2068   545  2313  1658  2230  1964  1937  1882  2189   448  1956  1506   500  1377   738  1403  2041  2080     0  1943  1333  1851   829
  1162   893   477  1465  2453  1032  1672  1239   995   803  1862   418  1278   449   106  1267  2451  1968   333  2218   538   547   748   302   213   448   255  2392   620   441  2152   566  1261   565   870   869  1943     0   681   751  1148
   485   897   804   836  1845   404  1019   623  1073   453  1190   789   665   535   605   608  1816  1354   737  1548   980   343   931   633   770   554   896  1776   658   281  1483   255   772   139   818   848  1333   681     0   611   505
   948   290   460   934  2348   619  1166   730   470  1046  1592   495   755   951   761  1107  2282  1866   519  1938   635   304   401   473   951   306   801  2273   180   696  1879   783  1377   653   207   239  1851   751   611     0  1044
   166  1332  1307   727  1341   505   802   621  1513   503   725  1293   650   849  1056   129  1313   849  1241  1076  1484   830  1409  1138  1184  1053  1383  1272  1134   708  1009   595   423   588  1244  1281   829  1148   505  1044     0
DEPOT_SECTION
0
-1
EOF
    