
NAME : CVS-61-2
COMMENT : CVS
TYPE : RDVRP-TW
DIMENSION : 61
CAPACITY : 100
EDGE_WEIGHT_TYPE : EXPLICIT
EDGE_WEIGHT_FORMAT : FULL_MATRIX 
NODE_COORD_SECTION
  0 -78.8465283000 35.7910400000
  1 -78.8625773000 35.7817051000
  2 -78.8499937000 35.7896987000
  3 -78.8537166000 35.7892397000
  4 -78.8401561000 35.7957047000
  5 -78.8577737000 35.7806129000
  6 -78.8454465000 35.7829050000
  7 -78.8379350000 35.7861945000
  8 -78.8446112000 35.8013855000
  9 -78.8459639000 35.7792122000
 10 -78.8354620000 35.7838830000
 11 -78.8546941000 35.7790468000
 12 -78.8356880000 35.7842685000
 13 -78.8587022000 35.7858923000
 14 -78.8359205000 35.7805525000
 15 -78.8393160000 35.7838970000
 16 -78.8574169000 35.7821544000
 17 -78.8409590000 35.8016797000
 18 -78.8341760000 35.7869690000
 19 -78.8441920000 35.8040028000
 20 -78.8409615000 35.7812370000
 21 -78.8470597000 35.7943033000
 22 -78.8432083000 35.8043725000
 23 -78.8451625000 35.7779105000
 24 -78.8558484000 35.7985530000
 25 -78.8540462000 35.7966835000
 26 -78.8388834000 35.7789499000
 27 -78.8581358000 35.7876660000
 28 -78.8589789000 35.7868398000
 29 -78.8368999000 35.8027982000
 30 -78.8530237000 35.8000398000
 31 -78.8404745000 35.8045680000
 32 -78.8383796000 35.8033517000
 33 -78.8507898000 35.8038116000
 34 -78.8313265000 35.7793280000
 35 -78.8500104000 35.7860035000
 36 -78.8430365000 35.7784130000
 37 -78.8531607000 35.7853521000
 38 -78.8457543000 35.7808417000
 39 -78.8582847000 35.7843370000
 40 -78.8603837000 35.7878116000
 41 -78.8552706000 35.7855528000
 42 -78.8427874000 35.7982308000
 43 -78.8575608000 35.7790604000
 44 -78.8555295000 35.7835963000
 45 -78.8502251000 35.7952803000
 46 -78.8431864000 35.8037716000
 47 -78.8525105000 35.7930012000
 48 -78.8393525000 35.7873340000
 49 -78.8427700000 35.7776175000
 50 -78.8536310000 35.7859471000
 51 -78.8548422000 35.7989679000
 52 -78.8480713000 35.8017476000
 53 -78.8448805000 35.7827260000
 54 -78.8312190000 35.7789055000
 55 -78.8367840000 35.7807900000
 56 -78.8451004000 35.8006395000
 57 -78.8425184000 35.8034585000
 58 -78.8514019000 35.7837284000
 59 -78.8379444000 35.8036861000
 60 -78.8411970000 35.7829100000
TIME_WINDOW_SECTION
  0      0  36000
  1      0  31419
  2  14848  16848
  3      0  32890
  4      0  33205
  5    673   6217
  6      0  32702
  7  17835  19835
  8      0  31625
  9      0  32959
 10  15470  19522
 11  18496  20938
 12      0  31795
 13  24453  26453
 14      0  32012
 15  20694  23756
 16  18357  22261
 17      0  30776
 18   4248   6248
 19      0  31645
 20  20465  22465
 21   6766   8766
 22  11669  13669
 23   5432   7432
 24      0  31311
 25      0  32569
 26      0  32290
 27  21262  23680
 28      0  32195
 29      0  30715
 30      0  32061
 31      0  31239
 32      0  31950
 33      0  32030
 34  12106  15234
 35      0  33430
 36      0  32770
 37  19547  21547
 38  11679  13679
 39      0  32550
 40      0  32395
 41  10340  12340
 42   4643   6643
 43   7611   9611
 44   8661  13253
 45  27941  29941
 46      0  31569
 47  21402  23402
 48  17991  21091
 49  21667  24425
 50   8053  14283
 51      0  32041
 52      0  32110
 53  11838  13838
 54  20408  23638
 55  20531  22843
 56      0  31602
 57  24978  29336
 58  26315  28315
 59  12992  15192
 60  26485  28485
DEMAND_SECTION
  0      0
  1     28
  2     27
  3     11
  4     18
  5     24
  6      6
  7      6
  8     14
  9     24
 10     15
 11     30
 12     30
 13     18
 14     28
 15     20
 16      8
 17     25
 18     26
 19     15
 20     13
 21     12
 22     23
 23      6
 24     14
 25     21
 26     15
 27     19
 28     30
 29     23
 30     13
 31     14
 32     16
 33     19
 34     16
 35     29
 36     29
 37     14
 38     10
 39     21
 40     23
 41      7
 42     24
 43      8
 44     12
 45     21
 46      5
 47     27
 48     29
 49      8
 50     22
 51     26
 52     29
 53     10
 54     30
 55     29
 56     21
 57     15
 58     23
 59     10
 60     23
SERVICE_TIME_SECTION
  0      0
  1   1000
  2   1000
  3   1000
  4   1000
  5   1000
  6   1000
  7   1000
  8   1000
  9   1000
 10   1000
 11   1000
 12   1000
 13   1000
 14   1000
 15   1000
 16   1000
 17   1000
 18   1000
 19   1000
 20   1000
 21   1000
 22   1000
 23   1000
 24   1000
 25   1000
 26   1000
 27   1000
 28   1000
 29   1000
 30   1000
 31   1000
 32   1000
 33   1000
 34   1000
 35   1000
 36   1000
 37   1000
 38   1000
 39   1000
 40   1000
 41   1000
 42   1000
 43   1000
 44   1000
 45   1000
 46   1000
 47   1000
 48   1000
 49   1000
 50   1000
 51   1000
 52   1000
 53   1000
 54   1000
 55   1000
 56   1000
 57   1000
 58   1000
 59   1000
 60   1000
TRUCK_EDGE_WEIGHT_SECTION
     0  3765  1238  2139  2090  3342  2760  3481  2341  2504  3058  3392  3061  3071  3842  3274  2900  3070  2640  2581  2812  1084  2879  2890  3172  1902  3172  2955  2988  3694  2475  3170  3345  2444  5036  2008  2692  2021  2328  2719  2770  2449  2672  3560  2696  1388  2840  1861  2231  2844  2078  3321  1876  2730  4990  3625  2244  2801  2182  3530  2686
  3581     0  2558  1944  4312  2900  4060  5704  4565  3804  5280  2950  5284   986  4749  5496  2458  5294  4864  4804  4111  3308  5101  4190  3016  4126  4471  1151   902  5918  3640  5392  5568  4668  5942  3376  3992  3389  3626  2276  1128  2006  4895  3118  2254  3610  5064  4085  4455  4144  3445  3164  4099  4029  5896  4531  4466  5025  3035  5754  3985
  1001  3098     0  1472  2190  2676  2334  3580  2441  2078  3158  2725  3161  2404  3022  3372  2232  3170  2740  2680  2385  1184  2979  2464  2505  2002  2745  2288  2320  3794  2575  3269  3444  2544  4216  1581  2266  1594  1900  2051  2102  1781  2771  2892  2029  1488  2940  1961  2331  2418  1650  2654  1976  2302  4170  2805  2342  2901  1756  3630  2259
  2110  3648  1086     0  2841  3226  3442  4232  3094  3186  3809  3275  3812  2954  4131  4025  2782  3822  3392  3332  3494  1836  3630  3572  3055  2655  3854  2838  2870  4446  3228  3921  4096  3196  5325  2690  3375  2702  3009  2601  2652  2331  3424  3444  2580  2140  3592  2614  2984  3525  2759  3204  2628  3411  5279  3914  2995  3554  2865  4282  3368
  1795  4982  2456  3358     0  4561  3979  2686  1242  3722  2262  4611  2266  4290  3048  2479  4119  1075  1845  2342  3391  2042  1680  3746  4391  3075  3054  4172  4206  1259  2236  1534  1346  2205  4241  3226  3549  3239  3546  3938  3989  3668   812  4779  3915  2559  1641  3032  1436  3699  3295  2221  1638  3948  4195  2830  1289  1531  3401  1422  3645
  3074  3598  2796  2184  4552     0  2778  4146  4804  2521  3682   715  3686  2905  3468  3939   214  5532  4238  5044  2830  3546  5341  2908  3255  4365  3190  2788  2821  6156  3880  5632  5808  4908  4661  2094  2710  2108  2345   624  2602  1182  5135   218   580  3850  5302  4324  4694  2861  2164  3404  4339  2748  4614  3250  4706  5264  1754  5992  2704
  2298  4758  2500  3342  3956  2778     0  2529  4208   905  2066  2828  2070  4064  1850  2321  2335  4936  2620  4448   884  2950  4745  1291  4672  3769  1572  3948  3980  5560  4341  5036  5211  4311  3044  1792  1094  1805   728  2154  3762  2342  4539  2995  2131  3254  4708  3728  2750  1245  1861  4820  3742    31  2998  1632  4110  4668  1451  5396   558
  3625  6085  3910  4812  2714  4105  2489     0  4968  2232   628  4155   632  5391  1414   464  3662  3698  1182  5206  1756  3498  5505  2111  5845  4529  1419  5275  5308  3881  5101  5796  3969  5070  2606  3120  1914  3132  2055  3481  5090  3669  3435  4322  3459  4014  5466  4488   412  2065  3189  5994  4502  2458  2560  1196  4870  5428  2779  4045  2011
  3375  5711  3184  4086  1242  5289  4706  5498     0  4450  5074  5339  5078  5018  5396  5290  4846   942  4656   822  4759  2412  1120  4836  2198  2552  5119  4901  4934  1439  2101  1411  1526  1052  6590  3954  4639  3968  4274  4665  4716  4395   544  5506  4642  2038  1081  2511  4249  4790  4024  2086   605  4676  6542  5179    99  1042  4129  1602  4632
  2041  4501  2244  3086  3700  2521   905  2272  3951     0  1810  2571  1814  3808  1594  2065  2079  4680  2364  4191   956  2694  4489  1035  4416  3512  1316  3691  3724  5304  4085  4780  4955  4055  2788  1536   838  1549   304  1898  3506  2086  4282  2739  1875  2998  4450  3471  2494   989  1605  4564  3486   874  2741  1376  3854  4411  1195  5140   831
  3201  5974  3448  4349  2250  3681  2065   628  4504  1809     0  3731     4  5281   990   420  3239  3234   719  4744  1332  3034  5041  1688  5382  4065   995  5164  5198  3418  4638  5332  3505  4608  2184  2696  1490  2709  1631  3058  4979  3246  2971  3899  3035  3550  5002  4024   850  1641  2765  5530  4039  2034  2136   772  4406  4964  2355  3581  1588
  3124  3648  2846  2232  4601   715  2828  4196  4854  2571  3732     0  3736  2954  3518  3988   929  5582  4286  5092  2879  3596  5390  2958  3305  4415  3239  2838  2870  6206  3929  5681  5856  4956  4710  2144  2760  2156  2394  1044  2652  1232  5184   498   695  3900  5352  4374  4744  2911  2212  3452  4388  2796  4664  3299  4755  5314  1802  6042  2754
  3205  5978  3451  4352  2254  3686  2069   632  4509  1812     4  3735     0  5285   994   424  3242  3238   722  4748  1336  3038  5045  1691  5386  4070  1000  5168  5201  3421  4641  5336  3509  4611  2188  2700  1494  2712  1635  3061  4984  3250  2975  3902  3039  3554  5008  4028   854  1645  2769  5534  4042  2038  2140   776  4410  4968  2359  3585  1591
  2889   986  1864  1251  3620  2208  3366  5011  3871  3110  4588  2256  4591     0  4056  4802  1764  4600  4170  4111  3419  2614  4409  3496  2322  3432  3779   458    84  5224  2948  4700  4875  3974  5249  2682  3299  2696  2932  1584   435  1314  4202  2425  1561  2918  4370  3391  3761  3450  2752  2471  3406  3335  5202  3839  3774  4331  2342  5060  3292
  2988  5446  3189  4032  3038  3468  1850  1416  4898  1594   952  3518   956  4754     0  1209  3025  4021  1508  5136  1119  3822  5435  1474  5361  4459   781  4636  4670  4205  5031  5726  4292  5000  1969  2482  1276  2495  1418  2844  4451  3031  3760  3685  2821  3944  5396  4418  1638  1428  2551  5510  4432  1820  1922   368  4800  5358  2141  4369  1374
  3418  5876  3702  4605  2506  3898  2280   464  4760  2024   420  3948   424  5184  1206     0  3455  3489   975  4999  1549  3290  5298  1904  5638  4321  1211  5066  5100  3672  4894  5588  3760  4862  2399  2912  1706  2925  1848  3274  4881  3461  3228  4115  3251  3806  5259  4280   685  1858  2981  5786  4295  2250  2352   988  4661  5220  2571  3838  1804
  2631  3155  2354  1741  4110   214  2335  3704  4361  2079  3240   929  3244  2461  3025  3496     0  5090  3795  4600  2388  3104  4899  2465  2812  3922  2748  2345  2378  5714  3436  5189  5364  4464  4218  1651  2268  1665  1901   532  2160   740  4691   431   366  3408  4860  3881  4251  2419  1720  2961  3896  2304  4171  2808  4262  4821  1310  5550  2261
  4224  6560  4032  4935  1075  6139  5556  3669   942  5300  3245  6188  3250  5866  4031  3461  5695     0  2829  1380  4374  3261  1012  5686  3046  3401  4036  5750  5782   814  2950   866   901  1902  5224  4804  5489  4816  5122  5514  5565  5244   756  6356  5492  2886   974  3360  2420  5639  4872  2935  1334  5525  5178  3814   989   864  4979   769  5481
  2385  5574  3046  3948  1850  4212  2596  1159  4104  2340   735  4262   740  4880  1521   951  3770  2832     0  4342  1864  2634  4640  2219  4981  3665  1526  4764  4796  3016  4238  4931  3104  4206  2714  3228  2021  3240  2162  3589  4579  3776  2571  4430  3566  3149  4602  3624  1380  2172  3296  5130  3638  2565  2668  1304  4005  4564  2886  3180  2119
  3355  5690  3164  4065  2884  5269  4686  5478  1020  4430  5054  5319  5058  4998  5376  5270  4826  1599  4636     0  4739  2391   812  4816  2176  2532  5099  4880  4914  1628  2081  1102  1836  1032  6569  3934  4619  3946  4254  4645  4696  4375  1564  5486  4622  2016   774  2490  4228  4770  4002  2065  1508  4655  6522  5159  1001   735  4109  1464  4612
  2350  4809  2551  3395  3420  2830   884  1798  4260   956  1334  2879  1338  4116  1119  1590  2388  4989  1889  4499     0  3002  4798   836  4724  3821   841  3999  4032  4586  4394  5088  4674  4362  2312  1845   639  1858   780  2206  3814  2394  4590  3048  2184  3306  4759  3780  2019   790  1914  4872  3795   854  2265   901  4161  4720  1504  5449   570
  1536  3872  1345  2248  2268  3451  2869  3659  1765  2612  3235  3500  3239  3179  3558  3451  3008  2494  2819  2005  2920     0  2302  2999  3280  1328  3280  3062  3095  3118  1899  2594  3326  1869  4751  2116  2801  2129  2435  2826  2878  2556  2096  3669  2805   811  2265  1285  2410  2951  2185  1884  1300  2838  4705  3340  1668  2225  2291  2954  2794
  3470  5805  3279  4180  1680  5384  4801  5592  1134  4545  5169  5432  5172  5112  5491  5385  4941  1012  4751   592  4854  2506     0  4931  2291  2648  5214  4995  5029  1041  2196   516  1250  1148  6684  4049  4734  4061  4368  4760  4810  4490  1679  5601  4738  2131    39  2605  4342  4885  4118  2180  1622  4770  6638  5272  1115   149  4224   878  4728
  2428  4888  2630  3474  3775  2908  1291  2152  4338  1035  1689  2958  1692  4194  1474  1945  2465  5066  2244  4578   836  3080  4875     0  4802  3900  1196  4078  4110  5690  4471  5166  5029  4441  2668  1922   268  1935   858  2284  3892  2472  4669  3125  2261  3384  4838  3858  2374   419  1991  4950  3872  1260  2620  1256  4240  4798  1581  5526  1091
  3689  3678  2665  2052  4420  3255  4415  5811  1726  4159  5388  3305  5392  2984  5104  5604  2812  2455  4971  1965  4466  3415  2262  4545     0  2285  4826  2868  2900  3079   624  2554  3288  1829  6298  3731  4348  3744  3981  2631  2682  2361  2056  3472  2609  1769  2225  2244  4562  4499  3800   149  1260  4384  6251  4886  1628  2186  3390  2915  4341
  2431  4768  2240  3142  1960  4346  3764  4554  2079  3508  4130  4395  4135  4074  4452  4346  3902  2808  3714  2319  3815  1469  2616  3894  4175     0  4175  3958  3990  3431  2212  2908  3640  2181  5646  3011  3696  3024  3330  3722  3772  3451  2410  4564  3700   735  2578   875  3305  3848  3080  2198  1614  3732  5600  4235  1981  2539  3186  3268  3689
  2710  5169  2911  3755  3082  3190  1572  1460  4620  1316   996  3239  1000  4476   781  1252  2748  4065  1551  4859   841  3362  5158  1196  5084  4181     0  4359  4392  4250  4754  5449  4336  4722  1975  2205   999  2218  1140  2566  4174  2754  3804  3408  2544  3666  5119  4140  1681  1150  2274  5232  4155  1542  1928   564  4522  5080  1864  5809  1096
  2771  1151  1748  1135  3502  2090  3250  4894  3755  2994  4470  2140  4474   458  3939  4686  1648  4484  4054  3994  3301  2498  4291  3380  2206  3316  3661     0   374  5108  2830  4582  4758  3858  5132  2566  3182  2579  2816  1466   318  1196  4085  2308  1444  2800  4254  3275  3645  3334  2635  2354  3289  3219  5086  3721  3656  4215  2225  4944  3175
  2805   902  1780  1168  3536  2124  3282  4928  3788  3026  4504  2172  4508    84  3972  4719  1680  4516  4086  4026  3335  2530  4325  3412  2239  3349  3695   374     0  5140  2864  4616  4790  3890  5165  2599  3215  2612  2849  1500   351  1230  4119  2341  1478  2834  4286  3308  3678  3366  2668  2388  3322  3251  5119  3755  3690  4248  2258  4976  3209
  4285  6621  4094  4996  1259  6199  5616  3852  1439  5360  3430  6249  3434  5928  4215  3645  5756   814  3012  1409  4558  3322  1041  5746  3108  3462  4220  5811  5844     0  3011   895   209  1962  5408  4864  5549  4878  5184  5575  5626  5305  1254  6416  5552  2948  1002  3421  2604  5700  4934  2996  2439  5586  5361  3998  1485   892  5040   164  5542
  2939  4356  2748  2731  2468  3935  4270  5061  1558  4014  4638  3984  4641  3664  4960  4854  3491  2286  4220  1796  4322  1976  2095  4400   679  2116  4682  3546  3580  2910     0  2386  3119  1660  6154  3518  4202  3531  3838  3311  3361  3041  1888  4152  3289  1601  2056  2075  3812  4354  3588   568  1092  4240  6106  4742  1460  2018  3692  2746  4196
  3761  6096  3569  4471  1534  5675  5092  5884  1425  4836  5460  5724  5464  5404  5782  5675  5232   866  5042   884  5144  2798   516  5222  2582  2938  5505  5286  5320   895  2486     0  1104  1439  6975  4340  5025  4352  4659  5051  5101  4781  1529  5892  5029  2422   479  2896  4634  5176  4409  2471  1914  5061  6929  5564  1406   369  4515   731  5019
  3050  6830  4302  5204  1346  6408  5825  3940  1526  5569  3518  6458  3521  6136  4302  3732  5965   901  3100  1618  4645  3530  1250  5000  3316  3671  4308  6020  6052   209  3220  1104     0  2171  5495  5072  4802  5086  5392  5784  5835  5514  1341  6625  5761  3155  1211  3630  2691  4954  5142  3205  1919  5795  5449  4085  1572  1101  5248   372  4900
  2970  5306  2779  3681  2499  4885  4302  5092  1066  4046  4669  4934  4672  4612  4991  4885  4441  2318  4252   848  4354  2008  1146  4432  1792  2148  4714  4496  4529  1961  1696  1438  2170     0  6185  3550  4235  3562  3869  4260  4311  3990  1920  5102  4239  1632  1108  2106  3844  4385  3619  1681  1124  4271  6139  4774  1048  1069  3725  1798  4228
  4164  6622  4365  5209  4215  4644  3028  2592  6074  2771  2129  4694  2132  5930  1914  2385  4201  5198  2684  6312  2295  4999  6611  2650  6538  5635  1958  5812  5846  5381  6208  6902  5469  6176     0  3659  2452  3671  2594  4020  5629  4208  4936  4861  3998  5120  6572  5594  2814  2604  3728  6686  5609  2996    46  1696  5976  6534  3318  5545  2550
  1570  4074  1771  2660  3229  2094  1792  3161  3480  1536  2698  2144  2701  3380  2482  2954  1651  4209  3252  3720  1845  2222  4018  1922  3731  3041  2205  3264  3296  4832  3614  4309  4484  3582  3675     0  1725   479  1359  1470  3079  1659  3811  2311  1448  2526  3979  3000  3370  1876   535  3879  3015  1761  3629  2265  3382  3940   341  4669  1719
  2230  4690  2432  3275  3578  2710  1094  1955  4140   838  1491  2760  1495  3996  1276  1748  2268  4869  2046  4380   639  2882  4678   268  4605  3701   999  3880  3912  5492  4274  4969  4831  4244  2469  1725     0  1738   660  2086  3695  2275  4471  2928  2064  3186  4640  3660  2176   151  1794  4752  3675  1062  2422  1059  4042  4600  1384  5329   892
  1582  4086  1785  2672  3241  2108  1805  3174  3494  1549  2710  2156  2714  3394  2495  2966  1665  4222  3265  3732  1858  2235  4030  1935  3744  3055  2218  3276  3309  4846  3628  4321  4496  3596  3689   479  1738     0  1372  1484  3091  1671  3824  2325  1461  2539  3992  3014  3384  1889    56  3892  3028  1775  3641  2278  3395  3954   354  4682  1731
  1865  4324  2066  2910  3522  2345   728  2096  3775   304  1632  2394  1636  3630  1418  1889  1901  4504  2188  4014   780  2518  4311   858  4239  3336  1140  3514  3546  5128  3909  4602  4778  3878  2610  1359   660  1372     0  1721  3329  1909  4105  2562  1699  2821  4274  3295  2318   811  1429  4388  3309   696  2564  1200  3676  4235  1019  4964   654
  2450  2974  2172  1560  3929   624  2154  3522  4180  1898  3059  1044  3062  2281  2844  3315   532  4909  3614  4420  2206  2922  4718  2284  2631  3741  2566  2164  2198  5532  3256  5009  5184  4282  4036  1470  2086  1484  1721     0  1979   559  4511   841   349  3226  4679  3700  4070  2238  1540  2780  3715  2124  3990  2626  4082  4640  1130  5369  2080
  2605  1104  1580   968  3336  1924  3082  4728  3588  2826  4304  1972  4308   410  3772  4519  1480  4316  3886  3826  3135  2330  4125  3212  2039  3149  3495   294   326  4940  2664  4416  4590  3690  4965  2399  3015  2411  2649  1299     0  1029  3918  2141  1278  2634  4086  3108  3478  3166  2468  2188  3122  3051  4919  3554  3490  4048  2058  4776  3009
  2638  2704  1902  1290  3659  1182  2342  3710  3910  2086  3248  1232  3251  2011  3031  3502   740  4639  4209  4149  2394  2652  4448  2472  2361  3471  2754  1894  1926  5262  2986  4739  4912  4012  4225  1659  2275  1671  1909   559  1709     0  4241  1400   536  2956  4409  3430  3800  2425  1728  2510  3445  2311  4179  2814  3812  4370  1318  5099  2268
  3826  6161  3635  4536   812  5740  5158  3408   544  4901  2984  5790  2988  5469  3769  3200  5298   756  2566  1366  5210  2862  1664  5288  2648  3004  3775  5351  5385  1254  2552  1529  1341  1504  4962  4405  5090  4418  4725  5116  5168  4846     0  5958  5094  2488  1626  2962  2158  5241  4474  2536   936  5126  4916  3551   590  1586  4580  1418  5084
  3291  3815  3014  2401  4770   218  2995  4364  5021  2739  3900   498  3904  3122  3685  4156   431  5750  4455  5261  3048  3764  5559  3125  3472  4582  3408  3005  3039  6374  4098  5850  6025  5124  4879  2311  2928  2325  2562   841  2820  1400  5352     0   798  4068  5520  4541  4911  3079  2381  3621  4556  2965  4831  3468  4924  5481  1971  6210  2921
  2428  2951  2150  1538  3906   580  2131  3500  4158  1875  3036   695  3040  2259  2821  3292   366  4886  3591  4398  2184  2900  4695  2261  2609  3719  2544  2141  2175  5510  3234  4986  5161  4260  4015  1448  2064  1461  1699   349  1956   536  4489   798     0  3204  4656  3678  4048  2215  1518  2758  3692  2101  3968  2604  4060  4618  1108  5346  2058
  1916  4252  1725  2626  1445  3830  3248  4039  1564  2991  3615  3880  3619  3559  3938  3831  3388  2292  3198  1802  3300   954  2101  3378  3660   735  3660  3442  3475  2916  1698  2391  3125  1666  5131  2495  3180  2509  2815  3206  3258  2936  1894  4048  3184     0  2062   474  2790  3331  2565  1682  1099  3218  5084  3720  1465  2024  2670  2752  3174
  3431  5768  3240  4142  1641  5345  4764  5554  1096  4506  5130  5395  5134  5074  5452  5346  4902   974  4714   555  4815  2469    39  4894  2254  2609  5175  4958  4990  1002  2158   479  1211  1109  6646  4010  4696  4024  4330  4721  4772  4451  1640  5562  4699  2094     0  2568  4305  4846  4080  2142  1585  4732  6599  5235  1078   110  4186   839  4689
  2390  4726  2199  3101  1919  4304  3721  4512  2038  3465  4089  4354  4092  4032  4411  4305  3861  2766  3672  2276  3774  1428  2575  3852  4134   875  4134  3916  3949  3390  2171  2866  3599  2140  5605  2969  3654  2982  3289  3680  3731  3410  2368  4521  3658   474  2536     0  3264  3805  3039  2156  1572  3691  5558  4194  1940  2498  3145  3226  3648
  1972  5160  2634  3535  1436  4326  2710   412  3690  2454   850  4376   854  4468  1635   685  3884  2420  1404  3930  1978  2220  4228  2332  4569  3252  1640  4350  4384  2604  3824  4519  2691  3794  2828  3341  2135  3354  2276  3702  4165  3845  2158  4544  3680  2736  4190  3210     0  2286  3410  4716  3225  2679  2781  1418  3592  4150  3000  2768  2232
  2381  4840  2582  3426  3728  2861  1245  2106  4291   989  1642  2911  1646  4148  1428  1899  2419  5020  2198  4531   790  3034  4829   419  4755  3852  1150  4031  4064  5644  4425  5120  4982  4394  2620  1876   151  1889   811  2238  3846  2425  4622  3079  2215  3338  4790  3811  2328     0  1945  4904  3826  1214  2574  1210  4194  4751  1535  5480  1044
  1639  4142  1841  2729  3298  2164  1861  3230  3550  1605  2766  2212  2770  3450  2551  3022  1720  4278  3321  3789  1914  2291  4086  1991  3800  3111  2274  3332  3365  4902  3684  4378  4552  3652  3745   535  1794    56  1429  1540  3148  1728  3880  2381  1518  2595  4049  3070  3440  1945     0  3949  3084  1831  3698  2334  3451  4010   410  4739  1788
  2959  3918  2905  2292  2488  3496  4655  5081  1578  4399  4658  3545  4661  3224  5345  4874  3052  2306  4241  1816  4708  1996  2115  4785   240  2136  5068  3108  3140  2930   476  2406  3139  1680  6538  3971  4588  3984  4221  2871  2922  2601  1908  3714  2850  1621  2076  2095  3832  4739  4040     0  1112  4624  6491  5128  1480  2038  3630  2766  4581
  2890  5226  2699  3601  2419  4804  4221  5012   922  3965  4589  4854  4592  4532  4911  4805  4361  2238  4172   705  4274  1928  1002  4352  1712  2068  4634  4416  4449  1818  1616  1294  2026   568  6105  3469  4154  3482  3789  4180  4231  3910  1839  5021  4158  1552   964  2026  3764  4305  3539  1601     0  4191  6058  4694   904   925  3645  1654  4148
  2266  4726  2469  3312  3925  2748    31  2499  4178   874  2035  2796  2039  4032  1820  2290  2304  4905  2590  4416   854  2919  4714  1260  4641  3739  1542  3916  3949  5530  4311  5005  5180  4280  3012  1761  1062  1775   696  2124  3731  2311  4508  2965  2101  3222  4676  3696  2720  1214  1831  4789  3711     0  2966  1601  4079  4638  1421  5366   526
  4118  6576  4319  5162  4168  4598  2980  2546  6028  2724  2082  4646  2086  5884  1868  2338  4155  5151  2636  6266  2249  4951  6565  2604  6491  5589  1911  5766  5800  5335  6161  6855  5422  6130    46  3612  2406  3625  2548  3974  5581  4161  4890  4815  3951  5074  6526  5548  2768  2558  3681  6640  5562  2950     0  1649  5929  6488  3271  5499  2504
  2770  5229  2971  3815  2820  3250  1632  1199  4680  1376   735  3299   739  4536   368   990  2808  3804  1289  4919   901  3604  5216  1256  5144  4241   564  4419  4452  3988  4814  5508  4075  4782  1751  2265  1059  2278  1200  2626  4234  2814  3541  3468  2604  3726  5179  4200  1420  1210  2334  5292  4215  1601  1705     0  4581  5140  1924  4151  1155
  3398  5734  3206  4108  1289  5311  4729  5520    99  4472  5096  5361  5100  5040  5419  5312  4869   989  4679   804  4781  2434  1101  4859  2220  2575  5141  4924  4956  1485  2124  1392  1572  1075  6612  3976  4661  3990  4296  4688  4739  4418   590  5529  4665  2060  1062  2534  4270  4812  4046  2109   508  4698  6565  5201     0  1024  4151  1752  4655
  3392  5729  3201  4102  1531  5306  4724  5515  1058  4468  5091  5356  5095  5035  5414  5308  4864   864  4674   516  4776  2429   149  4854  2215  2570  5136  4919  4951   892  2119   369  1101  1070  6608  3971  4656  3985  4291  4682  4734  4412  1601  5524  4660  2055   110  2529  4265  4808  4041  2104  1546  4694  6560  5196  1039     0  4146   729  4650
  1748  3732  1950  2319  3406  1754  1451  2820  3658  1195  2356  1802  2360  3040  2141  2612  1310  4386  2911  3898  1504  2400  4195  1581  3390  3219  1864  2922  2955  5011  3791  4486  4661  3761  3335   341  1384   354  1019  1130  2738  1318  3989  1971  1108  2704  4158  3178  3041  1535   410  3539  3192  1421  3288  1924  3560  4118     0  4846  1378
  4121  6458  3930  4832  1422  6035  5452  4018  1602  5196  3594  6085  3598  5764  4379  3809  5592   769  3176  1245  5505  3159   878  5582  2944  3299  5865  5648  5680   164  2848   731   372  1799  5572  4700  5385  4714  5020  5411  5462  5141  1418  6252  5389  2784   839  3258  2768  5536  4770  2832  2275  5422  5525  4161  1650   729  4875     0  5379
  2224  4682  2425  3269  3882  2704   558  2052  4134   831  1589  2754  1592  3990  1374  1845  2261  4862  2144  4372   570  2876  4671  1091  4598  3695  1096  3872  3906  5486  4268  4962  5136  4236  2566  1719   892  1731   654  2080  3689  2268  4465  2921  2058  3180  4632  3654  2274  1044  1788  4746  3669   526  2520  1155  4036  4594  1378  5322     0
DRONE_EDGE_WEIGHT_SECTION
     0  1199   197   333   569  1234   906   627  1154  1317   897  1370   855   730  1233   839  1069  1201   644  1445  1111   364  1489  1462   903   686  1376   571   657  1355  1029  1522  1402  1430  1423   575  1412   679  1136   865   626   692   812  1396   894   491  1422   310   491  1501   625   933  1193   928  1468  1198  1070  1390   834  1442   927
  1199     0  1007   902  1766   219   660  1052  2288   689  1051   421  1053   488  1018   910   201  2361  1217  2572   820  1516  2621   785  1892  1697   950   684   587  2530  2071  2670  2568  2498  1215   672   828   539   644   335   685   509  1980   351   339  1579  2557  1312  1073   880   580  1943  2294   678  1231   982  2204  2531   478  2608   818
   197  1007     0   147   760  1053   775   594  1316  1177   844  1199   806   533  1146   759   884  1374   661  1606  1001   524  1652  1325  1009   792  1267   377   461  1534  1156  1691  1577  1571  1350   411  1283   498   999   672   439   502   986  1218   710   621  1586   379   475  1372   439  1047  1343   799  1393  1108  1231  1555   667  1617   824
   333   902   147     0   875   972   770   678  1392  1154   905  1135   871   416  1175   801   801  1460   769  1679  1011   614  1727  1302  1040   829  1274   240   331  1628  1203  1772  1667  1626  1387   386  1270   433   981   572   294   414  1078  1142   632   685  1662   421   574  1358   367  1084  1407   797  1427  1135  1307  1634   620  1707   846
   569  1766   760   875     0  1803  1438  1062   652  1849  1327  1932  1284  1289  1694  1315  1638   666   997   935  1611   296   971  1990   651   516  1866  1113  1206   798   670   987   854   980  1852  1139  1928  1248  1668  1432  1151  1260   297  1963  1463   369   905   542   932  2016  1194   644   731  1455  1899  1665   578   867  1396   892  1425
  1234   219  1053   972  1803     0   531   971  2363   475   918   210   928   589   829   787   172  2425  1135  2651   641  1575  2698   567  1998  1794   742   785   695  2586  2170  2741  2629  2595  1015   667   612   555   456   415   807   558  2038   173   343  1657  2633  1393  1019   662   614  2046  2380   541  1027   796  2278  2604   422  2670   677
   906   660   775   770  1438   531     0   462  2057   412   391   554   397   598   445   256   459  2096   619  2349   251  1270  2391   556  1784  1566   506   712   670  2236  1928  2418  2291  2335   667   385   508   398   230   509   782   472  1709   628   387  1389  2324  1154   543   597   457  1821  2100    29   699   403  1974  2290   242  2330   160
   627  1052   594   678  1062   971   462     0  1709   834   273  1016   230   777   633   261   859  1727   165  1995   563   963  2033   962  1525  1309   807   770   788  1849  1637  2047  1910  2016   804   452   887   577   665   790   856   652  1352  1086   720  1108  1966   930   137   972   587  1551  1770   466   850   603  1629  1929   574  1947   386
  1154  2288  1316  1392   652  2363  2057  1709     0  2469  1977  2514  1933  1800  2341  1956  2192   135  1649   292  2247   793   336  2613   512   624  2506  1605  1702   317   337   384   312   348  2504  1724  2558  1812  2287  1963  1617  1805   357  2531  2020   709   270   976  1576  2647  1750   455   130  2077  2551  2311    85   243  1981   349  2060
  1317   689  1177  1154  1849   475   412   834  2469     0   654   333   684   885   410   579   544  2508   971  2760   295  1680  2803   148  2184  1968   271  1047   980  2647  2333  2830  2702  2744   557   771   143   736   182   736  1100   788  2120   442   608  1796  2736  1554   938   215   804  2224  2510   393   563   391  2385  2702   543  2740   449
   897  1051   844   905  1327   918   391   273  1977   654     0   905    44   899   371   145   849  1991   347  2262   360  1237  2298   760  1797  1581   564   947   940  2106  1911  2310  2170  2288   531   594   673   684   515   859  1029   766  1620   994   755  1381  2232  1196   411   750   719  1824  2042   377   577   348  1899  2194   600  2206   242
  1370   421  1199  1135  1932   210   554  1016  2514   333   905     0   924   777   733   794   361  2570  1173  2805   576  1722  2851   385  2172  1963   602   968   882  2724  2338  2889  2771  2760   890   794   450   704   394   604   999   725  2181   109   507  1815  2785  1556  1088   482   769  2218  2539   553   895   708  2430  2754   536  2811   668
   855  1053   806   871  1284   928   397   230  1933   684    44   924     0   881   414   142   851  1948   306  2219   392  1194  2255   794  1755  1539   604   920   917  2063  1867  2266  2127  2244   574   570   709   666   538   848  1003   748  1576  1010   749  1338  2188  1155   368   788   698  1781  1998   386   620   389  1855  2151   594  2163   257
   730   488   533   416  1289   589   598   777  1800   885   899   777   881     0  1044   760   419  1873   923  2084   845  1030  2133  1025  1413  1213  1075   199   106  2043  1589  2182  2080  2015  1265   325  1021   216   744   174   223   134  1493   762   282  1091  2069   824   739  1101   190  1462  1807   627  1296  1002  1715  2042   365  2120   736
  1233  1018  1146  1175  1694   829   445   633  2341   410   371   733   414  1044     0   394   833  2359   717  2628   206  1586  2665   459  2135  1917   211  1150  1114  2477  2259  2679  2540  2646   221   806   361   841   374   943  1224   917  1984   839   815  1723  2598  1517   766   418   897  2166  2401   416   256    42  2261  2561   683  2576   330
   839   910   759   801  1315   787   256   261  1956   579   145   794   142   760   394     0   709  1980   392  2245   303  1193  2284   702  1741  1524   551   819   806  2106  1866  2301  2166  2256   592   464   627   544   418   714   900   626  1601   875   611  1330  2217  1126   383   711   583  1772  2013   247   635   359  1876  2181   455  2203   131
  1069   201   884   801  1638   172   459   859  2192   544   849   361   851   419   833   709     0  2256  1023  2480   631  1406  2527   663  1826  1622   788   614   525  2418  1998  2571  2461  2423  1038   511   687   390   465   245   639   387  1869   344   176  1485  2462  1221   890   752   446  1874  2208   477  1058   795  2107  2433   287  2501   618
  1201  2361  1374  1460   666  2425  2096  1727   135  2508  1991  2570  1948  1873  2359  1980  2256     0  1656   283  2276   850   310  2650   638   729  2531  1681  1778   191   469   322   208   423  2513  1776  2591  1872  2326  2032  1698  1870   389  2591  2083   787   246  1053  1598  2679  1811   582   254  2115  2560  2330   188   206  2035   248  2089
   644  1217   661   769   997  1135   619   165  1649   971   347  1173   306   923   717   392  1023  1656     0  1931   687   945  1965  1090  1515  1305   910   895   925  1765  1610  1972  1830  1970   857   601  1009   732   809   948   980   803  1293  1246   883  1098  1899   954   197  1090   735  1535  1721   620   904   695  1573  1860   739  1866   523
  1445  2572  1606  1679   935  2651  2349  1995   292  2760  2262  2805  2219  2084  2628  2245  2480   283  1931     0  2537  1085    54  2905   736   888  2796  1888  1985   292   542   146   219   235  2787  2015  2849  2102  2579  2249  1896  2093   644  2820  2309   995    44  1261  1864  2938  2039   677   287  2369  2834  2598   376    85  2272   225  2351
  1111   820  1001  1011  1611   641   251   563  2247   295   360   576   392   845   206   303   631  2276   687  2537     0  1472  2577   403  2004  1786   267   963   920  2405  2140  2597  2464  2539   423   630   324   649   187   739  1033   722  1893   675   609  1601  2510  1378   681   409   709  2039  2298   222   452   166  2165  2474   482  2501   186
   364  1516   524   614   296  1575  1270   963   793  1680  1237  1722  1194  1030  1586  1193  1406   850   945  1085  1472     0  1129  1826   570   367  1736   844   940  1014   674  1167  1055  1067  1767   930  1775  1022  1499  1185   874  1020   464  1741  1232   159  1063   246   826  1864   961   591   829  1291  1813  1552   709  1032  1188  1095  1287
  1489  2621  1652  1727   971  2698  2391  2033   336  2803  2298  2851  2255  2133  2665  2284  2527   310  1965    54  2577  1129     0  2947   790   940  2834  1937  2034   284   596    99   206   276  2822  2060  2890  2148  2621  2297  1946  2140   684  2867  2356  1043    67  1309  1902  2978  2086   731   340  2410  2869  2636   421   105  2317   202  2390
  1462   785  1325  1302  1990   567   556   962  2613   148   760   385   794  1025   459   702   663  2650  1090  2905   403  1826  2947     0  2332  2116   266  1191  1122  2787  2481  2972  2843  2891   551   919    99   882   327   871  1243   933  2264   490   745  1943  2880  1702  1072    97   950  2371  2656   536   543   452  2530  2846   689  2882   577
   903  1892  1009  1040   651  1998  1784  1525   512  2184  1797  2172  1755  1413  2135  1741  1826   638  1515   736  2004   570   790  2332     0   218  2271  1215  1309   827   194   866   822   613  2325  1413  2292  1473  2007  1585  1207  1447   472  2171  1665   417   737   630  1387  2381  1406    59   452  1808  2370  2099   451   725  1658   858  1823
   686  1697   792   829   516  1794  1566  1309   624  1968  1581  1963  1539  1213  1917  1524  1622   729  1305   888  1786   367   940  2116   218     0  2053  1015  1111   918   375  1003   931   802  2108  1198  2075  1262  1790  1383  1015  1240   442  1966  1458   209   880   414  1172  2163  1195   256   603  1590  2153  1881   546   860  1445   970  1605
  1376   950  1267  1274  1866   742   506   807  2506   271   564   602   604  1075   211   551   788  2531   910  2796   267  1736  2834   266  2271  2053     0  1211  1160  2656  2405  2852  2716  2802   291   890   169   894   335   948  1276   961  2151   712   815  1866  2768  1645   933   210   957  2305  2560   478   292   220  2425  2732   712  2754   449
   571   684   377   240  1113   785   712   770  1605  1047   947   968   920   199  1150   819   614  1681   895  1888   963   844  1937  1191  1215  1015  1211     0    97  1853  1390  1988  1888  1817  1371   355  1177   317   891   371    85   258  1304   958   463   896  1873   629   700  1260   255  1264  1610   741  1406  1108  1521  1847   506  1928   826
   657   587   461   331  1206   695   670   788  1702   980   940   882   917   106  1114   806   525  1778   925  1985   920   940  2034  1122  1309  1111  1160    97     0  1950  1485  2085  1985  1913  1336   347  1114   273   832   280   120   199  1400   868   383   993  1970   726   733  1195   223  1359  1707   699  1369  1072  1618  1945   448  2025   797
  1355  2530  1534  1628   798  2586  2236  1849   317  2647  2106  2724  2063  2043  2477  2106  2418   191  1765   292  2405  1014   284  2787   827   918  2656  1853  1950     0   653   234    81   506  2621  1930  2724  2031  2466  2199  1874  2033   550  2750  2244   965   248  1228  1724  2811  1973   771   415  2253  2668  2450   379   213  2188   106  2219
  1029  2071  1156  1203   670  2170  1928  1637   337  2333  1911  2338  1867  1589  2259  1866  1998   469  1610   542  2140   674   596  2481   194   375  2405  1390  1485   653     0   674   640   427  2441  1566  2436  1635  2154  1759  1388  1615   420  2341  1833   539   544   784  1500  2525  1569   136   260  1950  2487  2225   292   534  1817   674  1956
  1522  2670  1691  1772   987  2741  2418  2047   384  2830  2310  2889  2266  2182  2679  2301  2571   322  1972   146  2597  1167    99  2972   866  1003  2852  1988  2085   234   674     0   154   375  2830  2095  2913  2188  2648  2344  2000  2184   710  2908  2398  1092   131  1359  1919  3001  2127   807   414  2437  2877  2650   467   143  2354   133  2411
  1402  2568  1577  1667   854  2629  2291  1910   312  2702  2170  2771  2127  2080  2540  2166  2461   208  1830   219  2464  1055   206  2843   822   931  2716  1888  1985    81   640   154     0   444  2687  1977  2781  2075  2520  2238  1906  2075   591  2795  2287   994   177  1260  1783  2869  2016   765   389  2308  2734  2512   386   148  2236    40  2278
  1430  2498  1571  1626   980  2595  2335  2016   348  2744  2288  2760  2244  2015  2646  2256  2423   423  1970   235  2539  1067   276  2891   613   802  2802  1817  1913   506   427   375   444     0  2818  1983  2842  2057  2564  2185  1815  2039   684  2766  2257   950   270  1205  1881  2931  1991   558   249  2357  2864  2614   407   296  2236   456  2353
  1423  1215  1350  1387  1852  1015   667   804  2504   557   531   890   574  1265   221   592  1038  2513   857  2787   423  1767  2822   551  2325  2108   291  1371  1336  2621  2441  2830  2687  2818     0  1024   458  1063   573  1162  1445  1139  2147   999  1032  1910  2756  1715   941   476  1118  2353  2571   638    47   264  2426  2717   904  2722   547
