
NAME : CVS-61-5
COMMENT : CVS
TYPE : RDVRP-TW
DIMENSION : 61
CAPACITY : 100
EDGE_WEIGHT_TYPE : EXPLICIT
EDGE_WEIGHT_FORMAT : FULL_MATRIX 
NODE_COORD_SECTION
  0 -78.8465283000 35.7910400000
  1 -78.8324635000 35.7810540000
  2 -78.8440931000 35.7797642000
  3 -78.8312360000 35.7912950000
  4 -78.8575389000 35.8031280000
  5 -78.8399110000 35.7886160000
  6 -78.8300584000 35.7933452000
  7 -78.8348815000 35.7896540000
  8 -78.8301895000 35.7796135000
  9 -78.8607538000 35.7881309000
 10 -78.8433220000 35.7972807000
 11 -78.8457069000 35.7797919000
 12 -78.8339035000 35.7898365000
 13 -78.8620107000 35.7845895000
 14 -78.8569507000 35.7819975000
 15 -78.8490561000 35.7922399000
 16 -78.8516227000 35.8030672000
 17 -78.8553258000 35.7987705000
 18 -78.8476714000 35.7801789000
 19 -78.8418802000 35.8004671000
 20 -78.8449390000 35.7780950000
 21 -78.8446096000 35.7841270000
 22 -78.8368745000 35.7795365000
 23 -78.8480601000 35.7811004000
 24 -78.8616268000 35.7812548000
 25 -78.8445390000 35.7820629000
 26 -78.8541666000 35.7788999000
 27 -78.8559656000 35.8025816000
 28 -78.8397763000 35.7818078000
 29 -78.8547222000 35.7850335000
 30 -78.8425986000 35.7999139000
 31 -78.8558817000 35.7861835000
 32 -78.8621136000 35.7922448000
 33 -78.8522267000 35.7860092000
 34 -78.8331390000 35.7818325000
 35 -78.8331170000 35.7814545000
 36 -78.8558484000 35.7985530000
 37 -78.8560346000 35.7810972000
 38 -78.8492744000 35.7867755000
 39 -78.8370687000 35.7831339000
 40 -78.8509897000 35.7912741000
 41 -78.8546291000 35.7799225000
 42 -78.8565320000 35.7857293000
 43 -78.8522203000 35.7871565000
 44 -78.8525852000 35.7847840000
 45 -78.8595521000 35.8036761000
 46 -78.8409267000 35.7985493000
 47 -78.8534612000 35.7866260000
 48 -78.8319960000 35.7784860000
 49 -78.8382870000 35.7888590000
 50 -78.8324580000 35.7834240000
 51 -78.8545079000 35.7810622000
 52 -78.8536310000 35.7859471000
 53 -78.8549536000 35.7819103000
 54 -78.8476142000 35.8010295000
 55 -78.8430315000 35.7985761000
 56 -78.8604312000 35.7844344000
 57 -78.8401217000 35.8033139000
 58 -78.8445351000 35.7991307000
 59 -78.8504363000 35.7844458000
 60 -78.8394207000 35.7794956000
TIME_WINDOW_SECTION
  0      0  36000
  1   2937   7577
  2      0  32828
  3      0  32641
  4  12474  14474
  5  24745  30557
  6  29151  32135
  7  23083  25083
  8  27354  29638
  9      0  32395
 10  29690  31690
 11   6915   9209
 12   9479  11479
 13      0  31798
 14  13042  17318
 15      0  33528
 16      0  31794
 17      0  31239
 18      0  33334
 19   9621  15401
 20   9244  11244
 21  28765  30765
 22      0  31896
 23  11188  15326
 24      0  31276
 25      0  33165
 26      0  31255
 27      0  30721
 28  21784  24150
 29      0  32268
 30   1526   4466
 31      0  32471
 32      0  31559
 33      0  33404
 34  18231  23255
 35  24806  26806
 36  22821  24821
 37  29647  31647
 38  19416  21950
 39      0  31955
 40      0  33429
 41  10937  13575
 42  26239  28341
 43      0  33598
 44   3828   5828
 45   6219   8979
 46  29446  34810
 47      0  33425
 48  13960  15960
 49  30199  33945
 50      0  32134
 51      0  32136
 52      0  33360
 53      0  32328
 54      0  31934
 55  26075  29691
 56  26001  29189
 57   6079  10393
 58  25502  29488
 59  16592  18592
 60  23128  26394
DEMAND_SECTION
  0      0
  1     13
  2     30
  3      8
  4     15
  5     19
  6     20
  7     14
  8     11
  9     10
 10     22
 11     25
 12     19
 13      8
 14      7
 15     10
 16     24
 17     10
 18     10
 19     21
 20     16
 21     10
 22     17
 23     29
 24     19
 25      7
 26     19
 27     21
 28      5
 29     14
 30     16
 31     20
 32     29
 33     20
 34     21
 35     10
 36      8
 37     19
 38     25
 39     12
 40      6
 41     22
 42     13
 43     23
 44     18
 45     29
 46     17
 47     23
 48     29
 49     13
 50     17
 51     16
 52     19
 53     21
 54     25
 55     15
 56     11
 57     24
 58     29
 59     15
 60     19
SERVICE_TIME_SECTION
  0      0
  1   1000
  2   1000
  3   1000
  4   1000
  5   1000
  6   1000
  7   1000
  8   1000
  9   1000
 10   1000
 11   1000
 12   1000
 13   1000
 14   1000
 15   1000
 16   1000
 17   1000
 18   1000
 19   1000
 20   1000
 21   1000
 22   1000
 23   1000
 24   1000
 25   1000
 26   1000
 27   1000
 28   1000
 29   1000
 30   1000
 31   1000
 32   1000
 33   1000
 34   1000
 35   1000
 36   1000
 37   1000
 38   1000
 39   1000
 40   1000
 41   1000
 42   1000
 43   1000
 44   1000
 45   1000
 46   1000
 47   1000
 48   1000
 49   1000
 50   1000
 51   1000
 52   1000
 53   1000
 54   1000
 55   1000
 56   1000
 57   1000
 58   1000
 59   1000
 60   1000
TRUCK_EDGE_WEIGHT_SECTION
     0  3688  2635  2646  3874  2050  2859  2098  5669  2770  1798  2418  3342  3386  2908   896  2715  3244  2130  2860  2846  2539  3966  1998  3906  2299  4015  3761  3152  2542  2870  2340  2916  2035  3522  3609  3172  2982  1495  3410  1066  3310  2342  1840  1921  4014  2579  2012  4848  2166  3121  3134  2078  2942  1912  2641  3281  3119  2386  1690  3095
  3600     0  2122  2331  6714  1596  2542  1574  3214  5064  3305  2120  1710  5680  3645  3735  5508  6084  2512  3775  2041  3082  1512  2380  6200  2001  4751  6601  1374  3738  3785  3535  5211  3121   164   698  6012  3720  3152   955  3906  4048  3538  3498  3008  6852  3369  3402  2392  1715  1489  3870  3164  3679  4705  3570  5576  5910  5178  2948  1316
  2172  2119     0  3261  5249  2526  3474  2505  3336  3638  3539   692  2641  4254  2219  2638  4456  4619  1085  4601   906  1655  1634   954  4774   574  3325  5136  1212  2311  4611  2108  3784  1694  1955  1894  4548  2292  1725  1735  2441  2620  2110  2071  1581  5388  4320  1975  2514  2645  2420  2444  1736  2252  3654  4382  4149  4860  4128  1520  1154
  2359  2339  3229     0  5656  1819   300   971  4320  4552  2249  3226  1394  5169  4690  2679  4450  5026  3618  2718  3148  4321  2618  3486  5689  3106  5798  5544  2480  4325  2729  4122  4699  3818  2175  2260  4955  4765  3278  2061  2849  5092  4125  3622  3704  5796  2311  3795  3499  1935  1772  4916  3860  4725  3648  2514  5064  4854  4121  3472  2421
  4390  6719  4991  5679     0  5081  5890  5129  7631  3384  3110  4772  6375  4000  3522  3024  1739  1256  4485  3144  5201  4895  5930  4354  4520  4654  4629   246  5508  3158  3154  2954  3530  4459  6555  6641  1185  3596  4456  6441  2621  3924  2956  4802  4346  1382  3146  4974  6810  5199  6152  3748  4501  3556  2196  2925  3896  2422  2670  4285  5450
  1790  1596  2485  1811  5088     0  2022  1262  3578  3984  1680  2484  1882  4600  4122  2110  3881  4459  3344  2150  2405  3752  1875  3212  5120  2364  5229  4976  1738  3758  2160  3554  4131  3249  1431  1518  4386  4196  2709  1318  2280  4524  3556  3055  3135  5228  1744  3226  2755   119  1660  4348  3291  4156  3080  1945  4496  4285  3552  2904  1679
  2571  2550  3440   300  5868  2030     0  1184  4532  4764  2460  3438  1606  5380  4902  2890  4662  5239  3830  2930  3360  4532  2830  3698  5900  3319  6009  5756  2691  4538  2940  4334  4911  4029  2386  2472  5166  4976  3489  2272  3061  5304  4336  3835  3915  6008  2524  4006  3710  2148  1984  5128  4071  4936  3860  2725  5276  5065  4332  3684  2634
  1842  1590  2480   969  5140  1302  1181     0  3571  4035  1731  2478  1245  4651  4174  2161  3934  4510  2870  2201  2399  3440  1870  2738  5172  2359  5280  5028  1731  3809  2211  3605  4182  3300  1426  1511  4439  4249  2760  1312  2332  4576  3608  3106  3188  5279  1795  3278  2750  1419  1024  4399  3342  4208  3131  1996  4548  4338  3605  2955  1674
  4781  3140  3304  4282  7856  3548  4495  3525     0  6246  6148  3301  3662  6861  4826  5245  7065  7228  3694  5726  3224  4264  2044  3561  7382  3182  5932  7745  2555  4920  5738  4716  6392  4302  2976  2915  7155  4901  4334  2756  5050  5229  4719  4680  4190  7996  5320  4584   468  3666  3441  5051  4345  4860  6262  5522  6758  7468  6735  4129  2498
  2605  4381  2958  3892  2740  3296  4104  3344  5598     0  3044  2740  4589   725  1489  1662  3961  2110  2451  4105  3169  2861  3896  2320  1245  2620  2595  2629  3475  1124  4116   920  1534  2425  4218  4156  2039  1562  2670  3998  1444  1890   922  3016  2312  2880  3825  2706  4776  3412  4366  1714  2468  1522  3159  3886   620  4364  3631  2251  3416
  3085  3318  4291  2276  2811  1680  2489  1728  5299  4426     0  4074  2972  5042  4565  2091  2050  1891  3786  1411  4502  4195  3598  3654  5562  3955  5671  2898  3459  4200  1422  3996  4572  3691  3154  3239  1908  4639  3151  3040  2432  4966  3999  3496  3578  5670  1005  3669  4478  1798  2751  4790  3734  4599  1249  1208  4939  1641  1721  3346  3401
  1955  2116   692  3259  5030  2524  3471  2502  3334  3419  3321     0  2639  4035  2000  2419  4238  4400   304  4382   904  1438  1631   436  4556   356  3106  4919  1210  2094  4392  1890  3566  1476  1952  1892  4329  2075  1508  1732  2222  2402  1892  1852  1362  5170  4102  1758  2511  2642  2418  2225  1519  2034  3436  4164  3931  4641  3909  1302  1152
  3052  1728  2618  1450  6350  1859  1661  1210  3709  5246  2942  2615     0  5862  4140  3372  5144  5720  3008  3411  2536  3578  2008  2875  6382  2496  5246  6238  1869  4234  3422  4030  5392  3616  1564  1650  5649  4215  3648  1450  3542  4542  4032  3992  3502  6490  3005  3898  2888  1978  1161  4365  3659  4174  4341  3208  5758  5548  4815  3442  1811
  3202  4979  3556  4491  3339  3894  4702  3941  6196   749  3641  3338  5188     0  2086  2260  4559  2709  3050  4704  3766  3459  4494  2919   722  3219  3192  3226  4072  1721  4714  1519  2131  3024  4815  4755  2638  2161  3269  4596  2041  2489  1521  3614  2910  3479  4422  3305  5375  4011  4965  2312  3066  2120  3756  4485   248  4962  4230  2850  4015
  2639  3641  2219  4674  3522  4078  4886  4125  4859  2168  3825  2000  4164  2784     0  2444  4742  2892  1712  4888  2429  2121  3156  1580  3305  1881  1274  3410  2735   842  4898   639  2315  1686  3478  3418  2820   660  2191  3258  2225   988   641  1932  1572  3661  4606  1968  4036  4194  3942   811  1729   620  3940  4669  2680  5146  4414  1512  2678
  1472  3800  2679  2760  2964  2162  2971  2210  5319  2329  1378  2460  3456  2945  2468     0  2295  2334  2172  2439  2889  2581  3618  2041  3465  2341  3574  2852  3195  2102  2450  1899  2475  2078  3636  3722  2262  2541  1538  3522   342  2869  1901  1884  1964  3104  2441  2055  4498  2280  3234  2692  2120  2501  1492  2220  2841  2698  1965  1732  3138
  3206  5535  4412  4494  1734  3898  4706  3945  7052  4546  2309  4195  5190  5162  4685  2211     0  2012  3906  2342  4624  4316  5351  3775  5684  4075  5791  1819  4929  4320  2352  4118  4694  3811  5370  5456  2028  4760  3271  5256  2554  5088  4119  3618  3699  5608  2345  3790  6231  4014  4969  4910  3854  4719  1395  2124  5059  1621  1869  3466  4871
  3761  6090  4361  5049  1256  4452  5260  4500  7002  2754  2195  4144  5745  3370  2892  2394  2084     0  3855  2229  4572  4265  5300  3724  3890  4024  3999  1144  4879  2528  2239  2324  2901  3830  5925  6011    71  2966  3826  5811  1992  3294  2326  4172  3716  1396  2231  4344  6180  4569  5522  3118  3871  2926  1281  2010  3266  2488  1755  3655  4820
  1666  2509  1085  3882  4742  3285  4094  3332  3725  3131  3032   304  3031  3748  1712  2131  3950  4112     0  4095  1296  1149  2024   131  4268   748  2819  4630  1602  1805  4105  1602  3279  1189  2345  2284  4041  1786  1219  2125  1935  2114  1604  1565  1075  4882  3814  1469  2904  3402  2809  1938  1231  1746  3149  3876  3644  4354  3621  1015  1544
  4014  3788  5220  2746  2722  2150  2958  2198  5769  5354  1411  5002  3442  5970  5492  3019  1961  2820  4714     0  5431  5124  4066  4582  6491  4882  6599  2808  3928  5128    68  4924  5501  4619  3622  3709  2835  5568  4079  3509  3361  5895  4926  4425  4506  6352   736  4596  4946  2266  3220  5718  4661  5526   948   515  5866   759   474  4274  3870
  2384  2039   906  3181  5459  2446  3392  2424  2805  3848  3750   904  2561  4464  2429  2848  4666  4829  1296  4811     0  1866  1554  1164  4984   785  3535  5348  1131  2521  4821  2319  3995  1905  1874  1814  4758  2504  1936  1655  2651  2831  2321  2281  1791  5599  4219  2186  2434  2565  2339  2654  1948  2462  3865  4592  4360  5070  4338  1731  1074
  1282  3399  1976  3498  4358  2901  3709  2949  4616  3254  2649  1758  3921  3870  2415  1746  3566  3729  1470  3710  2186     0  2914  1339  4390  1639  3521  4246  2492  2508  3721  2304  3401  1375  3235  3175  3656  2489   835  3016  1551  2816  2306  1181  1261  4498  3430  1352  3795  3018  3700  2640  1418  2449  2764  3491  3766  3969  3236  1030  2435
  3104  1462  1626  2605  6180  1870  2818  1849  2111  4569  4470  1624  1985  5185  3150  3569  5388  5550  2016  4050  1546  2586     0  1885  5705  1505  4256  6068   878  3242  4060  3039  4715  2625  1299  1239  5479  3224  2656  1079  3372  3551  3041  3002  2512  6319  3644  2906  1289  1989  1764  3375  2668  3184  4585  3845  5080  5791  5059  2451   820
  1535  2376   954  3750  4611  3154  3962  3201  3594  3000  2901   436  2899  3616  1580  2000  3819  3981   131  3964  1164  1018  1891     0  4136   616  2688  4499  1470  1674  3974  1470  3146  1056  2212  2152  3910  1655  1088  1994  1804  1982  1472  1434   944  4750  3682  1338  2772  3270  2678  1806  1099  1615  3016  3745  3511  4222  3490   882  1412
  3724  5500  4076  5011  3859  4415  5222  4462  6716  1269  4162  3859  5708   722  2608  2781  5079  3229  3570  5224  4286  3980  5015  3439     0  3739  3714  3746  4592  2242  5234  2039  2069  3544  5335  5275  3158  2681  3789  5116  2562  3009  2041  4135  3431  3999  4942  3825  5895  4531  5485  2832  3586  2641  4278  5005   768  5482  4750  3370  4535
  1835  1998   574  3140  4911  2405  3352  2382  3215  3300  3201   356  2520  3916  1881  2300  4119  4281   748  4264   785  1318  1512   616  4436     0  2988  4799  1091  1974  4274  1771  3448  1358  1834  1772  4210  1955  1388  1614  2104  2282  1772  1734  1244  5051  3982  1638  2392  2524  2298  2106  1400  1915  3316  4045  3812  4522  3790  1182  1032
  3745  4748  3325  5780  4629  5184  5992  5231  5965  3275  4931  3106  5270  3890  1274  3550  5849  3999  2819  5994  3535  3228  4264  2688  4411  2988     0  4516  3841  1949  6004  1745  3421  2792  4584  4524  3928  1032  3298  4365  3331   980  1748  3040  2680  4768  5712  3074  5144  5301  5049  1158  2835  1256  5046  5775  3786  6252  5520  2619  3784
  4279  6608  4879  5566   246  4970  5779  5018  7520  3271  4718  4661  6262  3888  3410  2912  1825  1144  4374  3229  5090  4782  5818  4241  4408  4542  4516     0  5396  3045  3240  2841  3419  4348  6442  6529  1072  3484  4344  6330  2510  3811  2844  4690  4234  1271  3232  4862  6698  5086  6041  3635  4390  3444  2282  3010  3784  2508  2755  4172  5338
  2690  1370  1212  2512  5765  1778  2725  1756  2588  4154  4055  1210  1892  4770  2735  3154  4972  5135  1602  3958  1131  2172   885  1470  5290  1091  3841  5654     0  2828  3968  2625  4301  2211  1206  1146  5064  2810  2242   612  2958  3138  2628  2588  2098  5905  3551  2492  1765  1896  1671  2960  2254  2769  4171  3752  4666  5376  4644  2038   406
  2732  3735  2311  4309  3158  3712  4521  3760  4951  1804  3460  2094  4258  2419   842  2079  4378  2528  1805  4522  2521  2215  3250  1674  2940  1974  1949  3045  2828     0  4532   204  1950  1779  3570  3510  2455   916  2285  3351  1860  1244   276  2026  1666  3296  4241  2060  4130  3830  4035  1068  1821   876  3575  4304  2315  4781  4049  1605  2770
  4024  3798  5230  2756  2732  2160  2969  2208  5779  5365  1422  5012  3452  5981  5502  3030  1972  2830  4725    68  5441  5134  4078  4592  6501  4894  6610  2819  3939  5138     0  4935  5511  4630  3634  3719  2846  5578  4090  3520  3371  5905  4938  4435  4516  6362   746  4608  4958  2276  3231  5729  4672  5538   958   525  5876   826   484  4285  3880
  2529  3531  2108  4106  2954  3509  4318  3556  4749  1600  3256  1890  4054  2216   639  1875  4174  2324  1602  4319  2319  2011  3046  1470  2736  1771  1745  2841  2625   204  4329     0  1746  1576  3368  3306  2252   712  2081  3148  1656  1040    72  1822  1462  3094  4038  1856  3926  3626  3832   864  1619   672  3372  4100  2112  4578  3845  1401  2566
  3441  5218  3795  4730  3578  4132  4941  4180  6435  1136  3880  3576  5426  1752  2325  2499  4798  2948  3289  4942  4005  3698  4734  3158  2274  3458  3432  3465  4311  1960  4952  1758     0  3262  5054  4994  2876  2400  3508  4835  2280  2728  1760  3854  3150  3718  4661  3544  5614  4250  5204  2551  3305  2360  3996  4724  1649  5201  4469  3089  4254
  1596  3118  1694  3812  4459  3215  4024  3262  4335  3105  2962  1476  3640  3721  1686  2061  3880  3829  1189  4025  1905  1598  2632  1056  4241  1358  2792  4348  2211  1779  4035  1576  3252     0  2954  2894  3758  1761   592  2734  1865  2088  1579   246   406  4599  3744   281  3512  3332  3419  1911   561  1720  3079  3806  3618  4284  3551   345  2154
  3435   164  1959  2166  6549  1431  2379  1410  3050  4900  3141  1956  1546  5516  3481  3571  5342  5920  2348  3611  1878  2918  1349  2216  6036  1836  4588  6438  1210  3574  3621  3371  5048  2958     0   534  5848  3555  2988   791  3741  3882  3372  3334  2844  6689  3205  3238  2229  1550  1325  3706  3000  3515  4541  3406  5412  5746  5014  2784  1151
  3375   698  1898  2256  6639  1521  2469  1500  2990  4840  3231  1895  1636  5456  3421  3661  5432  6009  2288  3701  1818  2858  1288  2156  5976  1776  4528  6528  1149  3514  3711  3310  4986  2896   534     0  5938  3495  2928   730  3831  3822  3312  3274  2784  6779  3295  3178  2168  1640  1415  3646  2939  3455  4631  3496  5351  5836  5104  2722  1091
  3689  6018  4290  4978  1185  4380  5189  4428  6930  2682  2210  4071  5674  3299  2820  2322  2099    71  3784  2244  4500  4194  5229  3652  3819  3952  3928  1072  4806  2456  2254  2252  2829  3758  5854  5940     0  2895  3755  5740  1920  3222  2255  4101  3645  1324  2246  4272  6109  4498  5451  3046  3800  2855  1298  2025  3194  2502  1770  3584  4749
  2714  3716  2292  4749  3596  4151  4960  4199  4932  2242  3900  2075  4239  2859   660  2519  4816  2966  1786  4961  2504  2196  3231  1655  3379  1955  1032  3484  2810   916  4971   712  2390  1761  3552  3491  2895     0  2266  3332  2300   785   715  2008  1648  3736  4680  2041  4111  4269  4016   885  1802   694  4015  4742  2755  5220  4488  1586  2751
  1056  3149  1726  3272  4132  2675  3484  2722  4366  3029  2422  1508  3671  3644  2165  1521  3340  3502  1220  3485  1936  1629  2664  1088  4165  1389  3271  4020  2242  2258  3495  2054  3175   592  2985  2925  3431  2239     0  2766  1325  2566  2056   346   609  4272  3204   518  3544  2792  3450  2390   765  2199  2538  3266  3540  3744  3011   378  2185
  3045   824  1568  1968  6349  1232  2179  1210  2660  4510  2941  1565  1346  5125  3090  3371  5144  5720  1958  3411  1488  2528   958  1825  5646  1446  4198  6238   481  3184  3421  2980  4656  2566   660   600  5648  3165  2598     0  3542  3492  2982  2944  2454  6489  3005  2848  1838  1350  1125  3316  2609  3125  4341  3206  5021  5546  4814  2392   761
  1571  3899  2778  2859  2621  2261  3070  2309  5418  2079  1780  2559  3555  2695  2218   402  2696  1992  2271  2841  2988  2680  3716  2140  3215  2440  3324  2510  3294  1852  2851  1649  2225  2176  3735  3821  1920  2291  1636  3621     0  2619  1651  1982  2062  2761  2844  2154  4596  2379  3332  2442  2219  2251  1895  2622  2591  3100  2368  1831  3236
  3041  4044  2620  5076  3924  4479  5288  4526  5260  2570  4228  2402  4566  3186   988  2846  5144  3294  2114  5289  2831  2524  3559  1982  3706  2282   980  3811  3138  1244  5299  1040  2718  2088  3880  3819  3222   785  2594  3660  2628     0  1042  2335  1975  4064  5008  2369  4439  4596  4344   178  2131   369  4342  5071  3082  5549  4816  1915  3080
  2531  3534  2110  4109  2956  3511  4320  3559  4751  1602  3259  1892  4056  2219   641  1878  4176  2326  1604  4321  2321  2014  3049  1472  2739  1772  1748  2844  2628   276  4331    72  1749  1579  3370  3309  2255   715  2084  3150  1659  1042     0  1825  1465  3096  4040  1859  3929  3629  3834   866  1621   675  3374  4102  2114  4580  3848  1404  2569
  1402  3495  2071  3618  4479  3021  3830  3069  4712  3374  2769  1854  4018  3990  1932  1868  3686  3849  1566  3831  2282  1975  3010  1434  4510  1734  3040  4366  2589  2026  3841  1822  3521   246  3331  3270  3778  2008   346  3111  1671  2335  1825     0   652  4618  3550   172  3890  3138  3796  2159   809  1968  2884  3612  3886  4090  3358   591  2530
  1484  3005  1581  3699  4346  3102  3910  3150  4221  2992  2850  1362  3528  3608  1572  1948  3768  3716  1075  3911  1791  1485  2520   944  4129  1244  2680  4234  2098  1666  3922  1462  3139   406  2840  2780  3645  1648   609  2621  1751  1975  1465   652     0  4485  3631   686  3400  3219  3305  1799   156  1608  2965  3692  3504  4170  3438   231  2040
  4530  6859  5131  5818  1382  5221  6030  5269  7771  3524  4969  4912  6514  4139  3661  3164  5548  1396  4625  6736  5341  5034  6069  4494  4660  4794  4768  1271  5648  3296  6746  3094  3670  4599  6695  6781  1324  3736  4596  6581  2761  4064  3096  4941  4485     0  5750  5114  6950  5339  6292  3886  4641  3695  5790  6518  4035  6015  6262  4425  5590
  2284  3381  4270  2340  2725  1744  2551  1791  5362  4476  1005  4125  3036  5092  4615  3021  1964  2822  3836   736  4190  4246  3660  3705  5614  4005  5721  2810  3521  4250   746  4046  4624  3741  3216  3302  2838  4690  3201  3102  2774  5018  4049  3548  3629  6355     0  3720  4540  1860  2814  4840  3784  4649   950   272  4989  1130   476  3396  3464
  1575  3399  1975  3790  4650  3192  4001  3240  4616  3386  2940  1758  3921  4002  1968  2039  3858  4020  1469  4002  2186  1879  2914  1338  4522  1638  3074  4539  2492  2060  4012  1856  3532   281  3235  3174  3949  2041   518  3015  1842  2369  1859   172   686  4790  3721     0  3794  3310  3699  2192   842  2001  3056  3784  3899  4261  3529   626  2434
  3975  2334  2498  3476  7050  2741  3688  2719   468  5439  5340  2495  2856  6055  4020  4439  6258  6420  2888  4920  2416  3458  1238  2755  6575  2376  5126  6939  1749  4112  4930  3910  5586  3496  2169  2109  6349  4095  3528  1950  4242  4422  3912  3872  3382  7190  4514  3778     0  2860  2634  4245  3539  4054  5456  4715  5951  6661  5929  3322  1691
  1908  1715  2604  1928  5205   119  2140  1379  3696  4101  1798  2601  2001  4716  4239  2226  3999  4575  3460  2266  2524  3870  1994  3329  5238  2482  5345  5092  1855  3874  2276  3671  4248  3365  1550  1636  4504  4314  2825  1436  2398  4641  3672  3171  3252  5345  1860  3344  2874     0  1779  4464  3409  4272  3196  2061  4612  4402  3670  3021  1798
  2866  1541  2431  1570  6164  1672  1782  1024  3522  5059  2755  2429   950  5675  3954  3185  4958  5534  2820  3225  2350  3390  1820  2689  6195  2309  5060  6051  1682  4046  3235  3844  5206  3430  1376  1462  5462  4028  3460  1264  3356  4355  3845  3806  3316  6302  2819  3710  2701  1791     0  4179  3472  3988  4155  3020  5571  5361  4629  3255  1624
  2864  3866  2444  4899  3748  4302  5111  4350  5084  2394  4050  2225  4389  3009   811  2669  4968  3118  1938  5112  2654  2346  3382  1806  3530  2106  1158  3635  2960  1068  5122   864  2540  1911  3702  3642  3046   885  2416  3484  2450   178   866  2159  1799  3886  4831  2192  4262  4420  4168     0  1954   191  4165  4894  2905  5371  4639  1738  2902
  1640  3160  1736  3855  4501  3258  4066  3305  4378  3148  3005  1519  3682  3764  1729  2104  3922  3871  1231  4068  1948  1640  2675  1099  4284  1400  2835  4390  2254  1821  4078  1619  3295   561  2996  2936  3800  1802   765  2776  1908  2131  1621   809   156  4641  3786   842  3555  3375  3461  1954     0  1762  3121  3849  3660  4326  3594   388  2196
  2672  3675  2252  4708  3556  4111  4920  4159  4892  2202  3859  2034  4198  2818   620  2478  4776  2926  1746  4921  2462  2155  3191  1615  3339  1915  1256  3444  2769   876  4931   672  2349  1720  3511  3451  2855   694  2225  3292  2259   369   675  1968  1608  3695  4640  2001  4071  4229  3976   191  1762     0  3974  4702  2714  5180  4448  1546  2711
  3066  5395  4274  4355  1775  3758  4566  3805  6914  4408  2170  4055  5051  5024  4546  2072  1015  1874  3768   948  4484  4176  5211  3635  5544  3936  5652  1861  4790  4181   958  3978  4555  3672  5231  5318  1889  4620  3132  5118  2415  4949  3980  3479  3559  5405   950  3650  6091  3875  4829  4771  3715  4580     0   729  4920  1419   474  3328  4732
  3795  3582  5001  2541  2504  1945  2754  1992  5564  5135  1208  4784  3238  5751  5274  2800  1742  2601  4495   515  5212  4905  3861  4364  6272  4664  6380  2589  3724  4909   525  4705  5282  4401  3418  3504  2616  5349  3860  3305  3142  5676  4708  4206  4288  6134   272  4379  4742  2061  3016  5499  4442  5308   729     0  5648  1179   255  4055  3665
  3099  4875  3452  4386  3235  3790  4599  3838  6092   645  3538  3234  5082   248  1982  2156  4455  2605  2946  4600  3662  3355  4390  2814   768  3115  3089  3122  3969  1618  4610  1415  2028  2920  4711  4651  2534  2058  3165  4491  1938  2385  1416  3510  2806  3374  4319  3201  5270  3908  4861  2208  2962  2016  3652  4381     0  4859  4126  2746  3911
  3709  6038  4916  4998  2418  4400  5209  4448  7556  5050  1641  4698  5694  5666  5189  2715  1658  2516  4410   759  5126  4819  5855  4279  6186  4579  6295  2504  5432  4824   826  4620  5198  4315  5874  5960  2531  5262  3775  5760  3058  5591  4622  4121  4202  6048  1130  4292  6735  4518  5471  5414  4358  5222  1899  1179  5562     0  1139  3970  5375
  3540  5869  4746  4828  2249  4231  5040  4279  7388  4880  1410  4529  5524  5496  5019  2545  1488  2346  4240   474  4958  4650  5685  4109  6018  4409  6125  2334  5264  4654   484  4451  5028  4146  5704  5790  2361  5094  3605  5591  2888  5421  4452  3951  4032  5879   476  4124  6565  4348  5302  5244  4188  5052   474   255  5392  1139     0  3801  5205
  1252  2944  1520  3468  4285  2870  3679  2918  4161  2931  2618  1302  3466  3548  1512  1716  3535  3655  1015  3680  1731  1424  2459   882  4068  1182  2619  4172  2038  1605  3690  1401  3079   345  2780  2719  3584  1586   378  2560  1520  1915  1404   591   231  4425  3399   626  3339  2988  3245  1738   388  1546  2734  3461  3444  3939  3206     0  1979
  2631  1312  1154  2455  5708  1720  2668  1698  2530  4096  3998  1152  1835  4712  2678  3096  4915  5078  1544  3899  1074  2114   828  1412  5232  1032  3784  5595   406  2770  3910  2566  4242  2154  1149  1088  5006  2751  2184   929  2900  3080  2569  2530  2040  5848  3492  2434  1708  1839  1612  2902  2196  2711  4112  3694  4609  5319  4586  1979     0
DRONE_EDGE_WEIGHT_SECTION
     0  1230  1258   564  1403   364   657   457  1411   618   704  1252   485   920  1079   163  1351   918  1210  1063  1442   773  1331  1108  1227  1002  1381  1329  1058   735   998   642   589   599  1140  1179   903  1162   485   948   166  1274   698   481   732  1483   860   555  1500   389   997  1150   625  1064  1113   849   899  1386   904   748  1312
  1230     0   464  1141  2624   887  1371   962   182  1322  1851   522   979  1181   932  1390  2549  2145   585  2189   578   572   238   591  1105   470   859  2547   289   948  2132  1050  1666   926    90    51  2131   893   897   290  1332   850  1045  1006   865  2707  1972  1004   286   896   264   835   965   856  2293  1989  1120  2494  2061   776   316
  1258   464     0  1371  2647   998  1600  1154   529  1122  1950    61  1185   864   547  1401  2609  2156   144  2306   189   486   276   212   686   256   395  2577   280   711  2244   841  1544   760   475   457  2136   477   804   460  1307   401   813   878   644  2722  2094   841   482  1036   600   421   777   476  2371  2094   807  2626  2156   574   180
   564  1141  1371     0  1625   438   232   227  1301  1147   799  1390   190  1366  1411   663  1504  1209  1382  1092  1557   940  1326  1297  1593  1141  1625  1543  1103  1117  1045  1076  1140   976  1056  1098  1207  1465   836   934   727  1539  1125   903  1074  1717   881   974  1426   376   877  1433  1022  1369  1236   917  1327  1376   998  1044  1349
  1403  2624  2647  1625     0  1738  1473  1710  2804  1674   827  2634  1710  2070  2352  1250   211   491  2580   633  2825  2167  2734  2477  2439  2393  2700    83  2461  2017   643  1887  1223  1915  2534  2574   513  2453  1845  2348  1341  2585  1937  1788  2050    94   783  1843  2900  1735  2378  2459  1918  2364   424   726  2084   620   644  2096  2714
   364   887   998   438  1738     0   639   219  1067   775   973  1006   261   938   975   526  1664  1263   983  1321  1186   530  1017   891  1155   750  1207  1661   758   681  1261   653   913   543   797   837  1250  1032   404   619   505  1114   697   486   637  1822  1106   551  1166    66   642  1003   591   935  1410  1115   896  1636  1183   608  1015
   657  1371  1600   232  1473   639     0   448  1529  1272   652  1618   415  1533  1611   707  1333  1098  1606   901  1786  1159  1558  1519  1787  1366  1843  1390  1334  1300   861  1244  1181  1157  1287  1329  1102  1672  1019  1166   802  1753  1295  1070  1267  1566   701  1143  1656   584  1108  1643  1199  1574  1066   749  1500  1168   831  1246  1581
   457   962  1154   227  1710   219   448     0  1131   974   903  1170    41  1157  1186   596  1612  1260  1159  1230  1341   714  1129  1072  1370   919  1399  1630   892   900  1176   871  1044   762   873   915  1252  1239   623   730   621  1312   916   701   854  1799  1015   768  1248   154   699  1206   810  1143  1348  1037  1115  1532  1112   820  1144
  1411   182   529  1301  2804  1067  1529  1131     0  1490  2026   590  1146  1323  1049  1572  2727  2327   667  2361   587   741   254   698  1207   608   916  2727   438  1105  2306  1213  1844  1094   271   233  2312   995  1073   470  1513   930  1204  1180  1023  2888  2145  1174   143  1073   433   937  1131   973  2469  2164  1262  2663  2236   935   351
   618  1322  1122  1147  1674   775  1272   974  1490     0  1202  1087  1013   397   697   629  1695  1201  1012  1536  1266   750  1312   916   766   908  1057  1618  1055   412  1470   283   461   396  1250  1275  1174   803   453  1046   503   942   310   335   481  1731  1368   319  1525   838  1181   821   360   726  1514  1331   412  1849  1360   563  1252
   704  1851  1950   799   827   973   652   903  2026  1202     0  1949   897  1572  1774   599   710   464  1911   358  2137  1465  1990  1810  1908  1695  2085   744  1727  1426   294  1319   885  1297  1760  1802   474  1862  1190  1592   725  1977  1375  1173  1432   919   166  1243  2134   955  1594  1852  1317  1764   445   145  1563   681   211  1453  1985
  1252   522    61  1390  2634  1006  1618  1170   590  1087  1949     0  1202   815   492  1391  2600  2142    86  2306   191   484   337   171   626   257   337  2565   318   675  2243   808  1516   734   528   512  2122   418   789   495  1293   339   777   856   613  2707  2096   815   542  1047   644   363   747   422  2365  2093   759  2626  2153   548   241
   485   979  1185   190  1710   261   415    41  1146  1013   897  1202     0  1199  1226   619  1607  1265  1192  1218  1371   750  1152  1107  1410   952  1435  1629   920   941  1166   912  1073   803   891   934  1258  1278   665   755   650  1350   957   742   894  1799  1003   809  1266   195   716  1244   851  1182  1342  1028  1157  1517  1105   860  1170
   920  1181   864  1366  2070   938  1533  1157  1323   397  1572   815  1199     0   346   978  2092  1598   731  1915   970   655  1104   654   371   715   699  2015   893   278  1849   290   852   399  1130  1143  1571   449   535   951   849   590   241   464   354  2127  1737   392  1323  1004  1118   484   348   399  1905  1706    62  2232  1741   435  1025
  1079   932   547  1411  2352   975  1611  1186  1049   697  1774   492  1226   346     0  1177  2354  1868   406  2129   630   522   809   351   195   469   361  2292   649   348  2063   468  1157   481   900   903  1843   106   605   761  1056   247   416   601   351  2415  1935   532  1025  1035   937   139   457    76  2146  1916   301  2452  1961   367   721
   163  1390  1401   663  1250   526   707   596  1572   629   599  1391   619   978  1177     0  1209   762  1344   952  1582   918  1486  1241  1310  1145  1497  1178  1212   829   886   720   479   703  1301  1340   745  1267   608  1107   129  1387   776   578   840  1328   762   646  1659   547  1159  1261   721  1171   980   739   966  1274   784   869  1464
  1351  2549  2609  1504   211  1664  1333  1612  2727  1695   710  2600  1607  2092  2354  1209     0   496  2552   453  2791  2124  2675  2449  2456  2353  2692   164  2406  2011   477  1886  1263  1899  2459  2500   525  2451  1816  2282  1313  2579  1938  1771  2036   290   632  1831  2830  1654  2296  2452  1907  2358   268   587  2099   410   506  2073  2662
   918  2145  2156  1209   491  1263  1098  1260  2327  1201   464  2142  1265  1598  1868   762   496     0  2089   519  2334  1677  2247  1985  1964  1902  2212   425  1974  1529   475  1401   767  1425  2056  2095    31  1968  1354  1866   849  2098  1452  1298  1560   567   519  1354  2418  1267  1905  1971  1429  1877   374   444  1607   743   391  1605  2225
  1210   585   144  1382  2580   983  1606  1159   667  1012  1911    86  1192   731   406  1344  2552  2089     0  2269   254   454   417   104   543   241   285  2512   350   602  2205   736  1447   671   581   570  2068   333   737   519  1241   266   702   795   545  2652  2060   750   626  1028   679   277   680   337  2321  2055   676  2590  2113   486   323
  1063  2189  2306  1092   633  1321   901  1230  2361  1536   358  2306  1218  1915  2129   952   453   519  2269     0  2493  1822  2337  2168  2259  2051  2443   556  2079  1781    67  1670  1173  1653  2099  2141   545  2218  1548  1938  1076  2335  1726  1529  1789   725   216  1598  2474  1299  1928  2210  1673  2121   215   215  1910   323   177  1811  2336
  1442   578   189  1557  2825  1186  1786  1341   587  1266  2137   191  1371   970   630  1582  2791  2334   254  2493     0   672   347   355   726   442   363  2756   457   856  2430   991  1701   923   612   585  2313   538   980   635  1484   422   956  1045   799  2898  2282  1003   496  1224   759   492   934   570  2555  2281   918  2813  2342   737   262
   773   572   486   940  2167   530  1159   714   741   750  1465   484   750   655   522   918  2124  1677   454  1822   672     0   589   361   717   230   685  2096   316   393  1759   480  1113   354   502   526  1658   547   343   304   830   602   481   441   308  2244  1611   433   789   577   464   506   394   461  1885  1609   595  2142  1670   222   552
  1331   238   276  1326  2734  1017  1558  1129   254  1312  1990   337  1152  1104   809  1486  2675  2247   417  2337   347   589     0   459   959   404   662  2660   276   910  2278  1030  1700   924   292   257  2230   748   931   401  1409   676  1012  1026   833  2813  2122  1007   220  1039   464   691   953   735  2425  2132  1044  2650  2200   749    97
  1108   591   212  1297  2477   891  1519  1072   698   916  1810   171  1107   654   351  1241  2449  1985   104  2168   355   361   459     0   514   171   337  2409   323   505  2104   638  1347   568   570   567  1964   302   633   473  1138   282   606   692   444  2548  1960   648   676   938   643   244   579   276  2219  1954   596  2490  2011   383   373
  1227  1105   686  1593  2439  1155  1787  1370  1207   766  1908   626  1410   371   195  1310  2456  1964   543  2259   726   717   959   514     0   653   386  2383   829   495  2192   590  1224   636  1080  1079  1937   213   770   951  1184   304   534   746   520  2497  2072   672  1168  1217  1127   270   603   263  2261  2047   357  2579  2088   551   865
  1002   470   256  1141  2393   750  1366   919   608   908  1695   257   952   715   469  1145  2353  1902   241  2051   442   230   404   171   653     0   507  2322   182   506  1988   626  1309   526   432   437  1882   448   554   306  1053   450   608   636   428  2468  1840   608   621   792   480   393   551   394  2114  1839   654  2371  1900   346   345
  1381   859   395  1625  2700  1207  1843  1399   916  1057  2085   337  1435   699   361  1497  2692  2212   285  2443   363   685   662   337   386   507     0  2637   635   683  2378   813  1515   795   862   848  2189   255   896   801  1383   115   765   922   658  2765  2242   860   847  1259   964   241   785   336  2475  2229   660  2766  2280   633   565
  1329  2547  2577  1543    83  1661  1390  1630  2727  1618   744  2565  1629  2015  2292  1178   164   425  2512   556  2756  2096  2660  2409  2383  2322  2637     0  2388  1954   563  1825  1172  1850  2457  2497   448  2392  1776  2273  1272  2523  1876  1722  1985   176   701  1778  2824  1657  2300  2396  1854  2301   345   643  2027   570   561  2029  2641
  1058   289   280  1103  2461   758  1334   892   438  1055  1727   318   920   893   649  1212  2406  1974   350  2079   457   316   276   323   829   182   635  2388     0   667  2018   777  1429   662   251   255  1956   620   658   180  1134   601   766   757   585  2540  1864   743   473   787   330   564   695   574  2159  1870   831  2394  1936   497   258
   735   948   711  1117  2017   681  1300   900  1105   412  1426   675   941   278   348   829  2011  1529   602  1781   856   393   910   505   495   506   683  1954   667     0  1715   135   848   143   887   906  1506   441   281   696   708   569   103   254    85  2083  1588   183  1127   746   855   442   110   348  1800  1568   224  2104  1613   174   845
   998  2132  2244  1045   643  1261   861  1176  2306  1470   294  2243  1166  1849  2063   886   477   475  2205    67  2430  1759  2278  2104  2192  1988  2378   563  2018  1715     0  1604  1109  1587  2043  2084   500  2152  1483  1879  1009  2269  1659  1463  1724   736   163  1532  2417  1241  1873  2144  1606  2055   219   150  1843   389   112  1746  2276
   642  1050   841  1076  1887   653  1244   871  1213   283  1319   808   912   290   468   720  1886  1401   736  1670   991   480  1030   638   590   626   813  1825   777   135  1604     0   713   138   982  1005  1377   566   255   783   595   699    56   174   199  1952  1482   103  1244   719   930   572    88   477  1680  1458   259  1991  1500   281   969
   589  1666  1544  1140  1223   913  1181  1044  1844   461   885  1516  1073   852  1157   479  1263   767  1447  1173  1701  1113  1700  1347  1224  1309  1515  1172  1429   848  1109   713     0   785  1584  1616   738  1261   772  1377   423  1400   754   674   903  1276  1042   703  1902   956  1476  1277   768  1181  1110   989   872  1466   998   970  1653
   599   926   760   976  1915   543  1157   762  1094   396  1297   734   803   399   481   703  1899  1425   671  1653   923   354   924   568   636   526   795  1850   662   143  1587   138   785     0   855   879  1403   565   139   653   588   684   164   128   137  1985  1456    83  1133   608   795   557    53   468  1681  1439   354  1976  1488   187   871
  1140    90   475  1056  2534   797  1287   873   271  1250  1760   528   891  1130   900  1301  2459  2056   581  2099   612   502   292   570  1080   432   862  2457   251   887  2043   982  1584   855     0    42  2041   870   818   207  1244   842   981   929   802  2617  1883   931   375   806   179   813   896   825  2202  1899  1068  2405  1971   714   353
