
NAME : CVS-31-7
COMMENT : CVS
TYPE : RDVRP-TW
DIMENSION : 31
CAPACITY : 100
EDGE_WEIGHT_TYPE : EXPLICIT
EDGE_WEIGHT_FORMAT : FULL_MATRIX 
NODE_COORD_SECTION
  0 -78.8465283000 35.7910400000
  1 -78.8444798000 35.7972829000
  2 -78.8543921000 35.7824705000
  3 -78.8429034000 35.8029700000
  4 -78.8347035000 35.7889540000
  5 -78.8625473000 35.7858754000
  6 -78.8631161000 35.7898140000
  7 -78.8326810000 35.7793565000
  8 -78.8455543000 35.7839090000
  9 -78.8575724000 35.8019295000
 10 -78.8362715000 35.7805555000
 11 -78.8627460000 35.7825871000
 12 -78.8538477000 35.7975266000
 13 -78.8569743000 35.7778597000
 14 -78.8579955000 35.7874394000
 15 -78.8535965000 35.7883775000
 16 -78.8500208000 35.8024779000
 17 -78.8561785000 35.8042948000
 18 -78.8621194000 35.7927868000
 19 -78.8459747000 35.7781954000
 20 -78.8497996000 35.7890631000
 21 -78.8413470000 35.7790940000
 22 -78.8475993000 35.7983796000
 23 -78.8625655000 35.7839439000
 24 -78.8402865000 35.7792150000
 25 -78.8558895000 35.7819576000
 26 -78.8605635000 35.7790071000
 27 -78.8331620000 35.7847255000
 28 -78.8337635000 35.7844350000
 29 -78.8621804000 35.7878157000
 30 -78.8347268000 35.7794786000
TIME_WINDOW_SECTION
  0      0  36000
  1   1577   3577
  2      0  32344
  3      0  31629
  4      0  33059
  5      0  31939
  6  16705  19751
  7  29468  31468
  8  25356  29204
  9      0  30899
 10      0  32251
 11   9772  13764
 12   2946   4946
 13   7000  10880
 14  19235  21235
 15   5326   7326
 16   8665  10931
 17   3391   5391
 18      0  31600
 19  14324  16324
 20  24851  26963
 21      0  32488
 22  22333  24333
 23      0  31622
 24  28758  30758
 25      0  32408
 26  11324  13324
 27      0  32301
 28  17521  22523
 29  12282  15930
 30  20208  22208
DEMAND_SECTION
  0      0
  1     11
  2     27
  3     23
  4      8
  5      8
  6     24
  7      6
  8     25
  9     11
 10     29
 11     14
 12     23
 13     12
 14     23
 15     26
 16     29
 17     20
 18     28
 19     17
 20     20
 21     22
 22     10
 23     15
 24     27
 25     23
 26     26
 27     26
 28     17
 29     24
 30     26
SERVICE_TIME_SECTION
  0      0
  1   1000
  2   1000
  3   1000
  4   1000
  5   1000
  6   1000
  7   1000
  8   1000
  9   1000
 10   1000
 11   1000
 12   1000
 13   1000
 14   1000
 15   1000
 16   1000
 17   1000
 18   1000
 19   1000
 20   1000
 21   1000
 22   1000
 23   1000
 24   1000
 25   1000
 26   1000
 27   1000
 28   1000
 29   1000
 30   1000
TRUCK_EDGE_WEIGHT_SECTION
     0  1678  2925  2780  2196  3244  2411  5039  2484  3585  3605  3690  1965  3449  2984  1459  2394  3929  2874  2679  1041  2975  2488  3560  2898  2861  3451  2954  2904  2562  3820
  2965     0  4461  1996  3802  4780  3948  6182  4020  2860  4748  5226  2204  4985  4520  2995  1610  2449  4410  4215  2578  4511  1704  5096  4434  4398  4988  4560  4511  4099  4964
  2656  3722     0  4825  4241  2660  1828  4246  2084  3250  2811  3106  4010   824  2400  1759  4439  3594  2290  2279  2184  2575  4532  2976  2498   556  1309  3792  3742  1978  3028
  3371  2354  4868     0  4209  5186  4354  6589  4425  2249  5154  5632  2610  5390  4926  3401   999  1838  4816  4621  2984  4918  1588  5502  4839  4804  5392  4966  4916  4505  5369
  1941  2995  4290  4098     0  4609  3776  2842  3285  4950  1409  5055  3282  4812  4349  2824  3711  4550  4239  2640  2406  1840  3806  4925  1761  4226  4815   758   708  3928  1624
  3061  3380  1962  4482  3899     0  1485  5425  3262  2908  3990  1208  3668  2485   660  1416  4096  3251  1948  3458  1841  3754  4190  1078  3676  1898  2488  4656  4606  1635  4206
  2936  3255  1838  4359  3775  1106     0  5300  3138  2784  3866  1552  3544  2361   846  1292  3972  3128   462  3334  1716  3629  4066  1422  3551  1774  2364  4532  4482   425  4081
  4166  5412  4230  6515  2812  6106  5274     0  3594  6954  1679  6552  5700  4752  5845  4488  6130  7298  5736  2949  4076  2149  6224  6422  2070  4165  4755  2659  2610  5424  1894
  1226  2472  2376  3575  2991  3672  2840  3931     0  4014  2496  4119  2760  2899  3412  1548  3190  4358  3302  1964  1136  2260  3284  3989  2181  2312  2901  3478  3428  2991  2711
  4101  4420  3250  2252  4939  3569  2736  6712  4550     0  5279  4015  4708  3772  3309  2458  1588   504  3199  4746  2881  5041  2941  3885  4964  3186  3775  5696  5648  2888  5494
  2749  3995  2811  5098  1395  4688  3855  1734  2176  5535     0  5134  4282  3335  4428  3070  4711  5880  4319  1531  2659   731  4806  5005   652  2748  3338  1241  1192  4006   324
  3508  3826  2409  4929  4345  1208  1931  5871  3709  3354  4438     0  4114  2931  1099  1862  4542  3698  2394  3904  2288  4200  4638   335  4122  2344  2934  5102  5054  1584  4652
  2494  1476  3990  2580  3331  4309  3476  5711  3549  4650  4276  4755     0  4514  4049  2524  2194  3032  3939  3744  2106  4040  2288  4625  3962  3926  4516  4089  4040  3628  4492
  3179  4245   824  5348  4764  3182  2350  4769  2606  3772  3335  3629  4532     0  2922  2282  4961  4116  2812  2802  2706  3098  5056  3499  3020   588  1255  4315  4266  2501  3550
  2801  3120  1702  4222  3639   660  1225  5165  3001  2648  3730  1099  3408  2225     0  1156  3836  2991  1688  3198  1581  3494  3930   969  3415  1638  2228  4396  4346  1375  3945
  1284  2421  2801  3525  2941  3120  2288  4501  2338  3460  3066  3566  2710  3324  2860     0  3139  3804  2750  2534   418  2830  3232  3436  2751  2736  3326  3699  3649  2438  3281
  2885  1868  4381   962  3722  4700  3868  6102  3940  1581  4669  5148  2125  4905  4440  2915     0  1170  4331  4135  2498  4431  1650  5018  4354  4318  4908  4480  4431  4019  4884
  4445  2748  3594  1841  5282  3912  3080  7056  4894   504  5622  4359  3004  4116  3652  2801  1176     0  3542  5090  3225  5385  2530  4229  5308  3530  4119  6040  5991  3231  5838
  3400  3718  2300  4821  4238  1569   462  5764  3600  3246  4329  2015  4006  2824  1309  1755  4435  3590     0  3796  2179  4092  4529  1885  4014  2236  2826  4995  4945   888  4544
  2216  3462  2279  4565  2665  4155  3322  2966  1644  5002  1531  4601  3750  2802  3895  2538  4179  5346  3786     0  2126  1295  4272  4472  1216  2215  2805  2512  2462  3474  1746
   871  1838  2218  2941  2358  2536  1704  4089  1926  2876  2655  2982  2126  2740  2276   418  2555  3220  2166  2122     0  2418  2649  2852  2340  2152  2742  3115  3065  1854  2870
  2512  3758  2575  4861  1864  4451  3619  2165  1939  5299   731  4898  4046  3098  4191  2834  4475  5642  4081  1295  2422     0  4569  4768   289  2511  3100  1711  1661  3770   946
  3642  2625  5139  1655  4480  5458  4625  6860  4696  2520  5425  5904  2881  5661  5198  3671  1270  2109  5088  4892  3255  5189     0  5774  5110  5074  5664  5238  5188  4775  5640
  3378  3696  2279  4799  4215  1078  1801  5741  3579  3224  4308   335  3984  2801   969  1734  4412  3568  2264  3775  2158  4070  4508     0  3992  2215  2804  4972  4924  1952  4522
  2434  3680  2498  4782  1786  4374  3541  2088  1861  5221   652  4820  3968  3020  4112  2755  4398  5565  4004  1216  2344   289  4491  4690     0  2432  3022  1634  1584  3691   868
  2592  3658   556  4761  4178  2595  1762  4182  2019  3186  2748  3041  3946   588  2335  1695  4375  3530  2226  2215  2119  2511  4469  2912  2432     0  1245  3729  3679  1914  2962
  3181  4248  1309  5350  4766  3185  2352  4771  2609  3775  3338  3631  4535  1255  2925  2285  4964  4119  2815  2805  2709  3100  5059  3501  3022  1245     0  4318  4269  2504  3552
  2699  3752  3804  4855   758  5366  4534  2726  3168  5708  1291  5812  4040  4326  5106  3581  4470  5308  4996  2522  3164  1722  4564  5682  1645  3740  4329     0    50  4685  1506
  2649  3702  3754  4806   708  5316  4485  2676  3119  5658  1241  5764  3991  4278  5056  3531  4420  5259  4948  2474  3114  1672  4514  5634  1595  3690  4280    50     0  4635  1458
  3035  3354  1936  4456  3872  1205   428  5399  3236  2881  3964  1651  3641  2459   944  1390  4070  3225   890  3431  1815  3728  4165  1521  3650  1871  2461  4630  4581     0  4180
  2964  4210  3028  5312  1610  4904  4071  1949  2391  5751   324  5350  4498  3550  4642  3285  4928  6095  4534  1746  2874   946  5021  5220   868  2962  3552  1456  1408  4221     0
DRONE_EDGE_WEIGHT_SECTION
     0   699   998  1334   495   827   627  1400   795  1277  1228  1118   770  1519   584   395  1280  1516   605  1430   251  1344   818   990  1337  1070  1439   861   875   681  1361
   699     0  1689   636   994  1433  1075  2043  1489   699  1887  1770   340  2211  1203  1046   612   886   814  2125   936  2028   166  1628  2017  1757  2120  1459  1484  1238  2015
   998  1689     0  2320  1031   487   880   893   369  2169   718   315  1676   523   569   658  2233  2430  1184   573   754   621  1789   349   646    80   451   837   807   663   816
  1334   636  2320     0  1588  2033  1638  2655  2124   535  2507  2383   722  2843  1814  1670   259   494  1329  2760  1568  2658   538  2237  2646  2387  2746  2062  2090  1827  2632
   495   994  1031  1588     0  1091  1056  1071   692  1667   937  1266  1184  1493   881   704  1605  1877  1097  1270   559  1126  1150  1180  1104  1111  1473   474   504  1028  1055
   827  1433   487  2033  1091     0   439  1340   673  1796  1153   366  1336   917   243   434  1904  2063   770  1060   592  1100  1496   215  1120   503   768  1108  1090   216  1268
   627  1075   880  1638  1056   439     0  1630   928  1364  1440   805   923  1351   325   387  1488  1631   333  1445   500  1446  1109   654  1458   915  1207  1251  1247   225  1568
  1400  2043   893  2655  1071  1340  1630     0   703  2675   191  1195  2170   941  1310  1275  2652  2907  1856   523  1257   331  2189  1240   290   927  1062   598   567  1455    79
   795  1489   369  2124   692   673   928   703     0  2054   512   664  1546   800   609   581  2073  2302  1164   636   595   559  1613   639   559   446   788   474   447   759   641
  1277   699  2169   535  1667  1796  1364  2675  2054     0  2505  2161   508  2679  1613  1515   276   268  1031  2676  1460  2611   533  2010  2608  2224  2554  2113  2133  1580  2637
  1228  1887   718  2507   937  1153  1440   191   512  2505     0  1027  1998   843  1120  1087  2492  2742  1668   453  1074   252  2028  1062   213   759   939   479   442  1265   133
  1118  1770   315  2383  1266   366   805  1195   664  2161  1027     0  1695   570   569   730  2263  2428  1136   803   868   900  1845   151   930   268   407  1138  1110   582  1117
   770   340  1676   722  1184  1336   923  2170  1546   508  1998  1695     0  2192  1133  1018   568   758   607  2172   954  2104   245  1546  2100  1735  2077  1616  1634  1123  2131
  1519  2211   523  2843  1493   917  1351   941   800  2679   843   570  2192     0  1067  1178  2752  2943  1673   422  1276   612  2311   710   654   458   187  1182  1144  1126   867
   584  1203   569  1814   881   243   325  1310   609  1613  1120   569  1133  1067     0   194  1699  1877   614  1124   354  1121  1276   425  1132   615   944   976   965   161  1246
   395  1046   658  1670   704   434   387  1275   581  1515  1087   730  1018  1178   194     0  1575  1774   583  1169   160  1131  1135   596  1136   720  1075   864   861   325  1218
  1280   612  2233   259  1605  1904  1488  2652  2073   276  2492  2263   568  2752  1699  1575     0   298  1164  2707  1493  2623   464  2114  2614  2294  2641  2070  2095  1691  2621
  1516   886  2430   494  1877  2063  1631  2907  2302   268  2742  2428   758  2943  1877  1774   298     0  1299  2929  1711  2858   726  2277  2852  2487  2820  2334  2357  1847  2873
   605   814  1184  1329  1097   770   333  1856  1164  1031  1668  1136   607  1673   614   583  1164  1299     0  1733   615  1710   816   985  1717  1228  1535  1399  1404   553  1800
  1430  2125   573  2760  1270  1060  1445   523   636  2676   453   803  2172   422  1124  1169  2707  2929  1733     0  1218   203  2248   897   245   563   564   874   834  1233   452
   251   936   754  1568   559   592   500  1257   595  1460  1074   868   954  1276   354   160  1493  1711   615  1218     0  1154  1040   743  1153   823  1190   786   789   480  1208
  1344  2028   621  2658  1126  1100  1446   331   559  2611   252   900  2104   612  1121  1131  2623  2858  1710   203  1154     0  2159   967    43   637   732   699   660  1248   256
   818   166  1789   538  1150  1496  1109  2189  1613   533  2028  1845   245  2311  1276  1135   464   726   816  2248  1040  2159     0  1699  2150  1853  2209  1610  1634  1291  2157
   990  1628   349  2237  1180   215   654  1240   639  2010  1062   151  1546   710   425   596  2114  2277   985   897   743   967  1699     0   994   335   555  1107  1083   431  1164
  1337  2017   646  2646  1104  1120  1458   290   559  2608   213   930  2100   654  1132  1136  2614  2852  1717   245  1153    43  2150   994     0   666   773   670   631  1263   214
  1070  1757    80  2387  1111   503   915   927   446  2224   759   268  1735   458   615   720  2294  2487  1228   563   823   637  1853   335   666     0   373   909   878   693   849
  1439  2120   451  2746  1473   768  1207  1062   788  2554   939   407  2077   187   944  1075  2641  2820  1535   564  1190   732  2209   555   773   373     0  1216  1180   982   985
   861  1459   837  2062   474  1108  1251   598   474  2113   479  1138  1616  1182   976   864  2070  2334  1399   874   786   699  1610  1107   670   909  1216     0    39  1137   587
   875  1484   807  2090   504  1090  1247   567   447  2133   442  1110  1634  1144   965   861  2095  2357  1404   834   789   660  1634  1083   631   878  1180    39     0  1126   553
   681  1238   663  1827  1028   216   225  1455   759  1580  1265   582  1123  1126   161   325  1691  1847   553  1233   480  1248  1291   431  1263   693   982  1137  1126     0  1388
  1361  2015   816  2632  1055  1268  1568    79   641  2637   133  1117  2131   867  1246  1218  2621  2873  1800   452  1208   256  2157  1164   214   849   985   587   553  1388     0
DEPOT_SECTION
0
-1
EOF
    