
NAME : CVS-21-9
COMMENT : CVS
TYPE : RDVRP-TW
DIMENSION : 21
CAPACITY : 100
EDGE_WEIGHT_TYPE : EXPLICIT
EDGE_WEIGHT_FORMAT : FULL_MATRIX 
NODE_COORD_SECTION
  0 -78.8465283000 35.7910400000
  1 -78.8518641000 35.7981210000
  2 -78.8319560000 35.7824345000
  3 -78.8390081000 35.7998006000
  4 -78.8388887000 35.7791055000
  5 -78.8554088000 35.7835912000
  6 -78.8548893000 35.7814270000
  7 -78.8392545000 35.7883175000
  8 -78.8490971000 35.7899646000
  9 -78.8406378000 35.8016569000
 10 -78.8541303000 35.7971114000
 11 -78.8498727000 35.8043518000
 12 -78.8344860000 35.7836770000
 13 -78.8594433000 35.7898337000
 14 -78.8431917000 35.7983373000
 15 -78.8408760000 35.7791875000
 16 -78.8338210000 35.7817935000
 17 -78.8388405000 35.7914909000
 18 -78.8576900000 35.7867744000
 19 -78.8441000000 35.7817090000
 20 -78.8404623000 35.8024769000
TIME_WINDOW_SECTION
  0      0  36000
  1      0  32415
  2      0  31520
  3      0  32708
  4  20947  24045
  5      0  32565
  6      0  32255
  7      0  33170
  8      0  33662
  9      0  30740
 10  25487  27487
 11  18790  20790
 12  12679  15997
 13      0  31800
 14      0  31159
 15      0  32502
 16      0  31755
 17      0  33642
 18      0  32112
 19   9613  13209
 20      0  30919
DEMAND_SECTION
  0      0
  1     25
  2      9
  3     30
  4     21
  5     13
  6     26
  7     21
  8      7
  9     17
 10      5
 11     21
 12     19
 13     21
 14     13
 15     30
 16     20
 17      6
 18      7
 19      5
 20      6
SERVICE_TIME_SECTION
  0      0
  1   1000
  2   1000
  3   1000
  4   1000
  5   1000
  6   1000
  7   1000
  8   1000
  9   1000
 10   1000
 11   1000
 12   1000
 13   1000
 14   1000
 15   1000
 16   1000
 17   1000
 18   1000
 19   1000
 20   1000
TRUCK_EDGE_WEIGHT_SECTION
     0  2121  3568  2588  3151  2705  3014  2089  1239  3106  1979  2368  3230  2019  2688  2960  3479  1616  3070  2268  3490
  2585     0  4795  2010  4308  3861  4171  3315  2395  1969  1839  1230  4458  3175  1550  4116  4706  2844  4228  3425  2352
  3480  4795     0  3258  1252  3322  3631  1438  3959  3708  4652  5041   338  4194  3498  1448   449  2322  5246  1851  3798
  2292  2674  3270     0  3529  4420  4730  1791  2954   730  3648  1904  2932  3735   751  3722  3181  1319  4786  3984   820
  2689  4379  1250  3558     0  2530  2840  1738  3095  4008  4236  4625  1149  3402  3798   655  1015  2622  4454  1059  4098
  2435  3154  3319  4411  2530     0   406  3912  2160  4930  3802  4192  3218  1214  4511  2339  3084  3440  2265  1648  5314
  2745  3464  3629  4721  2840   406     0  4222  2469  5240  4112  4501  3528  1524  4821  2649  3394  3750  2575  1956  5624
  1830  3328  1438  1791  1696  3958  4268     0  2491  2241  3185  3574  1100  3272  2030  1891  1349   472  4324  2295  2330
  1338  2101  3548  2566  3060  2219  2529  2068     0  3085  1958  2348  3210  1532  2666  2869  3459  1595  2585  2176  3470
  4260  2632  3720   730  3979  5536  5845  2241  4070     0  3514  1862  3382  4850   809  4172  3631  1769  5902  5100   424
  2508  1935  4718  2961  4230  3784  4092  3238  2318  2920     0  2181  4380  3098  2501  4039  4629  2765  4149  3346  3304
  2894  1266  5104  2319  4616  4170  4479  3624  2704  1820  2148     0  4766  3484  1859  4425  5015  3151  4536  3734  1681
  3374  4458   338  2920  1148  3216  3526  1100  3621  3370  4315  4704     0  4401  3160  1341   381  1985  5452  1745  3460
  3200  3171  4858  4429  4069  1880  2190  3930  2176  4948  3820  4210  5071     0  4529  3878  4622  3458  1196  3185  5331
  3841  2214  3510   751  3769  5118  5426  2030  3651   809  3095  1442  3172  4431     0  3962  3421  1559  5484  4680  1139
  2498  4188  1444  3752   655  2339  2649  1931  2904  4201  4045  4434  1342  3211  4754     0  1209  2816  4262   868  4291
  3245  4710   449  3174  1018  3088  3396  1352  3874  3622  4568  4956   381  3959  3412  1212     0  2238  5011  1616  3712
  1358  2855  2299  1319  2559  3485  3795   472  2019  1769  2712  3101  1961  2800  1559  2752  2210     0  3851  3049  1858
  2888  2859  4545  4116  3756  1568  1878  3618  1865  4635  3508  3898  4760   919  4216  3565  4310  3145     0  2872  5019
  1805  3496  1848  3961  1059  1648  1956  2336  2211  4480  3352  3742  1746  2519  4061   868  1612  2990  3570     0  4864
  4081  2454  3809   820  4069  5356  5666  2330  3891   424  3335  1682  3471  4671  1139  4262  3720  1858  5722  4920     0
DRONE_EDGE_WEIGHT_SECTION
     0   812  1101  1013  1359   893  1115   405   153  1201   731  1487   934   495   821  1336  1133   287   630  1043  1292
   812     0  1894   499  2171  1623  1862  1185   914   563   139   697  1731   963   314  2147  1936   877  1281  1849   634
  1101  1894     0  1951   454   893   874   710  1055  2163  1828  2526   168  1316  1818   495   100  1040  1079   466  2253
  1013   499  1951     0  2304  1902  2127  1278  1155   215   622   638  1803  1336   222  2296  2014   925  1603  2023   302
  1359  2171   454  2304     0   800   660  1026  1268  2511  2083  2839   535  1422  2147    76   356  1379  1109   351  2602
   893  1623   893  1902   800     0   242   801   747  2083  1506  2320   787   711  1702   737   838  1074   364   475  2172
  1115  1862   874  2127   660   242     0   965   975  2312  1746  2559   809   951  1931   587   798  1270   604   409  2402
   405  1185   710  1278  1026   801   965     0   408  1486  1121  1826   546   767  1125  1018   754   354   707   758  1577
   153   914  1055  1155  1268   747   975   408     0  1337   817  1602   887   383   957  1239  1074   415   477   938  1428
  1201   563  2163   215  2511  2083  2312  1486  1337     0   701   445  2014  1483   381  2501  2225  1134  1770  2224    91
   731   139  1828   622  2083  1506  1746  1121   817   701     0   820  1662   833   418  2055  1863   838  1158  1754   773
  1487   697  2526   638  2839  2320  2559  1826  1602   445   820     0  2369  1653   711  2821  2579  1486  1977  2529   394
   934  1731   168  1803   535   787   809   546   887  2014  1662  2369     0  1156  1663   555   211   885   935   424  2104
   495   963  1316  1336  1422   711   951   767   383  1483   833  1653  1156     0  1117  1375  1311   782   347  1071  1567
   821   314  1818   222  2147  1702  1931  1125   957   381   418   711  1663  1117     0  2133  1874   778  1393  1851   471
  1336  2147   495  2296    76   737   587  1018  1239  2501  2055  2821   555  1375  2133     0   395  1372  1056   306  2593
  1133  1936   100  2014   356   838   798   754  1074  2225  1863  2579   211  1311  1874   395     0  1096  1054   389  2315
   287   877  1040   925  1379  1074  1270   354   415  1134   838  1486   885   782   778  1372  1096     0   874  1106  1224
   630  1281  1079  1603  1109   364   604   707   477  1770  1158  1977   935   347  1393  1056  1054   874     0   760  1857
  1043  1849   466  2023   351   475   409   758   938  2224  1754  2529   424  1071  1851   306   389  1106   760     0  2316
  1292   634  2253   302  2602  2172  2402  1577  1428    91   773   394  2104  1567   471  2593  2315  1224  1857  2316     0
DEPOT_SECTION
0
-1
EOF
    