
NAME : CVS-21-10
COMMENT : CVS
TYPE : RDVRP-TW
DIMENSION : 21
CAPACITY : 100
EDGE_WEIGHT_TYPE : EXPLICIT
EDGE_WEIGHT_FORMAT : FULL_MATRIX 
NODE_COORD_SECTION
  0 -78.8465283000 35.7910400000
  1 -78.8366645000 35.7780285000
  2 -78.8584374000 35.7880318000
  3 -78.8394729000 35.7994966000
  4 -78.8503392000 35.7944270000
  5 -78.8343835000 35.7799935000
  6 -78.8616502000 35.7806436000
  7 -78.8544570000 35.7807686000
  8 -78.8481820000 35.7984078000
  9 -78.8368418000 35.7878694000
 10 -78.8397813000 35.7816692000
 11 -78.8342505000 35.7904060000
 12 -78.8514220000 35.7875176000
 13 -78.8581823000 35.7878949000
 14 -78.8530688000 35.7943345000
 15 -78.8381252000 35.7878240000
 16 -78.8432619000 35.8013603000
 17 -78.8611211000 35.7919911000
 18 -78.8457976000 35.7795762000
 19 -78.8384748000 35.7811357000
 20 -78.8401217000 35.8033139000
TIME_WINDOW_SECTION
  0      0  36000
  1      0  32024
  2  18723  20723
  3   6210   8210
  4      0  32945
  5  19417  21417
  6  12448  15028
  7      0  32095
  8  16909  21077
  9  28600  32748
 10  27855  31743
 11  30940  32940
 12   3722   6924
 13      0  32229
 14      0  32468
 15   5767  10539
 16  29523  33431
 17  12483  18097
 18   1676   4736
 19  14860  19668
 20   7837   9837
DEMAND_SECTION
  0      0
  1     28
  2     18
  3     30
  4     16
  5     12
  6     15
  7      9
  8     16
  9     13
 10     27
 11     13
 12     20
 13      8
 14     12
 15     17
 16     15
 17     14
 18     27
 19     16
 20     20
SERVICE_TIME_SECTION
  0      0
  1   1000
  2   1000
  3   1000
  4   1000
  5   1000
  6   1000
  7   1000
  8   1000
  9   1000
 10   1000
 11   1000
 12   1000
 13   1000
 14   1000
 15   1000
 16   1000
 17   1000
 18   1000
 19   1000
 20   1000
TRUCK_EDGE_WEIGHT_SECTION
     0  3840  2955  2620  1526  3885  3915  3175  2515  2565  3144  2044  1749  2955  2004  2374  2449  3015  2449  3506  3119
  2976     0  4626  3558  4071   769  5586  3289  5060  1690   742  1918  2784  4626  4549  1762  4994  4686  1529   751  5664
  2771  3936     0  4034  2939  3981  1301  1922  3928  3979  3634  3458  3091     0  3416  3786  3862  1799  2939  3641  4531
  2325  3575  4704     0  2885  3621  5664  4924  1284  2301  3555  1779  3498  4704  3362  2109   695  4764  4198  3241   594
  2055  4072  3580  2291     0  4119  4541  3800  1875  3261  3770  2740  2375  3580   478  3070  1809  3640  3075  3779  2479
  3030   815  4679  3611  4124     0  5640  3341  5114  1744   795  1970  2836  4679  4601  1815  5048  4739  1581   804  5716
  3732  4896  1301  4994  3900  4942     0  2882  4889  4939  4594  4418  4052  1301  4378  4748  4822  2175  3899  4602  5491
  2905  3296  2620  4915  3820  3341  3580     0  4809  4262  2994  4339  2712  2620  4298  4668  4742  2679  2299  3001  5412
  3669  5688  5195  1284  2469  5732  6155  5415     0  4876  5384  4355  3989  5195  2946  4684   802  5255  4689  5392  2021
  2306  1695  4685  2301  3209  1741  5645  4221  4198     0  1676  1889  3716  4685  3686   191  4131  4744  2461  1361  4801
  2681   750  4331  3584  3776   795  5291  2994  4765  1716     0  1944  2488  4331  4254  1789  4699  4391  1234   215  5369
  1789  1939  4168  1784  2691  1984  5128  4388  3680  1865  1919     0  2961  4168  3169  1572  3615  4228  2705  1605  4284
  1311  2791  3468  3500  2405  2836  4428  2685  3395  3758  2489  2924     0  3468  2882  3254  3329  3528  1794  2496  3998
  2771  3936     0  4034  2939  3981  1301  1922  3928  3979  3634  3458  3091     0  3416  3786  3862  1799  2939  3641  4531
  2532  4550  4058  2769   478  4596  5019  4278  2352  3739  4248  3218  2852  4058     0  3548  2286  4118  3552  4256  2956
  2115  1768  4492  2109  3018  1812  5452  4294  4006   191  1748  1532  3286  4492  3495     0  3940  4552  2534  1434  4609
  3482  5500  5008   695  2282  5546  5969  5228   802  4689  5198  4168  3802  5008  2760  4498     0  5068  4502  5206  1289
  3540  4704  1420  4801  3706  4750  2380  2690  4696  4746  4401  4225  3859  1420  4184  4555  4630     0  3706  4410  5299
  1986  1536  3636  4175  3081  1581  4596  2299  4070  2502  1234  2730  1792  3636  3559  2575  4004  3696     0  1241  4674
  2690   759  4339  3281  3784   804  5300  3001  4774  1414   215  1641  2496  4339  4261  1486  4708  4399  1241     0  5376
  3709  5728  5235   594  2510  5772  6195  5455  1952  4916  5425  4395  4029  5235  2988  4725  1289  5295  4730  5432     0
DRONE_EDGE_WEIGHT_SECTION
     0  1495   553   976   402  1311  1288  1181   822   503  1073   458   432   555   438   474  1155   547  1276  1143  1386
  1495     0  1383  2392  1895   235   995   743  2308  1095   422  1381  1194  1365  1916  1092  2609  1804   388   353  2818
   553  1383     0  1452   772  1272   831   822  1214   803   995   934   267    18   729   755  1583   452  1054  1072  1827
   976  2392  1452     0   688  2179  2253  2157   336  1298  1985  1030  1403  1461   757  1300   248  1148  2230  2044   426
   402  1895   772   688     0  1713  1591  1528   450   883  1473   741   770   782   100   862   813   479  1662  1544  1055
  1311   235  1272  2179  1713     0  1038   767  2113   882   277  1159  1054  1254  1741   883  2401  1668   436   201  2605
  1288   995   831  2253  1591  1038     0   273  2039  1231   836  1494   856   818  1557  1191  2403  1263   614   880  2644
  1181   743   822  2157  1528   767   273     0  1977  1031   565  1312   760   806  1511   996  2329  1274   355   607  2564
   822  2308  1214   336   450  2113  2039  1977     0  1244  1889  1026  1218  1226   487  1234   373   856  2098  1956   618
   503  1095   803  1298   883   882  1231  1031  1244     0   699   298   544   793   935    48  1520  1008   983   752  1723
  1073   422   995  1985  1473   277   836   565  1889   699     0   994   784   978  1494   688  2196  1397   326    77  2409
   458  1381   934  1030   741  1159  1494  1312  1026   298   994     0   713   929   817   321  1263  1005  1281  1044  1453
   432  1194   267  1403   770  1054   856   760  1218   544   784   713     0   255   761   496  1569   614   909   861  1806
   555  1365    18  1461   782  1254   818   806  1226   793   978   929   255     0   741   746  1595   469  1037  1055  1838
   438  1916   729   757   100  1741  1557  1511   487   935  1494   817   761   741     0   910   859   394  1665  1566  1103
   474  1092   755  1300   862   883  1191   996  1234    48   688   321   496   746   910     0  1518   968   962   745  1726
  1155  2609  1583   248   813  2401  2403  2329   373  1520  2196  1263  1569  1595   859  1518     0  1227  2427  2258   245
   547  1804   452  1148   479  1668  1263  1274   856  1008  1397  1005   614   469   394   968  1227     0  1496  1474  1471
  1276   388  1054  2230  1662   436   614   355  2098   983   326  1281   909  1037  1665   962  2427  1496     0   328  2651
  1143   353  1072  2044  1544   201   880   607  1956   752    77  1044   861  1055  1566   745  2258  1474   328     0  2470
  1386  2818  1827   426  1055  2605  2644  2564   618  1723  2409  1453  1806  1838  1103  1726   245  1471  2651  2470     0
DEPOT_SECTION
0
-1
EOF
    