
NAME : CVS-31-4
COMMENT : CVS
TYPE : RDVRP-TW
DIMENSION : 31
CAPACITY : 100
EDGE_WEIGHT_TYPE : EXPLICIT
EDGE_WEIGHT_FORMAT : FULL_MATRIX 
NODE_COORD_SECTION
  0 -78.8465283000 35.7910400000
  1 -78.8463347000 35.7801209000
  2 -78.8525753000 35.7996404000
  3 -78.8463143000 35.7839446000
  4 -78.8423690000 35.7817210000
  5 -78.8443086000 35.8029236000
  6 -78.8322429000 35.7844614000
  7 -78.8567304000 35.7831805000
  8 -78.8558300000 35.7878806000
  9 -78.8627824000 35.7810613000
 10 -78.8595831000 35.7874714000
 11 -78.8547770000 35.8025003000
 12 -78.8426140000 35.7787520000
 13 -78.8572118000 35.7986310000
 14 -78.8630165000 35.7826549000
 15 -78.8497308000 35.7820677000
 16 -78.8528991000 35.7945801000
 17 -78.8333430000 35.7787915000
 18 -78.8395085000 35.8016230000
 19 -78.8398030000 35.7810098000
 20 -78.8575632000 35.7792799000
 21 -78.8457106000 35.7853070000
 22 -78.8395359000 35.7800364000
 23 -78.8536661000 35.7782443000
 24 -78.8592602000 35.7858955000
 25 -78.8338615000 35.7877750000
 26 -78.8390557000 35.7803725000
 27 -78.8388499000 35.7781098000
 28 -78.8552240000 35.7797575000
 29 -78.8519558000 35.7876541000
 30 -78.8508273000 35.8012091000
TIME_WINDOW_SECTION
  0      0  36000
  1      0  33044
  2  19246  21514
  3      0  33688
  4      0  32652
  5   8690  10690
  6      0  31685
  7      0  32524
  8   8196  12168
  9      0  31235
 10      0  32355
 11      0  30579
 12   5740   9634
 13      0  31460
 14      0  31492
 15      0  33559
 16   6601   9365
 17  17121  19121
 18      0  32386
 19  21764  23764
 20  27760  31318
 21   9119  15489
 22      0  32424
 23      0  31314
 24  29575  31575
 25      0  32195
 26  12311  14311
 27  27561  29561
 28  19478  21478
 29   8992  11832
 30      0  32429
DEMAND_SECTION
  0      0
  1     26
  2      8
  3     24
  4     12
  5     29
  6     23
  7     27
  8     30
  9      9
 10     14
 11     12
 12     17
 13      9
 14     10
 15     10
 16     12
 17     27
 18     14
 19      6
 20     12
 21     20
 22     10
 23     25
 24     12
 25     20
 26     14
 27     14
 28     28
 29     17
 30     13
SERVICE_TIME_SECTION
  0      0
  1   1000
  2   1000
  3   1000
  4   1000
  5   1000
  6   1000
  7   1000
  8   1000
  9   1000
 10   1000
 11   1000
 12   1000
 13   1000
 14   1000
 15   1000
 16   1000
 17   1000
 18   1000
 19   1000
 20   1000
 21   1000
 22   1000
 23   1000
 24   1000
 25   1000
 26   1000
 27   1000
 28   1000
 29   1000
 30   1000
TRUCK_EDGE_WEIGHT_SECTION
     0  2420  2455  2569  2810  2599  3265  2745  2148  3506  2828  3904  2742  3024  3690  1876  2040  4979  2909  3184  3530  2329  3039  3956  3035  3095  2971  3254  3251  1800  1981
  1956     0  3980  1469   870  4125  2564  1840  3011  4159  3480  5062   802  4182  4342   804  3565  2646  4435  1244  2624  1229  1099  3050  3686  2392  1031  1314  2345  1815  3508
  2919  3910     0  4059  4300  1795  4825  3316  2720  4079  3400  1874  4232   808  4262  3366  2232  6076  2698  4674  4101  3818  4529  4528  3606  4655  4461  4744  3822  3290   992
  1312  1790  3336     0  2180  3480  3874  2281  2662  4021  3342  4419  2114  3538  4205  1246  2920  3956  3790  2554  3066   240  2409  3492  3549  3704  2341  2624  2788  1171  2862
  2348   870  4371  1860     0  4515  2170  2230  3401  4549  3870  5454   686  4572  4732  1194  3955  2252  4236   850  3015  1619   705  3440  4078  2000   638   920  2736  2206  3898
  3190  4181  1896  4330  4571     0  5096  4506  3909  5268  4589  1969  4505  4785  5451  3638  2504  6348   902  4945  5291  4090  4800  5718  4796  4926  4732  5015  5012  3562  1422
  3315  2585  5146  3575  2191  5291     0  3945  4886  6245  5566  6642  2401  5762  6429  2910  4731  2988  3599  1868  4730  3334  1722  5155  5774   502  1656  1938  4451  3921  4672
  2476  1840  3261  1989  2230  4464  3924     0  1595  2742  2064  3390  2162  2509  2926  1102  3904  4006  4774  2604   555  1749  2459  1378  2270  3754  2391  2674   766  1810  3846
  2144  3135  3240  3284  3525  3385  4050  2661     0  3422  2744  3820  3458  2940  3606  2591  2825  5301  3695  3899  3446  3044  3754  3872  2951  3880  3686  3969  3168  2516  2766
  3765  3902  3804  4051  4292  5006  5671  2486  2136     0  1120  3931  4226  3051   471  3165  4446  6069  5316  4666  3271  3811  4521  3696   914  5501  4455  4736  2992  4138  4388
  2645  2782  2684  2931  3172  3886  4551  1366  1016  1120     0  2811  3106  1931   862  2045  3326  4949  4196  3546  2151  2691  3401  2576   208  4381  3334  3616  1872  3016  3268
  4421  4805  1819  4955  5196  1972  6328  3390  2792  4151  3472     0  5129  1066  4335  4069  3390  6972  2875  5570  4174  4714  5425  4600  3679  6158  5358  5640  3895  4792  1986
  2280   802  4304  1792   686  4449  2380  2162  3334  4481  3802  5386     0  4506  4665  1128  3889  2462  4446  1060  2948  1552   915  3374  4010  2210   848  1130  2669  2139  3830
  3540  3925   752  4074  4316  2132  5446  2509  1912  3270  2591  1066  4249     0  3455  3189  4221  6092  5091  4690  3294  3834  4545  3720  2799  5276  4478  4760  3015  3912   920
  3508  3645  3546  3794  4035  4749  5414  2229  1879   471   862  3674  3969  2794     0  2908  4189  5811  5059  4409  3014  3554  4264  3439   655  5244  4196  4479  2735  3879  4130
  1441   804  3465   952  1194  3609  2888  1102  2274  3421  2742  4069  1128  3189  3605     0  3049  2971  3919  1569  1888   712  1424  2314  2950  2718  1356  1639  1609  1299  2991
  2569  3559  2329  3708  3950  2472  4474  3885  3288  4646  3968  3419  3882  4164  4830  3015     0  5726  3375  4324  4669  3468  4179  5095  4174  4304  4111  4394  4391  2940  1855
  4108  2630  6131  3619  2236  6275  2910  3990  5161  6309  5630  7212  2446  6332  6492  2954  5715     0  4978  1912  4774  3379  1768  5200  5836  2740  1700  1982  4496  3965  5658
  2614  4458  2798  4606  4208   902  3289  4784  4186  5545  4866  2871  4418  5061  5729  3914  3406  5004     0  3884  5568  4366  3739  5994  5072  3119  3672  3954  5289  3839  2325
  2721  1244  4745  2234   850  4889  1846  2604  3775  4922  4244  5828  1060  4948  5106  1569  4329  1930  3914     0  3389  1994   381  3815  4451  1676   315   598  3110  2580  4271
  3261  2624  4046  2772  3015  5249  4708   555  2379  3526  2848  4174  2948  3294  3711  1888  4689  4791  5559  3389     0  2532  3244   824  3055  4538  3176  3459   601  2594  4631
  1071  1550  3095   240  1940  3240  3634  2041  2421  3780  3101  4178  1872  3298  3964  1006  2680  3716  3550  2314  2826     0  2169  3252  3309  3462  2101  2384  2548   930  2622
  2576  1099  4600  2089   705  4744  1701  2459  3630  4778  4099  5682   915  4801  4961  1424  4184  1784  3768   381  3244  1848     0  3669  4306  1531    68   294  2965  2435  4126
  3686  3050  4472  3199  3440  5675  5134  1378  2805  3952  3274  4600  3374  3720  4136  2314  5115  5218  5985  3815   824  2959  3669     0  3481  4964  3602  3885   889  3020  5056
  2852  2989  2890  3139  3380  4092  4759  1572  1224   914   208  3018  3312  2138   655  2252  3532  5156  4402  3754  2358  2898  3609  2784     0  4588  3541  3824  2079  3224  3475
  2805  2369  4636  3359  1976  4780   502  3729  4376  5735  5056  6132  2186  5252  5919  2694  4220  2771  3088  1652  4514  3119  1508  4940  5262     0  1440  1722  4235  3705  4162
  2509  1031  4532  2021   638  4676  1634  2391  3562  4710  4031  5615   848  4735  4894  1356  4118  1718  3701   315  3176  1781    68  3602  4239  1464     0   282  2898  2368  4059
  2791  1314  4815  2304   920  4959  1916  2674  3845  4992  4314  5898  1130  5016  5176  1639  4399  2000  3984   598  3459  2062   294  3885  4521  1746   282     0  3180  2650  4341
  2982  2345  3768  2495  2736  4970  4430   766  2101  3249  2570  3895  2669  3015  3432  1609  4410  4512  5280  3110   601  2254  2965   889  2776  4259  2898  3180     0  2315  4352
  1362  1816  3386  1965  2206  3531  3900  1810  2712  4071  3392  4469  2139  3589  4255  1272  2971  3982  3841  2580  2594  1725  2435  3020  3600  3730  2368  2650  2315     0  2912
  2571  3562   994  3711  3952  1448  4478  3888  3290  4649  3970  1974  3885   909  4832  3019  1885  5729  2350  4326  4672  3471  4181  5099  4178  4308  4114  4396  4394  2944     0
DRONE_EDGE_WEIGHT_SECTION
     0  1216   982   790  1049  1325   905   954   492  1266   626  1310  1376   930  1118  1006   458  1450  1205  1144  1373   639  1253  1449   742   593  1220  1468  1297   427  1143
  1216     0  2185   426   233  2539   719   520   935   633   958  2510   208  2099   692   252  1628   516  2407   267   437   578   258   349   806   972   278   362   340   865  2353
   982  2185     0  1762  2030   470  1847  1839  1314  2102  1379   328  2354   201  1929  1959   563  2428   518  2127  2274  1615  2235  2382  1550  1487  2202  2450  2215  1334   186
   790   426  1762     0   289  2114   532   401   564   699   633  2089   595  1683   645   245  1209   755  1984   409   671   153   505   693   532   631   483   708   575   464  1929
  1049   233  2030   289     0  2361   488   566   851   776   909  2358   331  1960   787   281  1484   473  2218   125   637   419   216   578   787   746   196   424   534   752  2192
  1325  2539   470  2114  2361     0  2102  2244  1726  2526  1808   376  2691   665  2358  2330   979  2717   224  2445  2677  1962  2554  2769  1972  1729  2518  2770  2610  1722   301
   905   719  1847   532   488  2102     0   932   960  1212  1075  2171   747  1825  1175   710  1361   633  1929   478  1117   514   564  1066  1024   374   523   750  1014   818  1985
   954   520  1839   401   566  2244   932     0   524   328   489  2152   727  1720   244   292  1277  1012  2148   684   435   477   739   562   317   997   738   882   385   529  2019
   492   935  1314   564   851  1726   960   524     0   803   147  1628  1131  1198   641   686   754  1319  1641   973   960   474  1066  1076   255   817  1047  1262   905   146  1495
  1266   633  2102   699   776  2526  1212   328   803     0   724  2405   808  1967   178   506  1549  1147  2444   871   280   798   889   467   554  1318   903   968   321   839  2286
   626   958  1379   633   909  1808  1075   489   147   724     0  1682  1162  1245   551   706   829  1382  1737  1034   915   571  1119  1051   176   957  1104  1303   874   284  1562
  1310  2510   328  2089  2358   376  2171  2152  1628  2405  1682     0  2681   439  2230  2282   884  2755   553  2455  2587  1942  2563  2700  1856  1807  2530  2778  2532  1656   201
  1376   208  2354   595   331  2691   747   727  1131   808  1162  2681     0  2278   887   457  1803   353  2549   273   573   739   185   425  1014  1057   226   160   493  1052  2518
   930  2099   201  1683  1960   665  1825  1720  1198  1967  1245   439  2278     0  1791  1864   477  2379   717  2064  2154  1542  2171  2273  1420  1480  2141  2384  2102  1237   367
  1118   692  1929   645   787  2358  1175   244   641   178   551  2230   887  1791     0   506  1379  1205  2281   896   429   714   935   606   387  1232   941  1047   437   694  2113
  1006   252  1959   245   281  2330   710   292   686   506   706  2282   457  1864   506     0  1398   721  2209   394   430   391   448   451   557   870   446   604   331   627  2131
   458  1628   563  1209  1484   979  1361  1277   754  1549   829   884  1803   477  1379  1398     0  1903   921  1587  1712  1066  1694  1819   995  1032  1663  1907  1652   772   742
  1450   516  2428   755   473  2717   633  1012  1319  1147  1382  2755   353  2379  1205   721  1903     0  2552   348   924   863   273   778  1258  1000   280   223   840  1210  2578
  1205  2407   518  1984  2218   224  1929  2148  1641  2444  1737   553  2549   717  2281  2209   921  2552     0  2295  2575  1830  2403  2654  1894  1555  2366  2618  2502  1620   407
  1144   267  2127   409   125  2445   478   684   973   871  1034  2455   273  2064   896   394  1587   348  2295     0   701   528   109   611   912   785    76   325   602   869  2285
  1373   437  2274   671   637  2677  1117   435   960   280   915  2587   573  2154   429   430  1712   924  2575   701     0   806   691   188   739  1300   714   725   104   956  2454
   639   578  1615   153   419  1962   514   477   474   798   571  1942   739  1542   714   391  1066   863  1830   528   806     0   631   842   511   520   604   842   714   350  1780
  1253   258  2235   505   216  2554   564   739  1066   889  1119  2563   185  2171   935   448  1694   273  2403   109   691   631     0   574   989   887    42   216   597   968  2393
  1449   349  2382   693   578  2769  1066   562  1076   467  1051  2700   425  2273   606   451  1819   778  2654   611   188   842   574     0   878  1297   605   566   179  1049  2559
   742   806  1550   532   787  1972  1024   317   255   554   176  1856  1014  1420   387   557   995  1258  1894   912   739   511   989   878     0   970   978  1160   700   335  1732
   593   972  1487   631   746  1729   374   997   817  1318   957  1807  1057  1480  1232   870  1032  1000  1555   785  1300   520   887  1297   970     0   847  1092  1201   673  1618
  1220   278  2202   483   196  2518   523   738  1047   903  1104  2530   226  2141   941   446  1663   280  2366    76   714   604    42   605   978   847     0   252   618   944  2360
  1468   362  2450   708   424  2770   750   882  1262   968  1303  2778   160  2384  1047   604  1907   223  2618   325   725   842   216   566  1160  1092   252     0   650  1172  2609
  1297   340  2215   575   534  2610  1014   385   905   321   874  2532   493  2102   437   331  1652   840  2502   602   104   714   597   179   700  1201   618   650     0   888  2393
   427   865  1334   464   752  1722   818   529   146   839   284  1656  1052  1237   694   627   772  1210  1620   869   956   350   968  1049   335   673   944  1172   888     0  1509
  1143  2353   186  1929  2192   301  1985  2019  1495  2286  1562   201  2518   367  2113  2131   742  2578   407  2285  2454  1780  2393  2559  1732  1618  2360  2609  2393  1509     0
DEPOT_SECTION
0
-1
EOF
    