
NAME : CVS-61-7
COMMENT : CVS
TYPE : RDVRP-TW
DIMENSION : 61
CAPACITY : 100
EDGE_WEIGHT_TYPE : EXPLICIT
EDGE_WEIGHT_FORMAT : FULL_MATRIX 
NODE_COORD_SECTION
  0 -78.8465283000 35.7910400000
  1 -78.8444798000 35.7972829000
  2 -78.8543921000 35.7824705000
  3 -78.8429034000 35.8029700000
  4 -78.8347035000 35.7889540000
  5 -78.8625473000 35.7858754000
  6 -78.8631161000 35.7898140000
  7 -78.8326810000 35.7793565000
  8 -78.8455543000 35.7839090000
  9 -78.8575724000 35.8019295000
 10 -78.8362715000 35.7805555000
 11 -78.8627460000 35.7825871000
 12 -78.8538477000 35.7975266000
 13 -78.8569743000 35.7778597000
 14 -78.8579955000 35.7874394000
 15 -78.8535965000 35.7883775000
 16 -78.8500208000 35.8024779000
 17 -78.8561785000 35.8042948000
 18 -78.8621194000 35.7927868000
 19 -78.8459747000 35.7781954000
 20 -78.8497996000 35.7890631000
 21 -78.8413470000 35.7790940000
 22 -78.8475993000 35.7983796000
 23 -78.8625655000 35.7839439000
 24 -78.8402865000 35.7792150000
 25 -78.8558895000 35.7819576000
 26 -78.8605635000 35.7790071000
 27 -78.8331620000 35.7847255000
 28 -78.8337635000 35.7844350000
 29 -78.8621804000 35.7878157000
 30 -78.8347268000 35.7794786000
 31 -78.8348670000 35.7807120000
 32 -78.8504143000 35.8012100000
 33 -78.8603447000 35.7854166000
 34 -78.8546827000 35.7778360000
 35 -78.8593664000 35.7849150000
 36 -78.8415634000 35.7785370000
 37 -78.8493945000 35.7856207000
 38 -78.8593213000 35.8002439000
 39 -78.8380238000 35.8002532000
 40 -78.8550465000 35.7835796000
 41 -78.8434565000 35.7775570000
 42 -78.8488749000 35.7927892000
 43 -78.8406380000 35.7775485000
 44 -78.8417156000 35.7982362000
 45 -78.8427990000 35.7777885000
 46 -78.8386690000 35.7838015000
 47 -78.8548426000 35.7851572000
 48 -78.8463143000 35.7839446000
 49 -78.8358805000 35.7801435000
 50 -78.8368935000 35.7780520000
 51 -78.8339335000 35.7870650000
 52 -78.8548351000 35.7810699000
 53 -78.8414072000 35.8029317000
 54 -78.8466566000 35.7852897000
 55 -78.8417625000 35.7794140000
 56 -78.8380125000 35.7898175000
 57 -78.8618650000 35.7882455000
 58 -78.8402255000 35.7783945000
 59 -78.8621156000 35.7825858000
 60 -78.8337045000 35.7822445000
TIME_WINDOW_SECTION
  0      0  36000
  1      0  32035
  2      0  32344
  3      0  31629
  4      0  33059
  5      0  31939
  6  30398  33560
  7      0  30834
  8  17285  19285
  9      0  30899
 10      0  32251
 11   8394  10394
 12  22502  26172
 13      0  31821
 14   7394  11238
 15      0  33716
 16  17991  19991
 17      0  30555
 18      0  31600
 19      0  32784
 20      0  34129
 21      0  32488
 22      0  31358
 23      0  31622
 24      0  32566
 25      0  32408
 26      0  31819
 27      0  32301
 28   4398   6572
 29      0  31965
 30      0  32036
 31      0  31888
 32      0  32475
 33      0  32029
 34      0  31259
 35      0  31982
 36      0  32602
 37      0  33955
 38      0  31242
 39  14985  16985
 40      0  32524
 41      0  32610
 42      0  33459
 43      0  32304
 44  18958  21044
 45      0  32642
 46  20903  25111
 47      0  32290
 48      0  33688
 49      0  32076
 50      0  32030
 51      0  32582
 52  25223  27223
 53  29559  32957
 54      0  34035
 55      0  32581
 56   9137  11137
 57      0  31872
 58      0  32450
 59      0  31562
 60      0  31639
DEMAND_SECTION
  0      0
  1     14
  2     19
  3     14
  4      5
  5     18
  6     15
  7     14
  8     18
  9     21
 10     12
 11     16
 12      7
 13     14
 14     20
 15     21
 16     22
 17     10
 18      8
 19     11
 20     12
 21     18
 22     12
 23     27
 24     29
 25     27
 26     27
 27     17
 28      5
 29     10
 30     17
 31      8
 32     10
 33      8
 34     29
 35     29
 36     30
 37     20
 38     20
 39     27
 40     24
 41     30
 42     16
 43     11
 44     22
 45      8
 46     11
 47     28
 48      7
 49     29
 50     24
 51      7
 52     24
 53      8
 54     25
 55     11
 56     18
 57     15
 58     22
 59     12
 60     10
SERVICE_TIME_SECTION
  0      0
  1   1000
  2   1000
  3   1000
  4   1000
  5   1000
  6   1000
  7   1000
  8   1000
  9   1000
 10   1000
 11   1000
 12   1000
 13   1000
 14   1000
 15   1000
 16   1000
 17   1000
 18   1000
 19   1000
 20   1000
 21   1000
 22   1000
 23   1000
 24   1000
 25   1000
 26   1000
 27   1000
 28   1000
 29   1000
 30   1000
 31   1000
 32   1000
 33   1000
 34   1000
 35   1000
 36   1000
 37   1000
 38   1000
 39   1000
 40   1000
 41   1000
 42   1000
 43   1000
 44   1000
 45   1000
 46   1000
 47   1000
 48   1000
 49   1000
 50   1000
 51   1000
 52   1000
 53   1000
 54   1000
 55   1000
 56   1000
 57   1000
 58   1000
 59   1000
 60   1000
TRUCK_EDGE_WEIGHT_SECTION
     0  1678  2925  2780  2196  3244  2411  5039  2484  3585  3605  3690  1965  3449  2984  1459  2394  3929  2874  2679  1041  2975  2488  3560  2898  2861  3451  2954  2904  2562  3820  3968  1935  3154  4010  3200  2860  1484  3241  2885  2745  2852   984  3159  2751  2821  3206  2521  2569  3780  4379  2672  3062  2929  2221  2881  2086  2655  3012  3620  3449
  2965     0  4461  1996  3802  4780  3948  6182  4020  2860  4748  5226  2204  4985  4520  2995  1610  2449  4410  4215  2578  4511  1704  5096  4434  4398  4988  4560  4511  4099  4964  5111  1150  4690  5546  4736  4396  3019  4778  1432  4281  4389  1885  4695  1165  4358  4812  4058  4105  4924  5521  4280  4599  2145  3758  4418  3692  4191  4549  5156  5055
  2656  3722     0  4825  4241  2660  1828  4246  2084  3250  2811  3106  4010   824  2400  1759  4439  3594  2290  2279  2184  2575  4532  2976  2498   556  1309  3792  3742  1978  3028  3175  3980  2570  1386  2616  2460  2198  2906  4930   208  2452  2549  2759  4796  2421  3454   838  2169  2988  3585  3951   255  4974  1821  2481  4131  2071  2612  3036  3420
  3371  2354  4868     0  4209  5186  4354  6589  4425  2249  5154  5632  2610  5390  4926  3401   999  1838  4816  4621  2984  4918  1588  5502  4839  4804  5392  4966  4916  4505  5369  5518  1556  5096  5952  5142  4802  3425  5182   920  4688  4795  2291  5101  1506  4762  5219  4462  4511  5329  5928  4685  5005   149  4164  4824  4099  4598  4955  5562  5461
  1941  2995  4290  4098     0  4609  3776  2842  3285  4950  1409  5055  3282  4812  4349  2824  3711  4550  4239  2640  2406  1840  3806  4925  1761  4226  4815   758   708  3928  1624  1771  3252  4519  5375  4565  2314  2848  4606  2201  4110  2306  2351  2014  1934  2275  1010  3886  3371  1584  2182   478  4428  4248  3024  2335  1438  4020  1878  4985  1252
  3061  3380  1962  4482  3899     0  1485  5425  3262  2908  3990  1208  3668  2485   660  1416  4096  3251  1948  3458  1841  3754  4190  1078  3676  1898  2488  4656  4606  1635  4206  4354  3638   671  3048   718  3639  3115  2564  4588  1782  3631  2206  3938  4454  3600  4909  1558  3348  4166  4764  4376  2099  4631  3000  3660  3789  1729  3791  1138  4599
  2936  3255  1838  4359  3775  1106     0  5300  3138  2784  3866  1552  3544  2361   846  1292  3972  3128   462  3334  1716  3629  4066  1422  3551  1774  2364  4532  4482   425  4081  4229  3512  1016  2922  1062  3514  2991  2439  4464  1658  3508  2081  3812  4329  3475  4784  1434  3224  4041  4640  4251  1975  4508  2876  3535  3665   518  3666  1482  4474
  4166  5412  4230  6515  2812  6106  5274     0  3594  6954  1679  6552  5700  4752  5845  4488  6130  7298  5736  2949  4076  2149  6224  6422  2070  4165  4755  2659  2610  5424  1894  2041  5670  6015  5314  6062  2622  3708  6610  5014  4049  2615  4719  2322  4746  2584  2320  4282  3680  1854  1198  2819  4366  6665  3332  2644  4250  5516  2186  6481  2286
  1226  2472  2376  3575  2991  3672  2840  3931     0  4014  2496  4119  2760  2899  3412  1548  3190  4358  3302  1964  1136  2260  3284  3989  2181  2312  2901  3478  3428  2991  2711  2860  2730  3582  3461  3629  2145   768  3670  3681  2196  2138  1779  2444  3546  2105  3139  2430    86  2671  3270  3469  2514  3725   261  2166  2882  3084  2298  4049  3105
  4101  4420  3250  2252  4939  3569  2736  6712  4550     0  5279  4015  4708  3772  3309  2458  1588   504  3199  4746  2881  5041  2941  3885  4964  3186  3775  5696  5648  2888  5494  5641  1712  3479  4335  3525  4926  4156   344  5629  3070  4919  2822  5225  3204  4888  5949  2845  4635  5454  6052  5416  3388  2402  4289  4948  4829  2980  5079  3945  6191
  2749  3995  2811  5098  1395  4688  3855  1734  2176  5535     0  5134  4282  3335  4428  3070  4711  5880  4319  1531  2659   731  4806  5005   652  2748  3338  1241  1192  4006   324   362  4252  4598  3896  4644  1205  2290  5191  3595  2631  1198  3301   905  3328  1166   902  2865  2261   284  1074  1400  2949  5246  1915  1226  2832  4099   769  5064   869
  3508  3826  2409  4929  4345  1208  1931  5871  3709  3354  4438     0  4114  2931  1099  1862  4542  3698  2394  3904  2288  4200  4638   335  4122  2344  2934  5102  5054  1584  4652  4800  4084   538  3494   669  4085  3562  3010  5035  2229  4078  2652  4384  4900  4046  5355  2004  3794  4612  5211  4822  2546  5078  3448  4106  4235  1676  4238   144  5045
  2494  1476  3990  2580  3331  4309  3476  5711  3549  4650  4276  4755     0  4514  4049  2524  2194  3032  3939  3744  2106  4040  2288  4625  3962  3926  4516  4089  4040  3628  4492  4640  1735  4219  5075  4265  3925  2549  4306  2995  3810  3918  1414  4224  2551  3886  4341  3586  3634  4452  5050  3809  4128  2729  3286  3946  3221  3720  4078  4685  4584
  3179  4245   824  5348  4764  3182  2350  4769  2606  3772  3335  3629  4532     0  2922  2282  4961  4116  2812  2802  2706  3098  5056  3499  3020   588  1255  4315  4266  2501  3550  3698  4502  3092   561  3139  2982  2720  3429  5454   962  2976  3071  3281  5319  2944  3976  1360  2692  3510  4109  4475   569  5496  2345  3004  4654  2594  3135  3559  3942
  2801  3120  1702  4222  3639   660  1225  5165  3001  2648  3730  1099  3408  2225     0  1156  3836  2991  1688  3198  1581  3494  3930   969  3415  1638  2228  4396  4346  1375  3945  4094  3378   562  2786   430  3379  2855  2304  4328  1521  3371  1946  3678  4194  3339  4648  1298  3088  3905  4504  4115  1839  4371  2740  3400  3529  1469  3531  1029  4339
  1284  2421  2801  3525  2941  3120  2288  4501  2338  3460  3066  3566  2710  3324  2860     0  3139  3804  2750  2534   418  2830  3232  3436  2751  2736  3326  3699  3649  2438  3281  3429  2680  3030  3886  3076  2714  1338  3116  3630  2621  2708  1249  3012  3496  2675  3950  2396  2424  3241  3840  3418  2938  3674  2076  2735  2831  2530  2866  3496  4192
  2885  1868  4381   962  3722  4700  3868  6102  3940  1581  4669  5148  2125  4905  4440  2915     0  1170  4331  4135  2498  4431  1650  5018  4354  4318  4908  4480  4431  4019  4884  5031  1071  4610  5466  4656  4316  2940  4698  1882  4201  4309  1805  4615  1914  4278  4732  3978  4025  4844  5442  4200  4519  1111  3679  4338  3612  4111  4469  5076  4975
  4445  2748  3594  1841  5282  3912  3080  7056  4894   504  5622  4359  3004  4116  3652  2801  1176     0  3542  5090  3225  5385  2530  4229  5308  3530  4119  6040  5991  3231  5838  5985  1950  3822  4679  3869  5270  4500   688  2761  3414  5262  2685  5569  2792  5231  6292  3190  4980  5798  6396  5760  3731  1990  4632  5291  5172  3324  5422  4289  6535
  3400  3718  2300  4821  4238  1569   462  5764  3600  3246  4329  2015  4006  2824  1309  1755  4435  3590     0  3796  2179  4092  4529  1885  4014  2236  2826  4995  4945   888  4544  4691  3975  1479  3385  1525  3976  3454  2902  4926  2120  3970  2545  4275  4792  3938  5246  1896  3686  4504  5102  4714  2438  4970  3339  3998  4128   980  4130  1945  4936
  2216  3462  2279  4565  2665  4155  3322  2966  1644  5002  1531  4601  3750  2802  3895  2538  4179  5346  3786     0  2126  1295  4272  4472  1216  2215  2805  2512  2462  3474  1746  1894  3720  4065  3364  4111  1179  1758  4659  4671  2099  1172  2769  1478  4536  1140  2172  2332  1729  1706  2305  2671  2416  4714  1382  1200  3871  3566  1332  4531  2139
   871  1838  2218  2941  2358  2536  1704  4089  1926  2876  2655  2982  2126  2740  2276   418  2555  3220  2166  2122     0  2418  2649  2852  2340  2152  2742  3115  3065  1854  2870  3018  2096  2446  3302  2492  2302   926  2532  3046  2038  2295   665  2601  2912  2264  3366  1812  2012  2830  3429  2834  2354  3090  1665  2324  2248  1948  2455  2912  3262
  2512  3758  2575  4861  1864  4451  3619  2165  1939  5299   731  4898  4046  3098  4191  2834  4475  5642  4081  1295  2422     0  4569  4768   289  2511  3100  1711  1661  3770   946  1094  4016  4361  3660  4408   146  2054  4955  4065  2395   489  3064   541  3798   338  1372  2629  2025   906  1505  1870  2712  5010  1678   398  3301  3862   405  4828  1339
  3642  2625  5139  1655  4480  5458  4625  6860  4696  2520  5425  5904  2881  5661  5198  3671  1270  2109  5088  4892  3255  5189     0  5774  5110  5074  5664  5238  5188  4775  5640  5788  1828  5368  6224  5414  5072  3696  5454  1522  4959  5066  2562  5371  1078  5034  5489  4734  4782  5600  6199  4956  5275  1805  4435  5094  4370  4869  5226  5834  5731
  3378  3696  2279  4799  4215  1078  1801  5741  3579  3224  4308   335  3984  2801   969  1734  4412  3568  2264  3775  2158  4070  4508     0  3992  2215  2804  4972  4924  1952  4522  4670  3954   408  3364   539  3955  3432  2880  4905  2099  3948  2522  4254  4770  3916  5225  1874  3664  4482  5081  4692  2416  4949  3318  3976  4105  2045  4108   264  4915
  2434  3680  2498  4782  1786  4374  3541  2088  1861  5221   652  4820  3968  3020  4112  2755  4398  5565  4004  1216  2344   289  4491  4690     0  2432  3022  1634  1584  3691   868  1016  3938  4282  3581  4330   435  1975  4878  3988  2316   882  2986   252  3720   851  1295  2550  1948   828  1426  1792  2634  4932  1600   911  3224  3784   115  4749  1261
  2592  3658   556  4761  4178  2595  1762  4182  2019  3186  2748  3041  3946   588  2335  1695  4375  3530  2226  2215  2119  2511  4469  2912  2432     0  1245  3729  3679  1914  2962  3110  3915  2505  1149  2551  2395  2132  2841  4866   375  2389  2484  2694  4731  2356  3389   772  2105  2922  3521  3888   692  4910  1758  2416  4068  2006  2549  2971  3355
  3181  4248  1309  5350  4766  3185  2352  4771  2609  3775  3338  3631  4535  1255  2925  2285  4964  4119  2815  2805  2709  3100  5059  3501  3022  1245     0  4318  4269  2504  3552  3700  4505  3095  1818  3141  2985  2722  3431  5456  1129  2979  3074  3284  5321  2946  3979  1362  2695  3512  4111  4478  1446  5499  2348  3006  4656  2596  3138  3561  3945
  2699  3752  3804  4855   758  5366  4534  2726  3168  5708  1291  5812  4040  4326  5106  3581  4470  5308  4996  2522  3164  1722  4564  5682  1645  3740  4329     0    50  4685  1506  1654  4010  5276  4889  5322  2196  3282  5364  2959  3624  2190  3109  1896  2691  2158   892  3858  3254  1466  2065   764  3941  5005  2906  2219  2195  4778  1760  5742  1135
  2649  3702  3754  4806   708  5316  4485  2676  3119  5658  1241  5764  3991  4278  5056  3531  4420  5259  4948  2474  3114  1672  4514  5634  1595  3690  4280    50     0  4635  1458  1605  3960  5226  4839  5274  2148  3232  5314  2909  3574  2140  3059  1848  2641  2108   842  3808  3204  1418  2015   714  3891  4955  2856  2169  2145  4728  1710  5692  1085
  3035  3354  1936  4456  3872  1205   428  5399  3236  2881  3964  1651  3641  2459   944  1390  4070  3225   890  3431  1815  3728  4165  1521  3650  1871  2461  4630  4581     0  4180  4328  3611  1114  3021  1161  3612  3089  2538  4562  1756  3605  2180  3911  4428  3574  4882  1531  3321  4140  4739  4350  2072  4605  2975  3634  3762    92  3765  1580  4572
  2964  4210  3028  5312  1610  4904  4071  1949  2391  5751   324  5350  4498  3550  4642  3285  4928  6095  4534  1746  2874   946  5021  5220   868  2962  3552  1456  1408  4221     0   181  4468  4812  4111  4860  1420  2505  5408  3810  2846  1412  3516  1120  3544  1381  1118  3080  2478   206  1289  1616  3164  5462  2130  1441  3048  4314   984  5279  1084
  3112  4358  3175  5461  1758  5051  4219  2098  2539  5899   362  5498  4646  3698  4791  3434  5075  6242  4681  1894  3021  1094  5169  5368  1016  3110  3700  1605  1555  4369   181     0  4615  4961  4260  5008  1568  2652  5555  3959  2995  1561  3664  1268  3691  1529  1265  3229  2625   388  1436  1764  3311  5610  2278  1589  3195  4461  1131  5428  1231
  2525  1508  4021  1582  3362  4340  3508  5742  3579  1701  4308  4786  1764  4544  4080  2555  1196  2035  3970  3775  2138  4071  1290  4656  3992  3958  4546  4120  4070  3659  4522  4671     0  4250  5106  4296  3956  2579  1358  1998  3841  3949  1445  4255  1552  3916  4372  3616  3665  4482  5081  3840  4159  1731  3318  3978  3252  3751  4109  4716  4615
  2971  3290  1872  4392  3809   671  1395  5335  3171  2818  3900   538  3578  2395   562  1326  4006  3161  1858  3368  1751  3664  4100   408  3585  1808  2398  4566  4516  1545  4115  4264  3548     0  2956   132  3549  3025  2474  4498  1691  3541  2116  3848  4364  3509  4819  1468  3258  4075  4674  4285  2009  4541  2910  3570  3699  1639  3701   466  4509
  3741  4806  1386  5910  5326  3745  2912  5331  3168  4335  3896  4191  5095   561  3484  2844  5524  4679  3375  3364  3268  3660  5618  4061  3581  1149  1818  4878  4828  3062  4111  4260  5065  3654     0  3701  3545  3282  3991  6015  1525  3538  3634  3844  5881  3505  4539  1921  3254  4071  4670  5036  1131  6059  2906  3566  5216  3155  3698  4120  4505
  3018  3336  1919  4439  3855   718  1441  5381  3219  2864  3946   669  3624  2441   430  1372  4052  3208  1904  3414  1798  3710  4148   539  3632  1854  2444  4612  4564  1592  4162  4310  3594   132  3004     0  3595  3071  2520  4545  1739  3588  2162  3894  4410  3556  4865  1514  3304  4122  4721  4332  2055  4588  2958  3616  3745  1685  3748   599  4555
  2398  3642  2460  4746  2339  4336  3504  2640  1824  5184  1205  4782  3931  2982  4076  2719  4360  5528  3966  1179  2306   146  4454  4652   435  2395  2985  2185  2136  3654  1420  1568  3900  4246  3545  4292     0  1938  4840  4540  2280   398  2949   702  4718   246  1846  2514  1910  1380  1979  2345  2596  4895  1562   308  4052  3748   551  4712  1812
  1045  2291  2170  3394  2810  3491  2659  3725  1562  3832  2290  3938  2579  2694  3231  1366  3008  4176  3121  1758   955  2054  3102  3808  1976  2106  2696  3271  3221  2810  2506  2654  2549  3401  3255  3448  1939     0  3488  3500  1990  1931  1598  2238  3365  1900  2932  2224  1648  2466  3065  3288  2308  3542  1301  1960  2700  2902  2091  3868  2899
  3758  4076  2906  5179  4595  3225  2392  6369  4206   344  4935  3671  4364  3429  2965  2112  1771   688  2855  4401  2538  4698  4886  3541  4620  2841  3431  5352  5304  2544  5150  5298  1369  3135  3991  3181  4582  3811     0  5285  2726  4575  2479  4881  5150  4544  5605  2501  4291  5110  5709  5072  3042  5328  3945  4604  4485  2636  4735  3601  5848
  2590  1432  4939   920  2196  5258  4426  5040  4498  3228  3605  5705  3589  5462  4998  3472  1978  2816  4889  4694  3055  4036  1522  5575  3959  4875  5465  2954  2905  4576  3820  3968  2535  5168  6024  5215  4510  3498  5255     0  4759  4504  3270  4210   841  4471  3206  4535  4584  3780  4379  2674  5076   771  4236  4532  2086  4669  4074  5634  3449
  2476  3541   208  4645  4061  2480  1648  4066  1902  3070  2631  2926  3830   962  2219  1579  4259  3414  2110  2099  2002  2395  4352  2796  2316   375  1129  3612  3562  1798  2846  2995  3800  2389  1525  2436  2280  2018  2726  4750     0  2272  2369  2579  4616  2240  3274   656  1989  2806  3405  3771   462  4794  1641  2301  3951  1890  2432  2855  3240
  2390  3636  2452  4739  2331  4329  3496  2632  1818  5176  1198  4775  3924  2976  4069  2711  4352  5520  3959  1172  2300   489  4446  4645   882  2389  2979  2179  2129  3648  1412  1561  3894  4239  3538  4285   398  1931  4832  4532  2272     0  2942   385  4710   359  1840  2506  1902  1372  1971  2338  2590  4888  1555   419  4045  3740   521  4705  1806
  1541  1171  2571  2274  2379  2890  2058  4759  2596  2762  3324  3338  1459  3095  2630  1105  1889  2726  2521  2791   688  3088  1982  3208  3010  2508  3098  3136  3088  2209  3540  3688  1429  2800  3656  2848  2972  1595  2419  2690  2391  2965     0  3271  2245  2934  3389  2168  2681  3500  4098  2856  2709  2424  2334  2994  2269  2301  3125  3266  3631
  2696  3941  2759  5045  2039  4635  3802  2340  2122  5482   905  5081  4230  3281  4375  3018  4659  5826  4265  1478  2605   541  4752  4951   252  2694  3284  1886  1836  3952  1120  1268  4199  4545  3844  4591   702  2236  5139  4240  2579   385  3248     0  3972   664  1546  2812  2209  1080  1679  2045  2895  5194  1861   724  3476  4045   136  5011  1512
  2322  1165  5401  1506  1929  5720  4888  4772  4960  2782  3338  6168  3145  5925  5460  3935  1532  2371  5351  5155  3518  3769  1078  6038  3691  5338  5928  2688  2638  5039  3552  3701  2091  5630  6486  5676  4242  3960  5718   841  5221  4236  2825  3944     0  4204  2939  4998  5045  3512  4111  2406  5539  1358  4699  4265  1819  5131  3806  6096  3181
  2358  3604  2421  4706  2300  4298  3465  2600  1785  5145  1166  4744  3891  2944  4036  2679  4321  5489  3928  1140  2268   338  4415  4614   851  2356  2946  2146  2098  3615  1381  1529  3861  4206  3505  4254   246  1899  4800  4500  2240   359  2910   664  4678     0  1808  2474  1871  1341  1940  2305  2558  4856  1524   268  4012  3708   966  4672  1774
  3350  4028  3412  5131  1032  5289  4456  2335  2776  5982   900  5735  4316  3935  5029  3671  4745  5584  4919  2131  3260  1331  4839  5605  1254  3349  3938   880   830  4606  1115  1262  4285  5199  4498  5245  1805  2891  5639  3234  3232  1799  3384  1505  2966  1766     0  3466  2862  1075  1674  1039  3550  5280  2515  1828  1039  4700  1369  5665   744
  2710  3318   838  4420  3836  2255  1422  4300  2136  2845  2865  2701  3605  1360  1995  1355  4035  3189  1885  2332  1779  2629  4129  2571  2550   772  1362  3846  3796  1574  3080  3229  3575  2165  1921  2211  2514  2251  2501  4526   656  2506  2144  2812  4391  2474  3508     0  2222  3040  3639  4314   974  4570  1875  2535  3726  1666  2666  2631  3474
  1312  2559  2462  3661  3078  3759  2926  4018    86  4099  2582  4205  2846  2985  3499  1634  3275  4442  3389  2050  1222  2346  3369  4075  2268  2398  2988  3562  3514  3076  2798  2945  2816  3669  3548  3715  2230   854  3755  3766  2282  2224  1865  2529  3632  2191  3224  2516     0  2758  3356  3555  2599  3810   348  2252  2968  3170  2384  4135  3191
  2924  4170  2988  5272  1570  4864  4031  1909  2351  5711   284  5310  4458  3510  4602  3245  4888  6055  4494  1706  2834   906  4981  5180   828  2922  3512  1416  1368  4181   206   388  4428  4772  4071  4820  1380  2465  5368  3771  2806  1372  3476  1080  3504  1341  1078  3040  2438     0  1249  1576  3124  5422  2090  1401  3008  4274   944  5239  1044
  2970  4216  3032  5319  1615  4909  4076  1348  2396  5756   481  5355  4504  3555  4649  3291  4932  6100  4539  1752  2880   951  5026  5225   874  2969  3558  1462  1412  4228   698   845  4474  4819  4118  4865  1426  2511  5412  3816  2852  1419  3522  1126  3549  1386  1124  3086  2482   658     0  1621  3170  5468  2135  1448  3052  4320   989  5285  1090
  2418  3471  3928  4575   478  5086  4254  2850  3292  5426  1415  5532  3760  4450  4825  3300  4189  5028  4716  2648  2884  1846  4282  5402  1769  3864  4452   765   715  4404  1630  1779  3730  4995  5012  5042  2321  3406  5082  2678  3748  2314  2828  2021  2410  2281  1016  3981  3378  1590  2189     0  4065  4724  3030  2342  1915  4495  1884  5461  1259
  2794  3859   255  4962  4379  2796  1964  4384  2220  3388  2949  3242  4148   569  2536  1896  4576  3731  2428  2416  2320  2712  4670  3114  2634   692  1446  3930  3880  2115  3164  3311  4116  2706  1131  2752  2596  2335  3042  5068   462  2590  2685  2895  4932  2558  3590   974  2306  3124  3722  4089     0  5111  1959  2619  4269  2206  2750  3172  3558
  3520  2502  5016   149  4358  5335  4502  6738  4575  2398  5302  5781  2759  5540  5075  3550  1148  1986  4965  4770  3132  5066  1736  5651  4989  4952  5542  5115  5066  4654  5519  5666  1705  5245  6101  5291  4951  3574  5332   771  4836  4944  2440  5250  1358  4912  5368  4612  4660  5479  6076  4835  5154     0  4312  4972  4248  4744  5104  5711  5610
   965  2211  2115  3314  2730  3411  2579  3670   261  3752  2235  3858  2499  2638  3151  1286  2928  4096  3041  1702   875  1999  3022  3728  1920  2051  2640  3216  3166  2730  2450  2598  2469  3321  3200  3368  1884   506  3408  3420  1935  1876  1518  2181  3285  1844  2876  2169   348  2410  3009  3208  2252  3462     0  1905  2620  2820  2036  3788  2844
  2419  3664  2481  4768  2360  4358  3525  2661  1845  5205  1226  4804  3952  3004  4098  2740  4381  5549  3988  1200  2329   398  4475  4674   911  2416  3006  2208  2158  3675  1441  1589  3922  4268  3566  4314   308  1960  4861  4561  2301   419  2970   724  4739   268  1868  2535  1931  1401  2000  2366  2619  4916  1584     0  4074  3766  1028  4734  1834
  1828  2881  4176  3984  1398  4495  3662  4240  3734  4835  2806  4941  3169  4699  4235  2709  3598  4436  4125  3930  2292  3238  3691  4811  3159  4111  4701  2155  2105  3812  3021  3169  3139  4405  5261  4451  3711  2734  4491  2086  3996  3704  2236  3411  1819  3672  1039  3771  3820  2981  3580  1875  4312  4132  3472  3732     0  3904  3275  4871  2650
  3128  3446  2029  4549  3965  1298   520  5491  3329  2974  4058  1744  3734  2551  1038  1484  4164  3318   982  3525  1908  3820  4258  1614  3742  1965  2554  4722  4674    92  4272  4420  3704  1208  3114  1254  3705  3182  2630  4655  1849  3698  2272  4004  4520  3666  4975  1624  3415  4232  4831  4440  2164  4696  3065  3725  3854     0  3856  1671  4664
  2550  3795  2612  4899  1901  4489  3656  2202  1978  5336   769  4935  4084  3135  4229  2871  4512  5680  4119  1332  2460   405  4606  4805   115  2549  3138  1749  1699  3808   984  1131  4054  4399  3698  4445   551  2091  4992  4102  2432   521  3101   136  3835   966  1410  2666  2062   944  1542  1908  2750  5048  1715  1028  3339  3898     0  4865  1376
  3438  3756  2339  4859  4275  1138  1861  5801  3639  3284  4366   144  4044  2861  1029  1792  4472  3628  2324  3834  2218  4130  4566   264  4051  2274  2864  5032  4982  1441  4581  4730  4014   466  3422   599  4015  3491  2940  4964  2158  4008  2582  4314  4830  3975  5284  1934  3724  4541  5140  4751  2475  5008  3376  4036  4165  1531  4168     0  4975
  3361  4230  3424  5334  1236  5300  4468  2346  2788  6185   911  5746  4519  3946  5040  3682  4948  5786  4930  2142  3270  1342  5041  5616  1264  3359  3949  1082  1034  4618  1126  1274  4489  5210  4509  5256  1816  2901  5841  3436  3244  1810  3586  1516  3169  1778   744  3476  2874  1086  1685  1241  3560  5482  2526  1838  2674  4709  1380  5676     0
DRONE_EDGE_WEIGHT_SECTION
     0   699   998  1334   495   827   627  1400   795  1277  1228  1118   770  1519   584   395  1280  1516   605  1430   251  1344   818   990  1337  1070  1439   861   875   681  1361  1230  1141   809  1501   832  1404   613  1125  1071   889  1505   213  1518   820  1482   857   724   790  1277  1490   643  1152  1337   640  1306   342   647  1427  1106  1090
   699     0  1689   636   994  1433  1075  2043  1489   699  1887  1770   340  2211  1203  1046   612   886   814  2125   936  2028   166  1628  2017  1757  2120  1459  1484  1238  2015  1879   486  1444  2198  1482  2090  1311   628   404  1574  2196   525  2201   146  2171  1516  1403  1486  1934  2159  1202  1845   638  1337  1992   864  1191  2109  1761  1721
   998  1689     0  2320  1031   487   880   893   369  2169   718   315  1676   523   569   658  2233  2430  1184   573   754   621  1789   349   646    80   451   837   807   663   816   764  2091   397   516   330   655   398  1987  2069   126   687  1167   757  1816   682   610   300   346   747   827   922   157  2327   428   587  1021   701   703   292   781
  1334   636  2320     0  1588  2033  1638  2655  2124   535  2507  2383   722  2843  1814  1670   259   494  1329  2760  1568  2658   538  2237  2646  2387  2746  2062  2090  1827  2632  2495   332  2055  2831  2098  2720  1946   660   349  2204  2829  1154  2831   529  2803  2139  2030  2122  2554  2783  1800  2477    53  1973  2623  1475  1778  2737  2376  2332
   495   994  1031  1588     0  1091  1056  1071   692  1667   937  1266  1184  1493   881   704  1605  1877  1097  1270   559  1126  1150  1180  1104  1111  1473   474   504  1028  1055   917  1479  1033  1448  1023  1188   661  1544  1264   967  1311   675  1289  1065  1280   592   861   706   982  1216   212  1157  1575   604  1095   156  1011  1194  1246   748
   827  1433   487  2033  1091     0   439  1340   673  1796  1153   366  1336   917   243   434  1904  2063   770  1060   592  1100  1496   215  1120   503   768  1108  1090   216  1268  1190  1764    97   943   160  1138   493  1604  1835   380  1174   921  1243  1574  1169   924   299   645  1190  1303  1076   609  2049   598  1064  1012   265  1185   367  1157
   627  1075   880  1638  1056   439     0  1630   928  1364  1440   805   923  1351   325   387  1488  1631   333  1445   500  1446  1109   654  1458   915  1207  1251  1247   225  1568  1465  1350   500  1371   563  1494   692  1169  1478   756  1552   620  1606  1221  1541  1131   603   905  1483  1639  1125  1022  1659   793  1408   928   181  1535   805  1385
  1400  2043   893  2655  1071  1340  1630     0   703  2675   191  1195  2170   941  1310  1275  2652  2907  1856   523  1257   331  2189  1240   290   927  1062   598   567  1455    79   172  2519  1243   856  1183   351   940  2525  2335   968   457  1613   364  2128   424   544  1057   726   150   217   859   863  2644   845   346  1182  1477   307  1172   324
   795  1489   369  2124   692   673   928   703     0  2054   512   664  1546   800   609   581  2073  2302  1164   636   595   559  1613   639   559   446   788   474   447   759   641   538  1934   580   759   530   617   239  1887  1840   359   712   996   732  1601   689   259   375    29   556   730   559   472  2123   159   521   715   777   646   641   483
  1277   699  2169   535  1667  1796  1364  2675  2054     0  2505  2161   508  2679  1613  1515   276   268  1031  2676  1460  2611   533  2010  2608  2224  2554  2113  2133  1580  2637  2505   268  1841  2684  1895  2670  1840   198   724  2045  2763  1065  2785   702  2742  2133  1870  2044  2553  2765  1866  2324   587  1895  2573  1524  1531  2697  2160  2360
  1228  1887   718  2507   937  1153  1440   191   512  2505     0  1027  1998   843  1120  1087  2492  2742  1668   453  1074   252  2028  1062   213   759   939   479   442  1265   133    56  2357  1056   764   997   302   750  2351  2194   785   432  1441   374  1978   396   373   867   535    48   280   730   706  2498   656   244  1033  1287   284  1003   212
  1118  1770   315  2383  1266   366   805  1195   664  2161  1027     0  1695   570   569   730  2263  2428  1136   803   868   900  1845   151   930   268   407  1138  1110   582  1117  1075  2122   328   611   289   921   605  1970  2167   310   922  1247  1010  1907   927   917   412   637  1053  1104  1190   343  2396   675   870  1225   631   974    24  1097
   770   340  1676   722  1184  1336   923  2170  1546   508  1998  1695     0  2192  1133  1018   568   758   607  2172   954  2104   245  1546  2100  1735  2077  1616  1634  1123  2131  1999   428  1369  2192  1419  2163  1335   361   646  1553  2256   558  2278   445  2235  1627  1377  1537  2046  2258  1375  1832   749  1388  2065  1035  1074  2189  1691  1857
  1519  2211   523  2843  1493   917  1351   941   800  2679   843   570  2192     0  1067  1178  2752  2943  1673   422  1276   612  2311   710   654   458   187  1182  1144  1126   867   899  2611   851    88   791   593   910  2493  2590   641   518  1689   626  2338   542   959   816   789   843   768  1344   367  2849   915   605  1510  1171   642   561  1010
   584  1203   569  1814   881   243   325  1310   609  1613  1120   569  1133  1067     0   194  1699  1877   614  1124   354  1121  1276   425  1132   615   944   976   965   161  1246  1147  1558   242  1076   286  1168   379  1426  1602   444  1229   684  1281  1342  1218   829   280   585  1162  1313   897   719  1827   486  1082   787   170  1209   562  1079
   395  1046   658  1670   704   434   387  1275   581  1515  1087   730  1018  1178   194     0  1575  1774   583  1169   160  1131  1135   596  1136   720  1075   864   861   325  1218  1105  1433   415  1174   441  1185   345  1337  1439   537  1264   521  1301  1180  1247   755   361   563  1132  1310   746   815  1680   430  1092   599   307  1220   719  1010
  1280   612  2233   259  1605  1904  1488  2652  2073   276  2492  2263   568  2752  1699  1575     0   298  1164  2707  1493  2623   464  2114  2614  2294  2641  2070  2095  1691  2621  2486   142  1936  2748  1985  2683  1877   415   495  2112  2785  1079  2797   558  2761  2120  1936  2068  2540  2762  1813  2390   311  1917  2585  1475  1642  2705  2258  2330
  1516   886  2430   494  1877  2063  1631  2907  2302   268  2742  2428   758  2943  1877  1774   298     0  1299  2929  1711  2858   726  2277  2852  2487  2820  2334  2357  1847  2873  2739   400  2107  2946  2160  2917  2093   465   788  2306  3013  1308  3032   850  2991  2369  2131  2294  2790  3006  2081  2586   546  2144  2820  1741  1798  2942  2426  2589
   605   814  1184  1329  1097   770   333  1856  1164  1031  1668  1136   607  1673   614   583  1164  1299     0  1733   615  1710   816   985  1717  1228  1535  1399  1404   553  1800  1685  1029   823  1687   882  1763   926   836  1206  1058  1834   485  1877   958  1819  1326   891  1146  1714  1892  1221  1332  1355  1012  1672   947   506  1799  1136  1579
  1430  2125   573  2760  1270  1060  1445   523   636  2676   453   803  2172   422  1124  1169  2707  2929  1733     0  1218   203  2248   897   245   563   564   874   834  1233   452   507  2567   970   335   903   173   837  2504  2473   691   120  1628   216  2236   130   683   844   640   441   347  1087   465  2759   790   210  1328  1269   221   784   648
   251   936   754  1568   559   592   500  1257   595  1460  1074   868   954  1276   354   160  1493  1711   615  1218     0  1154  1040   743  1153   823  1190   786   789   480  1208  1085  1352   565  1263   583  1212   383  1292  1318   641  1303   416  1327  1063  1282   718   474   584  1122  1318   630   910  1574   436  1116   444   457  1241   855   969
  1344  2028   621  2658  1126  1100  1446   331   559  2611   252   900  2104   612  1121  1131  2623  2858  1710   203  1154     0  2159   967    43   637   732   699   660  1248   256   305  2485  1005   528   940    63   787  2446  2359   720   189  1550   174  2131   156   534   846   572   238   206   930   558  2654   718    39  1200  1278    89   878   455
   818   166  1789   538  1150  1496  1109  2189  1613   533  2028  1845   245  2311  1276  1135   464   726   816  2248  1040  2159     0  1699  2150  1853  2209  1610  1634  1291  2157  2022   331  1517  2302  1560  2220  1422   470   403  1670  2323   624  2333   213  2299  1656  1496  1608  2076  2297  1355  1945   553  1458  2122  1015  1243  2241  1838  1868
   990  1628   349  2237  1180   215   654  1240   639  2010  1062   151  1546   710   425   596  2114  2277   985   897   743   967  1699     0   994   335   555  1107  1083   431  1164  1106  1973   184   743   162   997   528  1818  2027   286  1015  1108  1095  1767  1015   898   320   611  1093  1173  1126   433  2251   615   934  1125   480  1048   152  1104
  1337  2017   646  2646  1104  1120  1458   290   559  2608   213   930  2100   654  1132  1136  2614  2852  1717   245  1153    43  2150   994     0   666   773   670   631  1263   214   265  2477  1025   570   960    90   792  2444  2343   740   221  1545   186  2118   185   514   860   574   197   183   906   590  2640   718    60  1183  1292    91   908   420
  1070  1757    80  2387  1111   503   915   927   446  2224   759   268  1735   458   615   720  2294  2487  1228   563   823   637  1853   335   666     0   373   909   878   693   849   808  2153   420   461   354   664   475  2039  2140   183   681  1234   760  1886   680   681   358   423   784   843  1001   107  2394   508   606  1101   735   715   245   839
  1439  2120   451  2746  1473   768  1207  1062   788  2554   939   407  2077   187   944  1075  2641  2820  1535   564  1190   732  2209   555   773   373     0  1216  1180   982   985   995  2500   714   260   659   726   848  2364  2508   550   673  1595   778  2252   691   986   718   770   947   909  1346   316  2755   875   717  1471  1030   778   403  1081
   861  1459   837  2062   474  1108  1251   598   474  2113   479  1138  1616  1182   976   864  2070  2334  1399   874   786   699  1610  1107   670   909  1216     0    39  1137   587   451  1941  1021  1119   983   759   616  1976  1738   832   888  1070   848  1537   854   231   814   501   520   756   262   913  2049   510   675   595  1140   754  1115   277
   875  1484   807  2090   504  1090  1247   567   447  2133   442  1110  1634  1144   965   861  2095  2357  1404   834   789   660  1634  1083   631   878  1180    39     0  1126   553   417  1964  1002  1080   962   720   600  1994  1768   805   849  1086   810  1564   815   197   794   475   484   720   293   878  2078   493   635   620  1132   716  1086   244
   681  1238   663  1827  1028   216   225  1455   759  1580  1265   582  1123  1126   161   325  1691  1847   553  1233   480  1248  1291   431  1263   693   982  1137  1126     0  1388  1295  1552   276  1146   340  1292   536  1387  1642   542  1343   740  1402  1381  1334   986   403   733  1306  1445  1055   800  1845   644  1210   923    49  1336   582  1234
  1361  2015   816  2632  1055  1268  1568    79   641  2637   133  1117  2131   867  1246  1218  2621  2873  1800   452  1208   256  2157  1164   214   849   985   587   553  1388     0   137  2487  1171   783  1110   281   880  2484  2316   894   396  1573   311  2104   361   504   988   663    86   179   845   784  2622   788   268  1157  1412   242  1094   310
  1230  1879   764  2495   917  1190  1465   172   538  2505    56  1075  1999   899  1147  1105  2486  2739  1685   507  1085   305  2022  1106   265   808   995   451   417  1295   137     0  2353  1093   820  1035   351   773  2354  2178   826   480  1442   415  1967   444   373   901   562    74   306   708   758  2485   676   299  1020  1315   329  1051   176
  1141   486  2091   332  1479  1764  1350  2519  1934   268  2357  2122   428  2611  1558  1433   142   400  1029  2567  1352  2485   331  1973  2477  2153  2500  1941  1964  1552  2487  2353     0  1795  2607  1843  2545  1736   337   456  1970  2646   939  2659   455  2622  1985  1794  1928  2405  2626  1686  2248   374  1778  2447  1346  1502  2567  2117  2199
   809  1444   397  2055  1033    97   500  1243   580  1841  1056   328  1369   851   242   415  1936  2107   823   970   565  1005  1517   184  1025   420   714  1021  1002   276  1171  1093  1795     0   871    67  1044   410  1651  1843   285  1083   924  1150  1583  1078   833   208   551  1093  1208  1003   526  2069   513   969   964   320  1090   322  1062
  1501  2198   516  2831  1448   943  1371   856   759  2684   764   611  2192    88  1076  1174  2748  2946  1687   335  1263   528  2302   743   570   461   260  1119  1080  1146   783   820  2607   871     0   808   507   889  2500  2571   640   430  1679   538  2321   454   900   815   750   761   680  1292   360  2836   884   523  1474  1190   556   599   936
