
NAME : CVS-31-3
COMMENT : CVS
TYPE : RDVRP-TW
DIMENSION : 31
CAPACITY : 100
EDGE_WEIGHT_TYPE : EXPLICIT
EDGE_WEIGHT_FORMAT : FULL_MATRIX 
NODE_COORD_SECTION
  0 -78.8465283000 35.7910400000
  1 -78.8468074000 35.7797534000
  2 -78.8366171000 35.7813385000
  3 -78.8454305000 35.7777735000
  4 -78.8562964000 35.7800186000
  5 -78.8435827000 35.8014023000
  6 -78.8346670000 35.7833315000
  7 -78.8493419000 35.8036376000
  8 -78.8324580000 35.7834240000
  9 -78.8358825000 35.7807545000
 10 -78.8631015000 35.7862305000
 11 -78.8352870000 35.7839845000
 12 -78.8616268000 35.7812548000
 13 -78.8553258000 35.7987705000
 14 -78.8456231000 35.7787958000
 15 -78.8414475000 35.7789210000
 16 -78.8465618000 35.7782413000
 17 -78.8554585000 35.7802070000
 18 -78.8418375000 35.7824590000
 19 -78.8403206000 35.8012009000
 20 -78.8436855000 35.7774835000
 21 -78.8424010000 35.7787605000
 22 -78.8324950000 35.7864917000
 23 -78.8469784000 35.7993617000
 24 -78.8337225000 35.7871360000
 25 -78.8543435000 35.7825660000
 26 -78.8458171000 35.7804351000
 27 -78.8341965000 35.7861150000
 28 -78.8549091000 35.7822387000
 29 -78.8314265000 35.7778220000
 30 -78.8383749000 35.8019269000
TIME_WINDOW_SECTION
  0      0  36000
  1      0  33188
  2      0  32160
  3      0  32536
  4      0  32131
  5      0  31529
  6      0  31800
  7      0  32206
  8      0  32134
  9      0  31998
 10      0  31884
 11      0  31775
 12      0  31276
 13   3234   5234
 14      0  32864
 15      0  32585
 16  11005  15651
 17      0  32075
 18      0  32866
 19      0  32295
 20      0  32584
 21      0  32696
 22      0  31950
 23      0  31482
 24      0  32556
 25      0  32332
 26      0  33119
 27      0  32404
 28      0  32372
 29      0  31062
 30      0  32149
DEMAND_SECTION
  0      0
  1     12
  2      8
  3     15
  4     23
  5     28
  6     24
  7     28
  8     22
  9      8
 10      7
 11     21
 12     12
 13     17
 14     11
 15      5
 16     14
 17     20
 18     14
 19     25
 20     26
 21     27
 22     28
 23     23
 24     25
 25     24
 26      9
 27     15
 28     13
 29     17
 30      8
SERVICE_TIME_SECTION
  0      0
  1   1000
  2   1000
  3   1000
  4   1000
  5   1000
  6   1000
  7   1000
  8   1000
  9   1000
 10   1000
 11   1000
 12   1000
 13   1000
 14   1000
 15   1000
 16   1000
 17   1000
 18   1000
 19   1000
 20   1000
 21   1000
 22   1000
 23   1000
 24   1000
 25   1000
 26   1000
 27   1000
 28   1000
 29   1000
 30   1000
TRUCK_EDGE_WEIGHT_SECTION
     0  2276  3695  2926  3138  2438  3434  2190  3121  3858  2642  3081  3906  3244  2599  2878  2655  3195  2596  3142  2879  2768  3000  2364  2699  2936  2344  2851  2896  4810  3146
  1812     0  1518  1141  2088  3819  1875  3571  2575  1680  3151  1905  4414  4259   815  1092   254  2145   812  4525  1094   982  2454  3745  2541  1888   231  2305  1846  2632  4528
  2840  1518     0  1361  3114  4846   799  4598  1499   452  4178   829  5440  5285  1326   895  1598  3171  1136  3801  1314  1202  1378  4771  1465  2914  1286  1229  2872  1595  3946
  2464  1141  1361     0  2738  4470  1719  4221  2419  1525  3801  1749  5065  4909   950   489  1221  2795  1036  5175   489   378  2298  4396  2385  2538   910  2149  2498  2476  4866
  2869  2088  3114  2738     0  4694  3471  4446  4171  3278  2271  3501  3534  3121  2411  2689  2466   654  2409  5400  2690  2579  4050  4620  4138   844  2156  3901   802  4229  5402
  3471  4318  5345  4969  5180     0  5546   894  5234  5508  4685  5194  5949  2278  4641  4920  4696  5236  4639   919  4921  4809  5112   640  4811  4979  4386  4964  4939  6460  1232
  3200  1879   841  1722  3475  4981     0  4732  1240  1004  4539   570  5801  5834  1686  1255  1958  3532  1496  3541  1675  1564  1119  4906  1206  3275  1648   970  3234  1956  3688
  2794  3640  4666  4290  4501   985  4869     0  4555  4830  4008  4516  5270  1600  3964  4241  4019  4559  3961  1682  4242  4131  4435  1434  4134  4301  3709  4285  4260  5781  2036
  2866  2586  1549  2430  4182  4680  1288  4432     0  1711  4932   935  6195  5534  2394  1962  2665  4240  2204  3241  2382  2271   464  4606   695  3982  2355   496  3941  2664  3386
  3002  1680   452  1525  3278  5009   961  4760  1662     0  4340   991  5604  5449  1489  1058  1760  3335  1299  3964  1478  1365  1541  4935  1629  3076  1450  1392  3036  1759  4110
  3116  3109  4136  3760  2229  4195  4492  3946  4879  4299     0  4839  1055  2621  3432  3711  3488  2286  3430  4900  3712  3600  4758  4121  4456  2029  3178  4609  1988  5250  4904
  3225  1904   866  1748  3500  4624   605  4376   882  1029  4876     0  6140  5478  1711  1280  1982  3558  1521  3185  1700  1589   762  4550   849  3300  1672   612  3259  1981  3331
  3724  3716  4742  4368  2836  4802  5100  4554  5485  4906  1055  5446     0  3229  4040  4319  4095  2894  4038  5508  4319  4208  5365  4729  5064  2636  3785  5215  2595  5858  5511
  3761  4001  5029  4652  3121  1806  5836  1559  5522  5191  2628  5484  3890     0  4325  4604  4380  3179  4322  2511  4605  4492  5402  1732  5101  2921  4070  5252  2880  6142  2825
  2136   815  1326   950  2411  4142  1682  3895  2382  1489  3474  1712  4738  4582     0   901   894  2469   836  4848   902   790  2262  4069  2349  2210   584  2112  2170  2441  4851
  2415  1092   895   489  2689  4421  1251  4172  1952  1058  3752  1281  5016  4861   901     0  1172  2746   988  4254   440   110  1831  4348  1919  2489   861  1682  2449  2010  4400
  2191   254  1598  1221  2466  4198  1954  3950  2654  1760  3530  1984  4792  4638   894  1172     0  2524   891  4904  1174  1061  2534  4124  2620  2266   310  2384  2225  2711  4906
  2925  2145  3171  2795   654  4751  3529  4504  4229  3335  2328  3559  3591  3179  2469  2746  2524     0  2466  5458  2748  2636  4108  4678  4195   399  2214  3959   299  4286  5460
  2134   812  1136  1036  2409  4140  1492  3892  2192  1299  3471  1522  4735  4580   836   988   891  2466     0  4845   989   878  2072  4066  2160  2208   581  1922  2168  2251  4849
  2705  5144  3810  4692  6005   919  3550  1720  3236  3974  5511  3198  6774  3104  4656  4225  5522  6062  4466     0  4644  4532  3115  1345  2814  5805  5212  2966  5764  4925   630
  2416  1094  1314   489  2690  4422  1671  4174  2371  1478  3754  1701  5016  4861   902   440  1174  2748   989  5128     0   330  2250  4348  2338  2490   862  2101  2449  2429  4819
  2304   982  1202   378  2579  4311  1560  4062  2260  1365  3642  1590  4905  4750   790   110  1061  2636   878  5016   330     0  2139  4236  2226  2379   751  1990  2338  2318  4708
  3050  2476  1439  2320  4072  4864  1178  4616   464  1601  5116   825  6380  5718  2284  1852  2555  4130  2094  3425  2272  2160     0  4790   231  3871  2245   594  3831  2554  3570
  3518  4365  5391  5015  5226   640  5594   940  5280  5554  4732  5240  5995  2324  4688  4966  4744  5284  4685  1345  4968  4856  5159     0  4858  5025  4432  5010  4985  6506  1659
  2444  2518  1480  2361  4114  4258  1219  4010   906  1642  4510   866  5774  5111  2325  1894  2596  4171  2135  2819  2314  2202   231  4184     0  3914  2286   636  3872  2595  2965
  2668  1888  2914  2538   844  4494  3271  4246  3971  3076  2070  3301  3334  2921  2210  2489  2266   399  2208  5199  2490  2379  3850  4420  3938     0  1955  3701   100  4029  5202
  1881   231  1286   910  2156  3888  1644  3640  2344  1450  3220  1674  4482  4328   584   861   310  2214   581  4592   862   751  2222  3814  2310  1955     0  2074  1915  2401  4596
  2596  2316  1279  2160  3912  4410  1018  4162   496  1441  4662   665  5925  5264  2124  1692  2395  3970  1934  2971  2112  2001   548  4336   635  3712  2085     0  3671  2394  3116
  2628  1846  2872  2498   802  4454  3230  4205  3930  3036  2030  3260  3292  2880  2170  2449  2225   299  2168  5159  2449  2338  3809  4379  3896   100  1915  3660     0  3988  5162
  3938  2616  1540  2460  4212  5944  1898  5696  2598  1702  5276  1928  6539  6384  2424  1992  2695  4270  2234  4899  2412  2301  2476  5870  2564  4011  2385  2328  3971     0  5045
  2851  4550  3956  4838  5412  1232  3695  2034  3382  4119  4918  3342  6181  3418  4801  4371  4930  5470  4612   630  4790  4679  3261  1659  2960  5211  4619  3112  5171  5071     0
DRONE_EDGE_WEIGHT_SECTION
     0  1256  1142  1477  1280  1158   965  1406   997  1212   815   890  1227   918  1363  1362  1425  1251   971  1153  1513  1376   726   926   643   987  1181   714  1028  1577  1247
  1256     0   425   227   362  2413   608  2660   679   430   947   641   587  2140   116   224   169   333   355  2399   279   201   924  2183   958   424    85   853   413   625  2488
  1142   425     0   520   761  2248   234  2526   280    71  1135   299   947  2060   444   326   512   725   233  2215   506   361   594  2042   654   684   363   539   699   438  2293
  1477   227   520     0   484  2631   741  2883   799   492  1154   791   728  2366   114   199    68   468   539  2615    74   160  1087  2404  1132   632   297  1021   614   535  2701
  1280   362   761   484     0  2426   897  2642   978   779   737   908   245  2088   428   578   420    38   611  2430   557   547  1150  2181  1161   293   401  1074   253   979  2526
  1158  2413  2248  2631  2426     0  2038   323  2042  2316  1833  1963  2339   513  2518  2504  2581  2400  2110   119  2663  2521  1708   258  1628  2134  2335  1736  2173  2663   195
   965   608   234   741   897  2038     0  2323    84   291  1114    76  1044  1879   654   554   724   860   287  2000   735   587   361  1841   425   746   531   310   773   625  2074
  1406  2660  2526  2883  2642   323  2323     0  2333  2595  2001  2247  2532   583  2769  2767  2829  2618  2373   421  2919  2781  2005   483  1923  2353  2586  2027  2391  2949   434
   997   679   280   799   978  2042    84  2333     0   324  1190   123  1127  1905   717   606   787   940   369  2000   787   641   341  1853   416   830   605   307   857   625  2071
  1212   430    71   492   779  2316   291  2595   324     0  1192   360   977  2130   430   294   493   745   295  2282   470   333   651  2111   715   727   379   600   739   368  2359
   815   947  1135  1154   737  1833  1114  2001  1190  1192     0  1071   557  1425  1058  1153  1087   730   902  1863  1219  1141  1143  1577  1100   524   916  1080   540  1519  1967
   890   641   299   791   908  1963    76  2247   123   360  1071     0  1039  1804   698   610   769   870   299  1925   791   641   298  1765   356   735   561   241   764   701  2000
  1227   587   947   728   245  2339  1044  2532  1127   977   557  1039     0  1964   667   809   664   261   760  2355   802   781  1241  2087  1236   312   606  1165   277  1211  2455
   918  2140  2060  2366  2088   513  1879   583  1905  2130  1425  1804  1964     0  2252  2269  2308  2066  1883   603  2409  2278  1603   308  1518  1804  2071  1608  1840  2495   702
  1363   116   444   114   428  2518   654  2769   717   430  1058   698   667  2252     0   160    71   406   432  2502   164   123   989  2290  1031   534   183   922   521   553  2589
  1362   224   326   199   578  2504   554  2767   606   294  1153   610   809  2269   160     0   209   552   394  2480   181    40   908  2285   960   635   237   846   630   402  2563
  1425   169   512    68   420  2581   724  2829   787   493  1087   769   664  2308    71   209     0   403   503  2566   139   169  1061  2351  1102   565   246   993   546   580  2654
  1251   333   725   468    38  2400   860  2618   940   745   730   870   261  2066   406   552   403     0   573  2403   542   522  1112  2155  1124   266   367  1036   227   953  2498
   971   355   233   539   611  2110   287  2373   369   295   902   299   760  1883   432   394   503   573     0  2087   558   412   570  1891   603   472   271   498   494   650  2171
  1153  2399  2215  2615  2430   119  2000   421  2000  2282  1863  1925  2355   603  2502  2480  2566  2403  2087     0  2643  2499  1662   315  1584  2137  2320  1694  2178  2623   107
  1513   279   506    74   557  2663   735  2919   787   470  1219   791   802  2409   164   181   139   542   558  2643     0   150  1088  2438  1138   696   338  1026   680   470  2728
  1376   201   361   160   547  2521   587  2781   641   333  1141   641   781  2278   123    40   169   522   412  2499   150     0   938  2300   988   620   227   875   612   432  2583
   726   924   594  1087  1150  1708   361  2005   341   651  1143   298  1241  1603   989   908  1061  1112   570  1662  1088   938     0  1528    85   929   840    76   965   966  1732
   926  2183  2042  2404  2181   258  1841   483  1853  2111  1577  1765  2087   308  2290  2285  2351  2155  1891   315  2438  2300  1528     0  1445  1889  2107  1547  1928  2466   420
   643   958   654  1132  1161  1628   425  1923   416   715  1100   356  1236  1518  1031   960  1102  1124   603  1584  1138   988    85  1445     0   925   874   115   964  1040  1655
   987   424   684   632   293  2134   746  2353   830   727   524   735   312  1804   534   635   565   266   472  2137   696   620   929  1889   925     0   400   853    42  1018  2233
  1181    85   363   297   401  2335   531  2586   605   379   916   561   606  2071   183   237   246   367   271  2320   338   227   840  2107   874   400     0   769   398   620  2408
   714   853   539  1021  1074  1736   310  2027   307   600  1080   241  1165  1608   922   846   993  1036   498  1694  1026   875    76  1547   115   853   769     0   890   929  1767
  1028   413   699   614   253  2173   773  2391   857   739   540   764   277  1840   521   630   546   227   494  2178   680   612   965  1928   964    42   398   890     0  1019  2274
  1577   625   438   535   979  2663   625  2949   625   368  1519   701  1211  2495   553   402   580   953   650  2623   470   432   966  2466  1040  1018   620   929  1019     0  2696
  1247  2488  2293  2701  2526   195  2074   434  2071  2359  1967  2000  2455   702  2589  2563  2654  2498  2171   107  2728  2583  1732   420  1655  2233  2408  1767  2274  2696     0
DEPOT_SECTION
0
-1
EOF
    