
NAME : CVS-51-10
COMMENT : CVS
TYPE : RDVRP-TW
DIMENSION : 51
CAPACITY : 100
EDGE_WEIGHT_TYPE : EXPLICIT
EDGE_WEIGHT_FORMAT : FULL_MATRIX 
NODE_COORD_SECTION
  0 -78.8465283000 35.7910400000
  1 -78.8366645000 35.7780285000
  2 -78.8584374000 35.7880318000
  3 -78.8394729000 35.7994966000
  4 -78.8503392000 35.7944270000
  5 -78.8343835000 35.7799935000
  6 -78.8616502000 35.7806436000
  7 -78.8544570000 35.7807686000
  8 -78.8481820000 35.7984078000
  9 -78.8368418000 35.7878694000
 10 -78.8397813000 35.7816692000
 11 -78.8342505000 35.7904060000
 12 -78.8514220000 35.7875176000
 13 -78.8581823000 35.7878949000
 14 -78.8530688000 35.7943345000
 15 -78.8381252000 35.7878240000
 16 -78.8432619000 35.8013603000
 17 -78.8611211000 35.7919911000
 18 -78.8457976000 35.7795762000
 19 -78.8384748000 35.7811357000
 20 -78.8401217000 35.8033139000
 21 -78.8593300000 35.7854244000
 22 -78.8371311000 35.8010178000
 23 -78.8522267000 35.7860092000
 24 -78.8354180000 35.7834990000
 25 -78.8395113000 35.8024721000
 26 -78.8437090000 35.7994786000
 27 -78.8383678000 35.8001808000
 28 -78.8474742000 35.7828905000
 29 -78.8385465000 35.7873795000
 30 -78.8384881000 35.7794858000
 31 -78.8532789000 35.7993633000
 32 -78.8575110000 35.7786257000
 33 -78.8397540000 35.7852080000
 34 -78.8431311000 35.7994492000
 35 -78.8370200000 35.7867545000
 36 -78.8558085000 35.8036378000
 37 -78.8526155000 35.7863690000
 38 -78.8467759000 35.7779018000
 39 -78.8387236000 35.8002494000
 40 -78.8318780000 35.7826595000
 41 -78.8512883000 35.8025679000
 42 -78.8575903000 35.7856613000
 43 -78.8362715000 35.7805555000
 44 -78.8488335000 35.7918778000
 45 -78.8461742000 35.7785603000
 46 -78.8568350000 35.7788181000
 47 -78.8551490000 35.7794480000
 48 -78.8394008000 35.7960090000
 49 -78.8331200000 35.7791700000
 50 -78.8471534000 35.7987465000
TIME_WINDOW_SECTION
  0      0  36000
  1   7598  12404
  2  27605  30265
  3  28494  32212
  4      0  32945
  5      0  31970
  6  27693  31567
  7   3298   5298
  8      0  31331
  9   6420   8420
 10  30025  32025
 11    149   5149
 12      0  33689
 13  14923  16923
 14   5614  11246
 15  28580  30580
 16  15046  19436
 17   3429   8719
 18   1104   4876
 19   2575   6575
 20  21664  24556
 21  23259  26191
 22      0  32308
 23   5611   7611
 24  21573  23573
 25  10852  14640
 26      0  31320
 27  14767  16767
 28   2427   4427
 29  25003  27003
 30      0  32330
 31  20895  22895
 32   8118  11674
 33   6151   9303
 34  30275  32275
 35   7566  13970
 36      0  30585
 37  17859  20987
 38  16400  19730
 39  14300  16300
 40      0  31520
 41  19148  21148
 42  15728  17728
 43  30798  32798
 44  12935  15123
 45  13342  17078
 46   7469   9469
 47      0  31961
 48  22079  25657
 49  26368  28368
 50  13706  15706
DEMAND_SECTION
  0      0
  1     13
  2     13
  3      6
  4     24
  5      9
  6      8
  7     23
  8     10
  9     29
 10     18
 11     15
 12      9
 13     18
 14     24
 15      5
 16     25
 17     13
 18     24
 19     28
 20     21
 21     18
 22     13
 23     23
 24      9
 25     11
 26     25
 27     24
 28     14
 29     12
 30     25
 31     28
 32      5
 33     12
 34     20
 35      5
 36     14
 37     27
 38     12
 39      6
 40     25
 41     17
 42     16
 43     11
 44     17
 45     27
 46     29
 47     27
 48     30
 49     17
 50     12
SERVICE_TIME_SECTION
  0      0
  1   1000
  2   1000
  3   1000
  4   1000
  5   1000
  6   1000
  7   1000
  8   1000
  9   1000
 10   1000
 11   1000
 12   1000
 13   1000
 14   1000
 15   1000
 16   1000
 17   1000
 18   1000
 19   1000
 20   1000
 21   1000
 22   1000
 23   1000
 24   1000
 25   1000
 26   1000
 27   1000
 28   1000
 29   1000
 30   1000
 31   1000
 32   1000
 33   1000
 34   1000
 35   1000
 36   1000
 37   1000
 38   1000
 39   1000
 40   1000
 41   1000
 42   1000
 43   1000
 44   1000
 45   1000
 46   1000
 47   1000
 48   1000
 49   1000
 50   1000
TRUCK_EDGE_WEIGHT_SECTION
     0  3840  2955  2620  1526  3885  3915  3175  2515  2565  3144  2044  1749  2955  2004  2374  2449  3015  2449  3506  3119  3168  2988  2035  3415  3384  2526  2852  1930  2320  3132  2404  3624  3504  2525  3615  3899  2024  2710  2824  3568  2565  3210  3605   860  2634  3306  3308  2059  5012  2485
  2976     0  4626  3558  4071   769  5586  3289  5060  1690   742  1918  2784  4626  4549  1762  4994  4686  1529   751  5664  4839  3925  2499   918  3958  5071  3790  1689  1715   328  4950  3738  1429  5070  1539  6076  2561  1790  3761  1216  5110  4881   489  3405  1714  3420  3421  2996  1328  5030
  2771  3936     0  4034  2939  3981  1301  1922  3928  3979  3634  3458  3091     0  3416  3786  3862  1799  2939  3641  4531   540  4400  2592  4130  4796  3939  4266  2419  3734  3622  2759  2371  4918  3939  5028  2931  2656  3199  4238  4429  3978   304  3701  1794  3124  2054  2055  3471  5109  3898
  2325  3575  4704     0  2885  3621  5664  4924  1284  2301  3555  1779  3498  4704  3362  2109   695  4764  4198  3241   594  4916   368  3784  3150   399   471   232  3679  2056  3544  2739  5372  3239   405  3350  2609  3772  4459   204  3304  1882  4959  3340  2609  4382  5055  5056   562  4748  1254
  2055  4072  3580  2291     0  4119  4541  3800  1875  3261  3770  2740  2375  3580   478  3070  1809  3640  3075  3779  2479  3794  2658  2660  4111  2744  1886  2524  2555  3016  3759  1765  4250  4200  1886  4311  2651  2649  3336  2495  4264  1925  3836  3838  1096  3260  3932  3934  2754  5245  1845
  3030   815  4679  3611  4124     0  5640  3341  5114  1744   795  1970  2836  4679  4601  1815  5048  4739  1581   804  5716  4892  3978  2551   970  4010  5125  3844  1742  1769   784  5002  3791  1481  5124  1592  6130  2615  1842  3815  1269  5162  4935   389  3459  1766  3474  3475  3049  1988  5082
  3732  4896  1301  4994  3900  4942     0  2882  4889  4939  4594  4418  4052  1301  4378  4748  4822  2175  3899  4602  5491   861  5361  3554  5090  5758  4900  5226  3380  4694  4582  3720  3331  5878  4899  5988  3892  3616  4160  5198  5389  4938  1098  4661  2754  4084  3014  3015  4431  6069  4858
  2905  3296  2620  4915  3820  3341  3580     0  4809  4262  2994  4339  2712  2620  4298  4668  4742  2679  2299  3001  5412  2832  5281  1952  3490  5678  4820  5146  1779  4615  2981  3640   675  4001  4819  4111  3812  2016  2559  5118  3789  4859  2875  3061  2675  2482   596   326  4352  4469  4779
  3669  5688  5195  1284  2469  5732  6155  5415     0  4876  5384  4355  3989  5195  2946  4684   802  5255  4689  5392  2021  5408  1651  4275  5725  1684   880  1516  4170  4631  5372  2324  5864  5814   879  5925  2192  4264  4950  1488  5879  1468  5450  5452  2710  4874  5546  5548  1665  6860   104
  2306  1695  4685  2301  3209  1741  5645  4221  4198     0  1675  1888  3716  4685  3686   191  4131  4744  2461  1361  4801  4898  2668  3431  1270  2700  4209  2534  2622   245  1664  4088  4671   754  4208   151  5629  3495  2722  2505  1424  4248  4940  1460  2590  2646  4354  4355  1739  2868  4168
  2681   750  4331  3584  3776   795  5291  2994  4765  1716     0  1944  2488  4331  4254  1789  4699  4391  1234   215  5369  4544  3951  2202   944  3984  4776  3816  1394  1742   436  4654  3442  1455  4775  1565  5781  2266  1494  3788  1242  4815  4586   515  3110  1419  3125  3126  3022  1922  4735
  1789  1939  4168  1784  2691  1984  5128  4388  3680  1865  1919     0  2961  4168  3169  1572  3615  4228  2705  1605  4284  4380  2151  3248  1514  2182  3691  2016  2866  1520  1908  3570  4836  1602  3691  1714  5111  3236  2966  1988  1666  3730  4422  1704  2072  2890  4519  4520  1221  3111  3650
  1311  2791  3468  3500  2405  2836  4428  2685  3395  3758  2489  2924     0  3468  2882  3254  3329  3528  1794  2496  3998  3680  3868   338  2985  4262  3405  3732  1274  3200  2478  3284  3135  3496  3405  3606  4411   275  2054  3704  3284  3444  3722  2556  1740  1979  2816  2819  2938  3964  3364
  2771  3936     0  4034  2939  3981  1301  1922  3928  3979  3634  3458  3091     0  3416  3786  3862  1799  2939  3641  4531   540  4400  2592  4130  4796  3939  4266  2419  3734  3622  2759  2371  4918  3939  5028  2931  2656  3199  4238  4429  3978   304  3701  1794  3124  2054  2055  3471  5109  3898
  2532  4550  4058  2769   478  4596  5019  4278  2352  3739  4248  3218  2852  4058     0  3548  2286  4118  3552  4256  2956  4271  3135  3138  4589  3221  2364  3001  3032  3494  4236  2242  4728  4678  2364  4789  3129  3126  3814  2972  4741  2402  4314  4315  1574  3738  4410  4411  3231  5722  2322
  2115  1768  4492  2109  3018  1812  5452  4294  4006   191  1748  1532  3286  4492  3495     0  3940  4552  2534  1434  4609  4705  2476  3504  1342  2509  4018  2341  2694    54  1736  3895  4742   578  4016   224  5436  3568  2795  2312  1495  4055  4749  1532  2399  2719  4425  4428  1548  2940  3975
  3482  5500  5008   695  2282  5546  5969  5228   802  4689  5198  4168  3802  5008  2760  4498     0  5068  4502  5206  1289  5221  1062  4089  5539  1094   224   928  3984  4444  5186  2138  5678  5628   290  5739  2006  4076  4764   899  5691  1280  5264  5265  2524  4688  5360  5361  1076  6672   772
  3540  4704  1420  4801  3706  4750  2380  2690  4696  4746  4401  4225  3859  1420  4184  4555  4630     0  3706  4410  5299  1632  5169  3360  4898  5564  4708  5034  3186  4501  4390  3528  3139  5685  4706  5795  3700  3424  3968  5005  5196  4745  1675  4469  2561  3891  2821  2822  4239  5876  4665
  1986  1536  3636  4175  3081  1581  4596  2299  4070  2502  1234  2730  1792  3636  3559  2575  4004  3696     0  1241  4674  3849  4542  1508  1730  4939  4081  4408   699  2528  1222  3959  2748  2241  4080  2351  5086  1571   261  4379  2029  4120  3891  1301  2415   185  2430  2431  3614  2709  4040
  2690   759  4339  3281  3784   804  5300  3001  4774  1414   215  1641  2496  4339  4261  1486  4708  4399  1241     0  5376  4552  3649  2211   641  3680  4785  3514  1402  1439   444  4662  3451  1152  4784  1262  5790  2275  1502  3485   940  4822  4595   524  3119  1426  3134  3135  2720  1931  4742
  3709  5728  5235   594  2510  5772  6195  5455  1952  4916  5425  4395  4029  5235  2988  4725  1289  5295  4730  5432     0  5448   685  4315  5766   266  1065   550  4210  4671  5412  2364  5904  5855   999  5965  2232  4304  4990   521  5919  1508  5491  5492  2750  4914  5586  5588  1156  6900  1921
  2985  4149   540  4246  3151  4195   861  2135  4141  4191  3846  3670  3304   540  3629  4000  4075  2011  3151  3855  4744     0  4614  2805  4342  5009  4152  4479  2631  3946  3835  2972  2584  5130  4151  5240  3145  2869  3412  4450  4641  4190   236  3914  2006  3336  2266  2268  3684  5321  4110
  2692  3942  5070   368  3251  3988  6031  5290  1651  2668  3922  2146  3865  5070  3729  2476  1062  5130  4565  3609   685  5284     0  4151  3518   490   839   135  4046  2422  3911  3106  5740  3606   772  3718  2975  4139  4826   164  3670  2250  5326  3708  2976  4750  5422  5424   930  5115  1621
  1596  2506  3290  3786  2691  2551  4251  1952  3680  3472  2202  3210   338  3290  3169  3545  3615  3350  1508  2211  4284  3502  4152     0  2700  4549  3691  4019   989  3486  2191  3570  2402  3210  3691  3321  4484    64  1769  3990  2999  3730  3546  2271  2026  1692  2084  2086  3224  3679  3650
  3181   966  4831  3142  4050  1012  5791  3494  5039  1275   948  1501  2988  4831  4528  1346  4974  4890  1734   632  5642  5044  3510  2702     0  3541  5050  3375  1894  1300   936  4929  3942  1012  5050  1124  6470  2766  1994  3346   558  5089  5086   731  3431  1918  3625  3626  2580  2140  5009
  3975  3974  5500   399  2775  4020  6460  5720  1684  2700  3955  2179  4294  5500  3252  2509  1094  5560  4995  3640   266  5712   490  4580  3550     0   870   355  4475  2455  3942  2629  6169  3639   804  3749  2498  4569  5255   326  3702  1772  5756  3739  3015  5180  5851  5852   961  5146  1652
  3680  3865  5206   471  2480  3910  6166  5426   880  2590  5395  2069  4000  5206  2958  2399   224  5266  4700  5404  1065  5419   839  4286  3440   870     0   704  4181  2345  5384  2335  5875  3529    66  3639  2204  4275  4961   675  3592  1478  5461  3630  2721  4885  5558  5559   852  5038   849
  2558  3808  4936   232  3118  3852  5896  5156  1516  2534  3788  2011  3730  4936  3595  2341   928  4996  4430  3474   550  5149   135  4016  3382   355   704     0  3911  2288  3776  2971  5605  3471   638  3582  2841  4005  4691    29  3535  2115  5191  3572  2841  4615  5288  5289   795  4980  1486
  1468  1696  3116  3656  2561  1742  4076  1779  3550  2664  1394  3080  1274  3116  3039  2735  3485  3176   699  1402  4154  3329  4022   989  1890  4419  3561  3889     0  2689  1382  3440  2229  2401  3561  2512  4568  1052   960  3860  2189  3600  3372  1461  1896   884  1910  1912  3094  2869  3520
  2061  1720  4439  2056  2964  1766  5400  4248  3952   245  1701  1480  3234  4439  3441    54  3886  4499  2488  1386  4556  4652  2422  3456  1296  2455  3964  2288  2648     0  1690  3841  4696   524  3962   276  5382  3520  2748  2259  1449  4002  4695  1485  2345  2671  4379  4380  1494  2892  3922
  2670   329  4319  3572  3765   784  5280  2981  4754  1705   436  1932  2476  4319  4242  1778  4688  4379  1222   444  5356  4532  3940  2191   932  3972  4765  3805  1382  1730     0  4642  3431  1444  4764  1554  5770  2255  1482  3776  1231  4802  4575   504  3099  1406  3114  3115  3011  1501  4722
  2868  4886  3475  2075  1668  4931  4436  3695  1660  4075  4582  3554  3188  3475  2145  3882  1594  3535  3888  4591  2262  3688  2442  3474  4924  2528  1671  2308  3369  3830  4571     0  4145  5012  1670  5124  1818  3462  4149  2279  5078  1709  3731  4651  1909  4072  3826  3829  3568  6059  1629
  3355  3745  3069  5364  4269  3791  4029   675  5259  4712  3442  4788  3161  3069  4746  5118  5192  3129  2748  3451  5861  3281  5731  2402  3939  6126  5270  5596  2229  5064  3431  4090     0  4450  5269  4561  4262  2465  3009  5568  4238  5308  3325  3510  3124  2932   269   451  4801  4918  5228
  3648  1434  5298  3268  4175  1479  6258  3960  5164   754  1414  1626  3455  5298  4652   578  5098  5358  2200  1100  5768  5510  3634  3170  1009  3666  5175  3499  2360   524  1402  5052  4409     0  5174   602  6594  3232  2461  3470  1161  5214  5552  1199  3556  2385  4091  4092  2705  2606  5134
  3679  3864  5205   405  2480  3909  6165  5425   879  2590  5395  2068  3999  5205  2958  2398   290  5265  4700  5402   999  5418   772  4285  3439   804    66   638  4180  2344  5382  2334  5874  3528     0  3639  2202  4274  4960   609  3591  1478  5461  3629  2720  4884  5556  5558   851  5036   849
  3759  1544  5408  3378  4285  1590  6369  4070  5275   151  1524  1738  3565  5408  4762   224  5209  5468  2310  1210  5878  5621  3745  3280  1119  3776  5286  3610  2471   276  1512  5164  4520   602  5285     0  6705  3344  2571  3581  1272  5324  5664  1309  3666  2495  4202  4204  2815  2716  5244
  4415  5828  3592  3030  2622  5872  4554  3812  2614  5622  5524  5100  4735  3592  3100  5430  2025  3652  4829  5532  2238  3806  2921  4484  6471  2502  2625  2786  4310  5378  5512  1762  4262  6560  2624  6671     0  4548  5090  2758  6624  1404  3849  5592  3012  5014  3945  3946  5115  7000  2584
  1585  2569  3354  3775  2680  2615  4314  2016  3669  3536  2266  3199   275  3354  3158  3528  3602  3414  1571  2275  4272  3566  4141    64  2762  4538  3680  4006  1052  3475  2255  3559  2465  3274  3679  3385  4548     0  1832  3978  3062  3719  3610  2334  2014  1756  2148  2149  3212  3742  3639
  2248  1796  3896  4436  3341  1842  4858  2559  4331  2764  1494  2990  2054  3896  3819  2835  4265  3956   261  1502  4934  4109  4804  1769  1990  5199  4342  4669   960  2789  1482  4220  3009  2501  4341  2612  5348  1832     0  4640  2290  4380  4152  1561  2676    76  2691  2692  3874  2970  4300
  2529  3779  4908   204  3089  3824  5868  5128  1488  2505  3759  1982  3701  4908  3566  2312   899  4968  4401  3445   521  5120   164  3988  3354   326   675    29  3882  2259  3748  2942  5576  3442   609  3554  2812  3976  4662     0  3506  2086  5162  3544  2812  4586  5259  5260   766  4951  1458
  3480  1266  5130  3291  4199  1311  6090  3792  5188  1424  1246  1650  3286  5130  4676  1495  5122  5190  2032   931  5791  5342  3659  3002   558  3690  5199  3524  2192  1449  1235  5078  4241  1161  5199  1272  6619  3065  2292  3495     0  5238  5385  1031  3580  2218  3924  3925  2729  2439  5158
  3056  5074  4581  2262  1856  5119  5542  4801  1848  4262  4771  3741  3375  4581  2334  4071  1259  4641  4076  4779  1471  4794  2155  3661  5112  1736  1859  2020  3556  4018  4760  1710  5250  5201  1858  5311  1399  3650  4336  1991  5265     0  4838  4839  2096  4261  4932  4935  3755  6246  1818
  3028  4191   304  4289  3195  4238  1098  2178  4184  4235  3889  3712  3348   304  3672  4042  4118  2054  3194  3898  4788   236  4656  2849  4385  5052  4195  4521  2675  3989  3878  3015  2628  5172  4194  5284  3188  2912  3455  4492  4685  4234     0  3956  2050  3379  2309  2311  3728  5365  4154
  2749   534  4399  3330  3844   389  5359  3061  4832  1462   515  1690  2555  4399  4321  1535  4766  4459  1301   524  5436  4611  3698  2271   690  3729  4844  3562  1461  1488   504  4722  3510  1200  4842  1311  5849  2334  1561  3534   989  4882  4654     0  3178  1486  3192  3194  2768  1708  4802
  1490  3509  2478  2546  1141  3554  3439  2698  2130  2698  3205  2176  1810  2478  1619  2505  2064  2538  2510  3214  2734  2691  2912  2096  3546  2999  2141  2778  1991  2452  3194  2020  3148  3635  2140  3746  2952  2085  2771  2749  3700  2180  2734  3274     0  2695  2830  2831  2190  4681  2100
  2171  1721  3820  4360  3266  1766  4781  2482  4255  2688  1419  2915  1978  3820  3744  2760  4189  3880   185  1426  4858  4034  4728  1692  1915  5124  4266  4592   884  2712  1406  4144  2932  2426  4265  2536  5271  1756    76  4564  2214  4304  4076  1486  2600     0  2615  2616  3798  2894  4224
  3038  3428  2751  5046  3951  3474  3711   596  4941  4394  3125  4470  2844  2751  4429  4800  4875  2811  2430  3134  5544  2964  5414  2084  3621  5809  4951  5279  1910  4746  3114  3771   269  4132  4951  4242  3945  2148  2691  5250  3920  4990  3006  3192  2806  2615     0   372  4484  4600  4910
  3039  3429  2752  5048  3952  3475  3712   326  4942  4396  3126  4471  2845  2752  4431  4801  4876  2812  2431  3135  5545  2965  5415  2086  3622  5810  4954  5280  1912  4748  3115  3774   451  4134  4952  4245  3946  2149  2692  5251  3921  4991  3009  3194  2808  2616   372     0  4485  4601  4911
  1764  3012  4141   562  2666  3059  5101  4361  1665  1739  2994  1218  2935  4141  3144  1548  1076  4201  3636  2679  1156  4354   930  3221  2589   961   852   795  3116  1494  2981  2225  4810  2678   851  2788  5085  3210  3896   766  2741  2385  4398  2778  2048  3821  4492  4495     0  4185  1635
  4140  1276  5790  4721  5235  1932  6750  4451  6224  2854  1906  3080  3946  5790  5712  2925  6158  5849  2692  1914  6826  6002  5089  3661  2080  5120  6235  4954  2852  2879  1490  6112  4901  2591  6234  2702  7240  3725  2952  4925  2380  6272  6045  1651  4569  2876  4584  4585  4159     0  6192
  3639  5656  5164  1254  2439  5702  6125  5384   104  4845  5354  4324  3959  5164  2916  4654   772  5224  4659  5362  1990  5378  1621  4244  5695  1652   849  1486  4139  4600  5342  2294  5834  5784   849  5895  2162  4232  4920  1458  5848  1436  5420  5421  2680  4844  5516  5518  1635  6829     0
DRONE_EDGE_WEIGHT_SECTION
     0  1495   553   976   402  1311  1288  1181   822   503  1073   458   432   555   438   474  1155   547  1276  1143  1386   785  1162   599   936  1298   945  1060   908   503  1321   959  1442   696   944   593  1442   567  1463  1064  1081  1295   726  1228   126  1389  1414  1330   611  1414   858
  1495     0  1383  2392  1895   235   995   743  2308  1095   422  1381  1194  1365  1916  1092  2609  1804   388   353  2818  1188  2559  1065   611  2723  2402  2467   679  1043   176  2453   798   808  2397   971  2937  1107   387  2475   547  2784  1161   282  1608   368   775   722  2004   186  2339
   553  1383     0  1452   772  1272   831   822  1214   803   995   934   267    18   729   755  1583   452  1054  1072  1827   292  1641   323   998  1749  1383  1538   704   743  1211  1275  1048   765  1389   810  1740   285  1210  1539  1160  1639   266  1177   556  1151  1027   963  1130  1371  1262
   976  2392  1452     0   688  2179  2253  2157   336  1298  1985  1030  1403  1461   757  1300   248  1148  2230  2044   426  1728   189  1572  1787   331   152    86  1872  1349  2228   497  2417  1591   132  1421   744  1539  2419    88  1895   544  1677  2112   914  2344  2390  2306   388  2275   289
   402  1895   772   688     0  1713  1591  1528   450   883  1473   741   770   782   100   862   813   479  1662  1544  1055  1056   875   940  1336   977   611   773  1289   897  1721   560  1779  1098   617   985  1044   901  1844   772  1478   907  1012  1630   289  1773  1754  1677   435  1816   495
  1311   235  1272  2179  1713     0  1038   767  2113   882   277  1159  1054  1254  1741   883  2401  1668   436   201  2605  1118  2343   949   392  2509  2196  2252   591   837   166  2266   893   615  2190   759  2747   987   526  2261   312  2589  1079    95  1429   476   864   792  1793   104  2140
  1288   995   831  2253  1591  1038     0   273  2039  1231   836  1494   856   818  1557  1191  2403  1263   614   880  2644   539  2441   695  1041  2563  2199  2338   591  1147   889  2107   274   969  2202  1149  2569   722   643  2341  1148  2470   579   963  1339   633   274   281  1899  1097  2085
  1181   743   822  2157  1528   767   273     0  1977  1031   565  1312   760   806  1511   996  2329  1274   355   607  2564   550  2343   589   781  2478  2120  2241   354   948   623  2070   265   742  2121   935  2546   627   433  2245   879  2429   557   690  1254   400   235   149  1786   830  2019
   822  2308  1214   336   450  2113  2039  1977     0  1244  1889  1026  1218  1226   487  1234   373   856  2098  1956   618  1502   492  1388  1725   549   200   404  1728  1277  2137   212  2229  1502   216  1360   643  1350  2283   397  1853   476  1460  2036   727  2211  2204  2126   415  2213    53
   503  1095   803  1298   883   882  1231  1031  1244     0   699   298   544   793   935    48  1520  1008   983   752  1723   882  1464   610   489  1628  1316  1372   682    84   935  1414  1290   316  1309   124  1886   611  1171  1380   609  1719   812   814   629  1094  1258  1163   911   978  1268
  1073   422   995  1985  1473   277   836   565  1889   699     0   994   784   978  1494   688  2196  1397   326    77  2409   846  2156   673   262  2316  1988  2061   321   637   248  2032   754   394  1983   575  2515   712   497  2069   318  2364   804   182  1185   423   721   633  1596   376  1920
   458  1381   934  1030   741  1159  1494  1312  1026   298   994     0   713   929   817   321  1263  1005  1281  1044  1453  1085  1186   828   770  1357  1067  1098   971   373  1226  1214  1575   614  1057   419  1667   816  1469  1108   867  1488  1015  1099   561  1392  1543  1450   652  1251  1041
   432  1194   267  1403   770  1054   856   760  1218   544   784   713     0   255   761   496  1569   614   909   861  1806   376  1591   171   747  1720  1361  1488   536   479  1018  1320  1016   506  1362   543  1802   135  1085  1491   910  1675   309   962   495  1017   990   909  1043  1157  1260
   555  1365    18  1461   782  1254   818   806  1226   793   978   929   255     0   741   746  1595   469  1037  1055  1838   278  1650   305   982  1759  1394  1547   686   733  1194  1289  1032   750  1399   798  1755   268  1193  1548  1144  1653   250  1159   562  1133  1012   947  1137  1354  1274
   438  1916   729   757   100  1741  1557  1511   487   935  1494   817   761   741     0   910   859   394  1665  1566  1103  1018   941   927  1372  1029   665   841  1291   941  1740   560  1756  1129   674  1031  1040   887  1844   838  1519   919   980  1656   314  1775  1733  1659   531  1845   536
   474  1092   755  1300   862   883  1191   996  1234    48   688   321   496   746   910     0  1518   968   962   745  1726   835  1469   563   492  1631  1313  1376   651    52   928  1399  1257   297  1307   126  1874   564  1152  1383   621  1710   765   812   600  1075  1225  1131   912   982  1260
  1155  2609  1583   248   813  2401  2403  2329   373  1520  2196  1263  1569  1595   859  1518     0  1227  2427  2258   245  1869   223  1740  2009   182   210   219  2062  1566  2441   422  2585  1803   213  1642   514  1703  2615   204  2123   316  1824  2330  1075  2540  2559  2478   612  2498   323
   547  1804   452  1148   479  1668  1263  1274   856  1008  1397  1005   614   469   394   968  1227     0  1496  1474  1471   734  1329   743  1344  1404  1046  1230  1133   980  1629   869  1494  1095  1057  1066  1311   701  1658  1227  1505  1230   717  1575   452  1596  1475  1414   911  1770   908
  1276   388  1054  2230  1662   436   614   355  2098   983   326  1281   909  1037  1665   962  2427  1496     0   328  2651   827  2408   756   587  2559  2217  2310   374   910   278  2220   459   667  2214   865  2704   799   190  2316   629  2567   810   378  1374   114   429   356  1845   485  2135
  1143   353  1072  2044  1544   201   880   607  1956   752    77  1044   861  1055  1566   745  2258  1474   328     0  2470   919  2214   750   287  2375  2051  2120   392   695   184  2101   776   456  2046   628  2584   789   479  2128   302  2432   878   106  1257   410   744   660  1656   299  1986
  1386  2818  1827   426  1055  2605  2644  2564   618  1723  2409  1453  1806  1838  1103  1726   245  1471  2651  2470     0  2111   277  1976  2212    96   446   354  2289  1775  2653   644  2822  2016   443  1847   558  1940  2839   345  2319   406  2066  2537  1311  2764  2795  2714   814  2700   567
   785  1188   292  1728  1056  1118   539   550  1502   882   846  1085   376   278  1018   835  1869   734   827   919  2111     0  1917   273   923  2031  1666  1813   527   806  1027  1567   760   733  1670   846  2032   272   963  1815  1076  1931    70  1024   817   912   741   684  1389  1210  1549
  1162  2559  1641   189   875  2343  2441  2343   492  1464  2156  1186  1591  1650   941  1469   223  1329  2408  2214   277  1917     0  1760  1951   183   292   103  2053  1519  2397   608  2604  1763   277  1588   727  1726  2598   103  2053   534  1866  2278  1102  2522  2576  2491   564  2437   440
   599  1065   323  1572   940   949   695   589  1388   610   673   828   171   305   927   563  1740   743   756   750  1976   273  1760     0   689  1890  1532  1657   390   532   892  1487   846   475  1533   574  1967    43   926  1660   850  1844   204   854   665   860   819   739  1209  1048  1430
   936   611   998  1787  1336   392  1041   781  1725   489   262   770   747   982  1372   492  2009  1344   587   287  2212   923  1951   689     0  2117  1805  1860   459   448   462  1884   997   250  1798   367  2362   719   757  1869   163  2201   866   329  1058   684   964   872  1400   490  1751
  1298  2723  1749   331   977  2509  2563  2478   549  1628  2316  1357  1720  1759  1029  1631   182  1404  2559  2375    96  2031   183  1890  2117     0   366   258  2199  1680  2559   602  2736  1922   361  1752   594  1855  2748   249  2223   420  1984  2443  1227  2673  2709  2627   719  2605   497
   945  2402  1383   152   611  2196  2199  2120   200  1316  1988  1067  1361  1394   665  1313   210  1046  2217  2051   446  1666   292  1532  1805   366     0   207  1852  1360  2234   344  2377  1595    21  1437   633  1495  2405   199  1922   438  1620  2124   866  2330  2351  2270   416  2294   148
  1060  2467  1538    86   773  2252  2338  2241   404  1372  2061  1098  1488  1547   841  1376   219  1230  2310  2120   354  1813   103  1657  1860   258   207     0  1954  1425  2304   543  2502  1668   189  1495   732  1623  2499    15  1965   533  1763  2186   999  2424  2474  2390   466  2347   354
   908   679   704  1872  1289   591   591   354  1728   682   321   971   536   686  1291   651  2062  1133   374   392  2289   527  2053   390   459  2199  1852  1954     0   601   509  1846   608   388  1850   582  2330   433   556  1959   589  2195   489   497  1002   485   576   481  1491   684  1765
   503  1043   743  1349   897   837  1147   948  1277    84   637   373   479   733   941    52  1566   980   910   695  1775   806  1519   532   448  1680  1360  1425   601     0   879  1439  1208   246  1354    90  1916   536  1100  1433   582  1753   736   764   629  1023  1176  1082   961   936  1304
  1321   176  1211  2228  1721   166   889   623  2137   935   248  1226  1018  1194  1740   928  2441  1629   278   184  2653  1027  2397   892   462  2559  2234  2304   509   879     0  2279   731   639  2229   811  2763   933   362  2311   433  2612   996   146  1433   310   703   634  1840   207  2168
   959  2453  1275   497   560  2266  2107  2070   212  1414  2032  1214  1320  1289   560  1399   422   869  2220  2101   644  1567   608  1487  1884   602   344   543  1846  1439  2279     0  2314  1652   365  1525   484  1447  2401   532  2020   364  1533  2186   849  2331  2291  2218   625  2368   231
  1442   798  1048  2417  1779   893   274   265  2229  1290   754  1575  1016  1032  1756  1257  2585  1494   459   776  2822   760  2604   846   997  2736  2377  2502   608  1208   731  2314     0   994  2378  1190  2785   882   418  2505  1071  2675   783   836  1511   432    34   128  2049   932  2272
   696   808   765  1591  1098   615   969   742  1502   316   394   614   506   750  1129   297  1803  1095   667   456  2016   733  1763   475   250  1922  1595  1668   388   246   639  1652   994     0  1590   200  2133   498   856  1675   410  1978   669   534   815   779   960   865  1202   717  1531
   944  2397  1389   132   617  2190  2202  2121   216  1309  1983  1057  1362  1399   674  1307   213  1057  2214  2046   443  1670   277  1533  1798   361    21   189  1850  1354  2229   365  2378  1590     0  1431   650  1497  2402   182  1914   454  1624  2118   868  2328  2352  2270   406  2288   165
   593   971   810  1421   985   759  1149   935  1360   124   575   419   543   798  1031   126  1642  1066   865   628  1847   846  1588   574   367  1752  1437  1495   582    90   811  1525  1190   200  1431     0  2000   583  1052  1504   495  1836   778   691   719   975  1157  1062  1034   857  1386
  1442  2937  1740   744  1044  2747  2569  2546   643  1886  2515  1667  1802  1755  1040  1874   514  1311  2704  2584   558  2032   727  1967  2362   594   633   732  2330  1916  2763   484  2785  2133   650  2000     0  1926  2884   717  2494   200  2002  2668  1333  2814  2763  2693  1034  2849   626
   567  1107   285  1539   901   987   722   627  1350   611   712   816   135   268   887   564  1703   701   799   789  1940   272  1726    43   719  1855  1495  1623   433   536   933  1447   882   498  1497   583  1926     0   968  1627   881  1804   202   893   629   903   855   776  1178  1087  1392
  1463   387  1210  2419  1844   526   643   433  2283  1171   497  1469  1085  1193  1844  1152  2615  1658   190   479  2839   963  2598   926   757  2748  2405  2499   556  1100   362  2401   418   856  2402  1052  2884   968     0  2505   775  2751   956   497  1558    77   397   363  2034   540  2320
  1064  2475  1539    88   772  2261  2341  2245   397  1380  2069  1108  1491  1548   838  1383   204  1227  2316  2128   345  1815   103  1660  1869   249   199    15  1959  1433  2311   532  2505  1675   182  1504   717  1627  2505     0  1974   518  1765  2194  1002  2430  2478  2394   473  2356   346
  1081   547  1160  1895  1478   312  1148   879  1853   609   318   867   910  1144  1519   621  2123  1505   629   302  2319  1076  2053   850   163  2223  1922  1965   589   582   433  2020  1071   410  1914   495  2494   881   775  1974     0  2328  1022   287  1205   709  1038   951  1512   391  1877
  1295  2784  1639   544   907  2589  2470  2429   476  1719  2364  1488  1675  1653   919  1710   316  1230  2567  2432   406  1931   534  1844  2201   420   438   533  2195  1753  2612   364  2675  1978   454  1836   200  1804  2751   518  2328     0  1896  2512  1193  2679  2652  2578   846  2689   450
   726  1161   266  1677  1012  1079   579   557  1460   812   804  1015   309   250   980   765  1824   717   810   878  2066    70  1866   204   866  1984  1620  1763   489   736   996  1533   783   669  1624   778  2002   202   956  1765  1022  1896     0   984   764   900   762   698  1333  1173  1506
  1228   282  1177  2112  1630    95   963   690  2036   814   182  1099   962  1159  1656   812  2330  1575   378   106  2537  1024  2278   854   329  2443  2124  2186   497   764   146  2186   836   534  2118   691  2668   893   497  2194   287  2512   984     0  1345   437   806   728  1724   195  2065
   126  1608   556   914   289  1429  1339  1254   727   629  1185   561   495   562   314   600  1075   452  1374  1257  1311   817  1102   665  1058  1227   866   999  1002   629  1433   849  1511   815   868   719  1333   629  1558  1002  1205  1193   764  1345     0  1486  1484  1404   575  1532   767
  1389   368  1151  2344  1773   476   633   400  2211  1094   423  1392  1017  1133  1775  1075  2540  1596   114   410  2764   912  2522   860   684  2673  2330  2424   485  1023   310  2331   432   779  2328   975  2814   903    77  2430   709  2679   900   437  1486     0   408   356  1959   502  2247
  1414   775  1027  2390  1754   864   274   235  2204  1258   721  1543   990  1012  1733  1225  2559  1475   429   744  2795   741  2576   819   964  2709  2351  2474   576  1176   703  2291    34   960  2352  1157  2763   855   397  2478  1038  2652   762   806  1484   408     0    95  2021   904  2247
  1330   722   963  2306  1677   792   281   149  2126  1163   633  1450   909   947  1659  1131  2478  1414   356   660  2714   684  2491   739   872  2627  2270  2390   481  1082   634  2218   128   865  2270  1062  2693   776   363  2394   951  2578   698   728  1404   356    95     0  1934   839  2169
   611  2004  1130   388   435  1793  1899  1786   415   911  1596   652  1043  1137   531   912   612   911  1845  1656   814  1389   564  1209  1400   719   416   466  1491   961  1840   625  2049  1202   406  1034  1034  1178  2034   473  1512   846  1333  1724   575  1959  2021  1934     0  1889   414
  1414   186  1371  2275  1816   104  1097   830  2213   978   376  1251  1157  1354  1845   982  2498  1770   485   299  2700  1210  2437  1048   490  2605  2294  2347   684   936   207  2368   932   717  2288   857  2849  1087   540  2356   391  2689  1173   195  1532   502   904   839  1889     0  2240
   858  2339  1262   289   495  2140  2085  2019    53  1268  1920  1041  1260  1274   536  1260   323   908  2135  1986   567  1549   440  1430  1751   497   148   354  1765  1304  2168   231  2272  1531   165  1386   626  1392  2320   346  1877   450  1506  2065   767  2247  2247  2169   414  2240     0
DEPOT_SECTION
0
-1
EOF
    