
NAME : CVS-21-5
COMMENT : CVS
TYPE : RDVRP-TW
DIMENSION : 21
CAPACITY : 100
EDGE_WEIGHT_TYPE : EXPLICIT
EDGE_WEIGHT_FORMAT : FULL_MATRIX 
NODE_COORD_SECTION
  0 -78.8465283000 35.7910400000
  1 -78.8324635000 35.7810540000
  2 -78.8440931000 35.7797642000
  3 -78.8312360000 35.7912950000
  4 -78.8575389000 35.8031280000
  5 -78.8399110000 35.7886160000
  6 -78.8300584000 35.7933452000
  7 -78.8348815000 35.7896540000
  8 -78.8301895000 35.7796135000
  9 -78.8607538000 35.7881309000
 10 -78.8433220000 35.7972807000
 11 -78.8457069000 35.7797919000
 12 -78.8339035000 35.7898365000
 13 -78.8620107000 35.7845895000
 14 -78.8569507000 35.7819975000
 15 -78.8490561000 35.7922399000
 16 -78.8516227000 35.8030672000
 17 -78.8553258000 35.7987705000
 18 -78.8476714000 35.7801789000
 19 -78.8418802000 35.8004671000
 20 -78.8449390000 35.7780950000
TIME_WINDOW_SECTION
  0      0  36000
  1      0  31401
  2  30697  32697
  3   4343   6343
  4  16573  18573
  5  24922  26922
  6      0  32429
  7  20033  22033
  8  21260  23260
  9      0  32395
 10  18947  20947
 11   3724   5732
 12  13711  15711
 13   9952  11952
 14   4637   6637
 15   3669   8117
 16   7977   9977
 17  26340  28340
 18      0  33334
 19   7410   9410
 20   3955   5955
DEMAND_SECTION
  0      0
  1     12
  2      5
  3     13
  4     18
  5     13
  6     19
  7     26
  8     13
  9     19
 10     11
 11     18
 12     30
 13     15
 14     28
 15     22
 16     30
 17     22
 18     22
 19      5
 20     22
SERVICE_TIME_SECTION
  0      0
  1   1000
  2   1000
  3   1000
  4   1000
  5   1000
  6   1000
  7   1000
  8   1000
  9   1000
 10   1000
 11   1000
 12   1000
 13   1000
 14   1000
 15   1000
 16   1000
 17   1000
 18   1000
 19   1000
 20   1000
TRUCK_EDGE_WEIGHT_SECTION
     0  3688  2635  2646  3874  2050  2859  2098  5669  2770  1798  2418  3342  3386  2908   896  2715  3244  2130  2860  2846
  3599     0  2122  2330  6712  1595  2542  1574  3214  5064  3305  2120  1710  5680  3645  3735  5506  6084  2511  3775  2041
  2172  2119     0  3261  5249  2526  3474  2505  3336  3638  3539   692  2641  4254  2219  2638  4456  4619  1085  4601   906
  2359  2339  3229     0  5656  1819   300   971  4320  4552  2249  3226  1394  5169  4690  2679  4450  5026  3618  2718  3148
  4390  6719  4991  5679     0  5081  5890  5129  7631  3384  3110  4772  6375  4000  3522  3024  1739  1256  4485  3144  5201
  1790  1595  2485  1811  5088     0  2022  1262  3578  3984  1680  2484  1882  4600  4122  2110  3881  4459  3344  2150  2405
  2571  2550  3440   300  5868  2030     0  1184  4532  4764  2460  3438  1606  5380  4902  2890  4662  5239  3830  2930  3360
  1842  1590  2480   969  5140  1302  1181     0  3571  4035  1731  2478  1245  4651  4174  2161  3934  4510  2869  2201  2399
  4781  3140  3304  4282  7856  3548  4495  3525     0  6246  6148  3301  3662  6861  4826  5245  7065  7228  3694  5726  3224
  2605  4381  2958  3892  2740  3296  4104  3344  5598     0  3044  2740  4589   725  1489  1662  3961  2110  2451  4105  3169
  3085  3318  4291  2276  2811  1680  2489  1728  5299  4426     0  4074  2972  5042  4565  2091  2050  1891  3786  1411  4502
  1955  2116   692  3259  5030  2524  3471  2502  3334  3419  3321     0  2639  4035  2000  2419  4238  4400   304  4382   904
  3052  1728  2618  1450  6350  1859  1661  1210  3709  5246  2942  2615     0  5862  4140  3372  5144  5720  3008  3411  2536
  3202  4979  3556  4491  3339  3894  4702  3941  6196   749  3641  3338  5188     0  2086  2260  4559  2709  3050  4704  3766
  2639  3641  2219  4674  3522  4078  4886  4125  4859  2168  3825  2000  4164  2784     0  2444  4742  2892  1712  4888  2429
  1472  3800  2679  2760  2964  2162  2971  2210  5319  2329  1378  2460  3456  2945  2468     0  2295  2334  2172  2439  2889
  3206  5534  4412  4494  1734  3898  4706  3945  7052  4546  2309  4195  5190  5162  4685  2211     0  2012  3906  2342  4624
  3761  6089  4361  5049  1256  4452  5260  4500  7002  2754  2195  4144  5745  3370  2892  2394  2084     0  3855  2229  4572
  1666  2508  1085  3882  4742  3285  4094  3332  3725  3131  3032   304  3031  3748  1712  2131  3950  4112     0  4095  1295
  4014  3786  5220  2746  2722  2150  2958  2198  5769  5354  1411  5002  3442  5970  5492  3019  1961  2820  4714     0  5431
  2384  2038   906  3181  5459  2446  3392  2424  2805  3848  3750   904  2561  4464  2429  2848  4666  4829  1295  4811     0
DRONE_EDGE_WEIGHT_SECTION
     0  1230  1258   564  1403   364   657   457  1411   618   704  1252   485   920  1079   163  1351   918  1210  1063  1442
  1230     0   464  1141  2624   887  1371   962   182  1322  1851   522   979  1181   932  1390  2549  2145   585  2189   578
  1258   464     0  1371  2647   998  1600  1154   529  1122  1950    61  1185   864   547  1401  2609  2156   144  2306   189
   564  1141  1371     0  1625   438   232   227  1301  1147   799  1390   190  1366  1411   663  1504  1209  1382  1092  1557
  1403  2624  2647  1625     0  1738  1473  1710  2804  1674   827  2634  1710  2070  2352  1250   211   491  2580   633  2825
   364   887   998   438  1738     0   639   219  1067   775   973  1006   261   938   975   526  1664  1263   983  1321  1186
   657  1371  1600   232  1473   639     0   448  1529  1272   652  1618   415  1533  1611   707  1333  1098  1606   901  1786
   457   962  1154   227  1710   219   448     0  1131   974   903  1170    41  1157  1186   596  1612  1260  1159  1230  1341
  1411   182   529  1301  2804  1067  1529  1131     0  1490  2026   590  1146  1323  1049  1572  2727  2327   667  2361   587
   618  1322  1122  1147  1674   775  1272   974  1490     0  1202  1087  1013   397   697   629  1695  1201  1012  1536  1266
   704  1851  1950   799   827   973   652   903  2026  1202     0  1949   897  1572  1774   599   710   464  1911   358  2137
  1252   522    61  1390  2634  1006  1618  1170   590  1087  1949     0  1202   815   492  1391  2600  2142    86  2306   191
   485   979  1185   190  1710   261   415    41  1146  1013   897  1202     0  1199  1226   619  1607  1265  1192  1218  1371
   920  1181   864  1366  2070   938  1533  1157  1323   397  1572   815  1199     0   346   978  2092  1598   731  1915   970
  1079   932   547  1411  2352   975  1611  1186  1049   697  1774   492  1226   346     0  1177  2354  1868   406  2129   630
   163  1390  1401   663  1250   526   707   596  1572   629   599  1391   619   978  1177     0  1209   762  1344   952  1582
  1351  2549  2609  1504   211  1664  1333  1612  2727  1695   710  2600  1607  2092  2354  1209     0   496  2552   453  2791
   918  2145  2156  1209   491  1263  1098  1260  2327  1201   464  2142  1265  1598  1868   762   496     0  2089   519  2334
  1210   585   144  1382  2580   983  1606  1159   667  1012  1911    86  1192   731   406  1344  2552  2089     0  2269   254
  1063  2189  2306  1092   633  1321   901  1230  2361  1536   358  2306  1218  1915  2129   952   453   519  2269     0  2493
  1442   578   189  1557  2825  1186  1786  1341   587  1266  2137   191  1371   970   630  1582  2791  2334   254  2493     0
DEPOT_SECTION
0
-1
EOF
    