
NAME : CVS-61-3
COMMENT : CVS
TYPE : RDVRP-TW
DIMENSION : 61
CAPACITY : 100
EDGE_WEIGHT_TYPE : EXPLICIT
EDGE_WEIGHT_FORMAT : FULL_MATRIX 
NODE_COORD_SECTION
  0 -78.8465283000 35.7910400000
  1 -78.8468074000 35.7797534000
  2 -78.8366171000 35.7813385000
  3 -78.8454305000 35.7777735000
  4 -78.8562964000 35.7800186000
  5 -78.8435827000 35.8014023000
  6 -78.8346670000 35.7833315000
  7 -78.8493419000 35.8036376000
  8 -78.8324580000 35.7834240000
  9 -78.8358825000 35.7807545000
 10 -78.8631015000 35.7862305000
 11 -78.8352870000 35.7839845000
 12 -78.8616268000 35.7812548000
 13 -78.8553258000 35.7987705000
 14 -78.8456231000 35.7787958000
 15 -78.8414475000 35.7789210000
 16 -78.8465618000 35.7782413000
 17 -78.8554585000 35.7802070000
 18 -78.8418375000 35.7824590000
 19 -78.8403206000 35.8012009000
 20 -78.8436855000 35.7774835000
 21 -78.8424010000 35.7787605000
 22 -78.8324950000 35.7864917000
 23 -78.8469784000 35.7993617000
 24 -78.8337225000 35.7871360000
 25 -78.8543435000 35.7825660000
 26 -78.8458171000 35.7804351000
 27 -78.8341965000 35.7861150000
 28 -78.8549091000 35.7822387000
 29 -78.8314265000 35.7778220000
 30 -78.8383749000 35.8019269000
 31 -78.8307835000 35.7917375000
 32 -78.8617608000 35.7815118000
 33 -78.8383380000 35.7865899000
 34 -78.8612932000 35.7883312000
 35 -78.8506689000 35.7858784000
 36 -78.8357105000 35.7818020000
 37 -78.8585385000 35.7854092000
 38 -78.8418539000 35.7978690000
 39 -78.8604220000 35.7837300000
 40 -78.8383860000 35.7783104000
 41 -78.8428516000 35.7988773000
 42 -78.8361620000 35.7794085000
 43 -78.8424505000 35.7828515000
 44 -78.8462451000 35.7979139000
 45 -78.8403515000 35.7831470000
 46 -78.8572047000 35.8019101000
 47 -78.8429034000 35.8029700000
 48 -78.8441000000 35.7817090000
 49 -78.8347268000 35.7794786000
 50 -78.8544157000 35.7981814000
 51 -78.8568554000 35.7785922000
 52 -78.8575724000 35.8019295000
 53 -78.8466566000 35.7852897000
 54 -78.8587022000 35.7858923000
 55 -78.8487751000 35.7853555000
 56 -78.8511568000 35.7794058000
 57 -78.8567557000 35.7857141000
 58 -78.8452470000 35.7795021000
 59 -78.8377055000 35.7865600000
 60 -78.8462723000 35.8038490000
TIME_WINDOW_SECTION
  0      0  36000
  1  28134  30134
  2  13786  16270
  3   6571   8793
  4   2797   4797
  5  22207  24207
  6  21983  25027
  7   6032   8806
  8  27075  29075
  9  16829  18829
 10      0  31884
 11   6958   9696
 12   4084   6084
 13  22002  24424
 14   9788  13744
 15      0  32585
 16   9821  11821
 17  20900  23568
 18  13519  17209
 19  21510  23510
 20  28953  32555
 21      0  32696
 22  28059  30673
 23  10683  12683
 24  24224  26224
 25  14298  20156
 26   9369  14227
 27  22986  26644
 28  27581  30211
 29   7757   9757
 30   1493   5139
 31  13552  16266
 32   5807   7807
 33      0  32801
 34  30074  32074
 35  20531  24819
 36   8408  10408
 37  23795  25795
 38   3523  10539
 39   6610  10478
 40  16316  18316
 41  10300  12300
 42   5569  11145
 43   8115  10115
 44  28260  31750
 45   5916   8754
 46   8276  10276
 47   3259   6663
 48  29950  33634
 49  16266  22642
 50   6735  10965
 51  17784  19784
 52  16178  18178
 53   5133   7133
 54  20084  22084
 55  27120  29120
 56      0  32868
 57  20812  22994
 58  23579  25579
 59  13012  15012
 60  12398  14398
DEMAND_SECTION
  0      0
  1     24
  2     10
  3     17
  4     17
  5     22
  6      5
  7     24
  8     24
  9      9
 10     13
 11     13
 12     15
 13     16
 14     29
 15     24
 16     16
 17      9
 18      6
 19     22
 20     11
 21     19
 22     22
 23     21
 24     13
 25     23
 26     27
 27     11
 28      6
 29     24
 30     17
 31      9
 32     17
 33      5
 34      8
 35      9
 36     25
 37     28
 38      9
 39     21
 40     24
 41      5
 42      9
 43     13
 44     10
 45     13
 46      9
 47     25
 48     30
 49     26
 50     23
 51     22
 52     11
 53     19
 54     11
 55     30
 56     12
 57     13
 58      5
 59      7
 60     28
SERVICE_TIME_SECTION
  0      0
  1   1000
  2   1000
  3   1000
  4   1000
  5   1000
  6   1000
  7   1000
  8   1000
  9   1000
 10   1000
 11   1000
 12   1000
 13   1000
 14   1000
 15   1000
 16   1000
 17   1000
 18   1000
 19   1000
 20   1000
 21   1000
 22   1000
 23   1000
 24   1000
 25   1000
 26   1000
 27   1000
 28   1000
 29   1000
 30   1000
 31   1000
 32   1000
 33   1000
 34   1000
 35   1000
 36   1000
 37   1000
 38   1000
 39   1000
 40   1000
 41   1000
 42   1000
 43   1000
 44   1000
 45   1000
 46   1000
 47   1000
 48   1000
 49   1000
 50   1000
 51   1000
 52   1000
 53   1000
 54   1000
 55   1000
 56   1000
 57   1000
 58   1000
 59   1000
 60   1000
TRUCK_EDGE_WEIGHT_SECTION
     0  2276  3695  2926  3138  2438  3434  2190  3121  3858  2642  3081  3906  3244  2599  2878  2655  3195  2596  3142  2879  2768  3000  2364  2699  2936  2344  2851  2896  4810  3146  2641  3759  2459  2652  1996  3789  3302  2878  3424  3851  2599  3678  2529  2596  2748  3620  2780  2268  3820  3355  3346  3585  2221  3071  1486  2482  2350  2492  2512  2511
  1812     0  1518  1141  2088  3819  1875  3571  2575  1680  3151  1905  4414  4259   815  1092   254  2145   812  4525  1094   982  2454  3745  2541  1888   231  2305  1846  2632  4528  3411  4266  2514  3161  1296  1611  3810  4260  3931  1674  3980  1500   745  3978   964  4635  4161   484  1642  4369  2296  4600   979  3579  1356  1266  1759   709  2568  3892
  2840  1518     0  1361  3114  4846   799  4598  1499   452  4178   829  5440  5285  1326   895  1598  3171  1136  3801  1314  1202  1378  4771  1465  2914  1286  1229  2872  1595  3946  2335  5292  1438  4188  2322    94  4836  3468  4958   636  3571   271  1140  5004  1286  5661  5189  1210   414  5396  3324  5626  2005  4606  2384  2292  2785  1220  1491  4919
  2464  1141  1361     0  2738  4470  1719  4221  2419  1525  3801  1749  5065  4909   950   489  1221  2795  1036  5175   489   378  2298  4396  2385  2538   910  2149  2498  2476  4866  3255  4918  2358  3811  1948  1455  4461  4388  4581  1518  4630  1344  1095  4628  1188  5285  4812   834  1486  5020  2948  5250  1629  4230  2008  1916  2410   844  2411  4544
  2869  2088  3114  2738     0  4694  3471  4446  4171  3278  2271  3501  3534  3121  2411  2689  2466   654  2409  5400  2690  2579  4050  4620  4138   844  2156  3901   802  4229  5402  4898  3386  4110  2280  1878  3208  2930  5135  3051  3270  4855  3096  2341  4852  2560  3498  5036  2080  3239  3231   209  3462  2034  2699  2412  2085   879  2305  4164  4768
  3471  4318  5345  4969  5180     0  5546   894  5234  5508  4685  5194  5949  2278  4641  4920  4696  5236  4639   919  4921  4809  5112   640  4811  4979  4386  4964  4939  6460  1232  4754  5801  4571  4695  4039  5439  5345   654  5465  5501   374  5326  4571   872  4790  2384  1118  4310  5469  2388  5389  2349  4264  5114  3529  4525  4392  4535  4625   849
  3200  1879   841  1722  3475  4981     0  4732  1240  1004  4539   570  5801  5834  1686  1255  1958  3532  1496  3541  1675  1564  1119  4906  1206  3275  1648   970  3234  1956  3688  2076  5654  1178  4549  2684   935  5198  3208  5319   998  3312   824  1500  5139  1648  6210  5324  1571   966  5945  3684  6175  2366  4966  2744  2654  3146  1580  1232  5055
  2794  3640  4666  4290  4501   985  4869     0  4555  4830  4008  4516  5270  1600  3964  4241  4019  4559  3961  1682  4242  4131  4435  1434  4134  4301  3709  4285  4260  5781  2036  4075  5122  3892  4018  3361  4760  4666  1948  4788  4822  1669  4649  3894  1666  4112  1490   870  3632  4791  1710  4710  1455  3586  4436  2850  3846  3715  3858  3948   601
  2866  2586  1549  2430  4182  4680  1288  4432     0  1711  4932   935  6195  5534  2394  1962  2665  4240  2204  3241  2382  2271   464  4606   695  3982  2355   496  3941  2664  3386  1565  6048  1504  4942  3391  1642  5592  2906  5712  1705  3011  1531  2208  4839  2355  5909  5022  2279  1674  5644  4391  5874  3074  5361  3452  3361  3854  2289  1558  4754
  3002  1680   452  1525  3278  5009   961  4760  1662     0  4340   991  5604  5449  1489  1058  1760  3335  1299  3964  1478  1365  1541  4935  1629  3076  1450  1392  3036  1759  4110  2499  5456  1600  4350  2486   546  5000  3630  5120   800  3734   181  1302  5168  1450  5824  5351  1374   284  5559  3486  5789  2168  4769  2546  2456  2949  1382  1655  5082
  3116  3109  4136  3760  2229  4195  4492  3946  4879  4299     0  4839  1055  2621  3432  3711  3488  2286  3430  4900  3712  3600  4758  4121  4456  2029  3178  4609  1988  5250  4904  4398  1052  4215   341  2899  4230  1344  4635  1465  4292  4355  4118  3362  4352  3581  2998  4538  3101  4260  2732  2438  2962  3055  1112  3172  3106  1442  3326  4270  4269
  3225  1904   866  1748  3500  4624   605  4376   882  1029  4876     0  6140  5478  1711  1280  1982  3558  1521  3185  1700  1589   762  4550   849  3300  1672   612  3259  1981  3331  1720  5992   821  4886  2709   960  5536  2851  5658  1022  2955   849  1525  4782  1672  5854  4966  1596   991  5588  3709  5819  2391  5305  2770  2679  3171  1606   875  4698
  3724  3716  4742  4368  2836  4802  5100  4554  5485  4906  1055  5446     0  3229  4040  4319  4095  2894  4038  5508  4319  4208  5365  4729  5064  2636  3785  5215  2595  5858  5511  5005   148  4822  1395  3506  4836   986  5242   909  4899  4962  4725  3970  4960  4189  3605  5145  3709  4868  3340  3045  3570  3662  1128  3780  3714  2050  3934  4878  4876
  3761  4001  5029  4652  3121  1806  5836  1559  5522  5191  2628  5484  3890     0  4325  4604  4380  3179  4322  2511  4605  4492  5402  1732  5101  2921  4070  5252  2880  6142  2825  5042  3742  4860  2638  3791  5122  3286  2248  3408  5185  1968  5010  4255  1965  4474  1002  2149  3994  5152   110  3330   968  3948  3055  3818  3999  2335  4219  4915  1880
  2136   815  1326   950  2411  4142  1682  3895  2382  1489  3474  1712  4738  4582     0   901   894  2469   836  4848   902   790  2262  4069  2349  2210   584  2112  2170  2441  4851  3220  4590  2321  3484  1620  1420  4134  4582  4255  1482  4302  1308   769  4301   986  4958  4485   508  1450  4692  2620  4924  1302  3902  1680  1590  2082   106  2376  4216
  2415  1092   895   489  2689  4421  1251  4172  1952  1058  3752  1281  5016  4861   901     0  1172  2746   988  4254   440   110  1831  4348  1919  2489   861  1682  2449  2010  4400  2789  4869  1890  3762  1899   989  4412  3920  4532  1051  4581   876  1046  4579  1139  5236  4764   785  1020  4971  2899  5201  1580  4181  1959  1868  2361   795  1945  4495
  2191   254  1598  1221  2466  4198  1954  3950  2654  1760  3530  1984  4792  4638   894  1172     0  2524   891  4904  1174  1061  2534  4124  2620  2266   310  2384  2225  2711  4906  3490  4645  2592  3540  1675  1691  4189  4639  4310  1754  4359  1579   824  4356  1042  5014  4540   562  1721  4748  2675  4979  1358  3958  1736  1645  2138   788  2646  4271
  2925  2145  3171  2795   654  4751  3529  4504  4229  3335  2328  3559  3591  3179  2469  2746  2524     0  2466  5458  2748  2636  4108  4678  4195   399  2214  3959   299  4286  5460  4955  3444  4168  2338  1935  3265  2988  5192  3109  3328  4912  3154  2399  4910  2618  3555  5094  2138  3296  3289   445  3519  2091  2756  2470  2142   936  2362  4221  4825
  2134   812  1136  1036  2409  4140  1492  3892  2192  1299  3472  1522  4735  4580   836   988   891  2466     0  4846   989   878  2072  4066  2160  2209   581  1922  2168  2251  4849  3030  4588  2131  3482  1618  1230  4131  4581  4252  1292  4301  1118    68  4299   151  4956  4482   329  1260  4690  2618  4921  1300  3900  1678  1588  2080   730  2186  4214
  2705  5144  3810  4692  6005   919  3550  1720  3236  3974  5511  3198  6774  3104  4656  4225  5522  6062  4466     0  4644  4532  3115  1345  2814  5805  5212  2966  5764  4925   630  2756  6626  2574  5521  4865  3905  6170  1005  6291  3968   755  3792  4470  1578  4616  3210   812  5136  3935  3214  6214  3175  5090  5940  4354  5350  5219  4550  2628  1238
  2416  1094  1314   489  2690  4422  1671  4174  2371  1478  3754  1701  5016  4861   902   440  1174  2748   989  5128     0   330  2250  4348  2338  2490   862  2101  2449  2429  4819  3208  4869  2310  3764  1899  1408  4412  4340  4534  1470  4582  1296  1048  4580  1140  5238  4765   786  1439  4972  2900  5202  1581  4182  1960  1869  2361   796  2364  4495
  2304   982  1202   378  2579  4311  1560  4062  2260  1365  3642  1590  4905  4750   790   110  1061  2636   878  5016   330     0  2139  4236  2226  2379   751  1990  2338  2318  4708  3096  4758  2198  3652  1788  1296  4301  4228  4422  1359  4471  1185   936  4469  1029  5126  4652   675  1328  4860  2788  5091  1470  4070  1849  1758  2250   685  2252  4384
  3050  2476  1439  2320  4072  4864  1178  4616   464  1601  5116   825  6380  5718  2284  1852  2555  4130  2094  3425  2272  2160     0  4790   231  3871  2245   594  3831  2554  3570  1101  6232  1394  5126  3281  1532  5776  3091  5898  1595  3195  1420  2098  5022  2245  6094  5206  2169  1564  5828  4281  6059  2962  5545  3341  3251  3744  2178  1448  4938
  3518  4365  5391  5015  5226   640  5594   940  5280  5554  4732  5240  5995  2324  4688  4966  4744  5284  4686  1345  4968  4856  5159     0  4858  5025  4432  5010  4985  6506  1659  4800  5848  4618  4742  4085  5485  5391  1080  5512  5548   800  5374  4618   232  4836  2430  1531  4356  5516  2435  5435  2395  4311  5160  3575  4571  4440  4581  4671  1262
  2444  2518  1480  2361  4114  4258  1219  4010   906  1642  4510   866  5774  5111  2325  1894  2596  4171  2135  2819  2314  2202   231  4184     0  3914  2286   636  3872  2595  2965  1189  5626  1435  4520  3322  1574  5170  2485  5291  1636  2589  1462  2139  4416  2286  5488  4600  2210  1605  5221  4322  5452  3005  4939  3382  3292  3785  2220  1489  4331
  2668  1888  2914  2538   844  4494  3271  4246  3971  3076  2070  3301  3334  2921  2210  2489  2266   399  2209  5199  2490  2379  3850  4420  3938     0  1955  3701   100  4029  5202  4698  3186  3909  2080  1676  3008  2730  4934  2850  3070  4655  2896  2141  4652  2359  3296  4836  1879  3039  3031   844  3261  1834  2499  2211  1884   679  2105  3964  4568
  1881   231  1286   910  2156  3888  1644  3640  2344  1450  3220  1674  4482  4328   584   861   310  2214   581  4592   862   751  2222  3814  2310  1955     0  2074  1915  2401  4596  3180  4335  2282  3229  1365  1380  3879  4328  4000  1442  4049  1269   514  4046   732  4702  4230   252  1411  4438  2365  4668  1048  3648  1425  1335  1828   478  2336  3961
  2596  2316  1279  2160  3912  4410  1018  4162   496  1441  4662   665  5925  5264  2124  1692  2395  3970  1934  2971  2112  2001   548  4336   635  3712  2085     0  3671  2394  3116  1505  5778  1234  4672  3121  1372  5322  2636  5442  1435  2741  1261  1938  4569  2085  5639  4752  2009  1404  5374  4121  5604  2804  5091  3182  3091  3584  2019  1288  4484
  2628  1846  2872  2498   802  4454  3230  4205  3930  3036  2030  3260  3292  2880  2170  2449  2225   299  2168  5159  2449  2338  3809  4379  3896   100  1915  3660     0  3988  5162  4656  3145  3869  2040  1636  2968  2689  4894  2810  3029  4614  2855  2100  4611  2319  3256  4796  1839  2998  2990   742  3221  1792  2458  2171  1844   638  2064  3922  4526
  3938  2616  1540  2460  4212  5944  1898  5696  2598  1702  5276  1928  6539  6384  2424  1992  2695  4270  2234  4899  2412  2301  2476  5870  2564  4011  2385  2328  3971     0  5045  3434  6391  2535  5285  3421  1634  5935  4565  6056  1128  4670  1522  2238  6102  2385  6759  6286  2309  1665  6494  4421  6724  3104  5704  3481  3391  3884  2318  2590  6018
  2851  4550  3956  4838  5412  1232  3695  2034  3382  4119  4918  3342  6181  3418  4801  4371  4930  5470  4612   630  4790  4679  3261  1659  2960  5211  4619  3112  5171  5071     0  2902  6034  2720  4928  4271  4050  5578  1150  5699  4112  1069  3939  4615  1891  4762  3524  1166  4542  4081  3528  5621  3489  4496  5346  3761  4758  4625  4696  2774  1590
  2352  3378  2340  3222  4914  4168  2080  3919  1766  2504  4420  1728  5682  5021  3186  2755  3458  4971  2996  2728  3174  3062  1091  4094  1132  4714  3146  1496  4672  3455  2874     0  5535  2295  4430  3774  2435  5079  2394  5200  2498  2499  2322  3000  4325  3148  5396  4510  3070  2465  5131  5122  5361  3999  4848  3262  4259  4128  3080  2350  4241
  3576  3569  4595  4220  2689  4655  4952  4406  5338  4759  1052  5299   148  3081  3892  4171  3948  2746  3890  5360  4171  4060  5218  4581  4916  2489  3638  5068  2448  5710  5364  4858     0  4675  1392  3359  4690   839  5095   761  4751  4815  4578  3822  4812  4041  3458  4998  3561  4720  3192  2898  3422  3515   980  3632  3566  1902  3786  4730  4729
  2199  2472  1435  2316  4069  4012  1174  3765  1491  1598  4265   821  5529  4866  2280  1849  2551  4126  2090  2574  2269  2158  1370  3939  1458  3869  2241  1221  3828  2550  2720  2328  5381     0  4275  3278  1529  4925  2240  5046  1591  2344  1418  2094  4171  2241  5242  4355  2165  1560  4978  4278  5208  2960  4694  3338  3248  3740  2174    55  4086
  3126  3119  4145  3770  2239  4205  4502  3956  4889  4309   341  4849  1395  2631  3442  3721  3498  2296  3440  4910  3722  3610  4768  4131  4466  2039  3188  4619  1998  5260  4914  4408  1392  4225     0  2909  4240  1354  4645  1475  4302  4365  4128  3372  4362  3591  3008  4548  3111  4270  2742  2448  2972  3065  1122  3182  3116  1452  3336  4280  4279
  1559  1296  2322  1948  1878  3565  2680  3318  3380  2486  2941  2710  4204  3791  1620  1899  1675  1935  1618  4270  1899  1788  3260  3491  3346  1676  1365  3110  1636  3438  4274  3769  4056  3319  2951     0  2418  3600  4005  3721  2480  3726  2305  1550  3724  1769  4168  3908  1289  2448  3901  2086  4132  1242  3369   511  1504  1549  1514  3372  3639
  2934  1611    94  1455  3208  4940   892  4691  1592   546  4271   922  5534  5379  1420   989  1691  3265  1230  3895  1408  1296  1471  4866  1559  3008  1380  1322  2968  1689  4040  2429  5386  1531  4281  2418     0  4931  3561  5051   730  3665   365  1234  5098  1380  5755  5282  1304   360  5490  3418  5720  2099  4700  2478  2386  2879  1314  1585  5014
  3120  3112  4139  3764  2232  4199  4496  3950  4881  4302  1775  4842   986  2625  3436  3715  3491  2290  3434  4904  3715  3604  4761  4125  4460  2032  3181  4611  1991  5254  4908  4401   839  4219  1785  2902  4234     0  4639   504  4296  4359  4121  3366  4356  3585  3001  4541  3105  4264  2736  2441  2966  3059   524  3176  3110  1446  3330  4274  4272
  2371  4071  3476  4358  4932   654  3216  1455  2902  3640  4439  2864  5701  2839  4322  3891  4450  4990  4132  1005  4310  4199  2781  1080  2480  4732  4140  2632  4691  4591  1150  2422  5554  2240  4449  3792  3571  5098     0  5219  3634   280  3459  4136  1312  4282  2945  1555  4064  3601  2949  5141  2910  4018  4866  3281  4278  4146  4216  2294  1502
  3240  3234  4260  3884  2354  4320  4618  4071  5002  4422  1896  4964   909  2746  3558  3835  3612  2411  3555  5025  3836  3725  4881  4245  4581  2152  3302  4732  2112  5375  5029  4522   761  4340  1906  3024  4354   504  4760     0  4416  4480  4242  3488  4478  3706  3122  4662  3226  4385  2856  2562  3088  3180   645  3298  3230  1568  3451  4395  4392
  3032  1710   634  1554  3306  5039   991  4790  1691   798  4370  1021  5632  5478  1519  1088  1790  3364  1329  3994  1506  1395  1570  4965  1658  3106  1479  1421  3065  1139  4139  2528  5485  1630  4380  2516   728  5029  3660  5150     0  3764   616  1332  5196  1479  5854  5381  1402   759  5589  3516  5819  2198  4799  2576  2485  2978  1412  1684  5112
  3752  4599  3581  5250  5460   374  3320  1175  3008  3744  4966  2968  6230  2559  4922  5201  4978  5518  4920   755  5201  5090  2886   800  2585  5260  4668  2738  5220  4696  1069  2526  6082  2344  4976  4320  3675  5626   280  5746  3738     0  3564  4852  1032  5071  2665  1491  4591  3706  2669  5670  2630  4545  5395  3809  4806  4674  4816  2399  1222
  2821  1500   271  1344  3096  4828   781  4580  1481   181  4160   811  5422  5268  1308   876  1579  3154  1118  3782  1296  1185  1360  4754  1448  2896  1269  1211  2855  1578  3929  2318  5275  1419  4170  2305   365  4819  3449  4940   619  3554     0  1121  4986  1269  5644  5170  1192   142  5378  3305  5609  1988  4588  2365  2275  2768  1201  1474  4901
  2066   745  1140  1095  2341  4072  1496  3825  2196  1302  3405  1526  4668  4512   769  1046   824  2399    68  4778  1048   936  2076  3999  2162  2141   514  1926  2100  2255  4781  3034  4520  2135  3415  1550  1234  4064  4512  4185  1296  4234  1121     0  4231   219  4889  4415   261  1264  4622  2550  4852  1232  3832  1610  1520  2012   662  2189  4146
  3750  4596  5624  5248  5459   872  5825  1172  5512  5786  4964  5472  6228  2556  4920  5199  4975  5515  4918  1578  5200  5088  5391   232  5090  5258  4665  5242  5218  6739  1891  5032  6080  4850  4974  4318  5718  5624  1312  5744  5780  1032  5605  4850     0  5069  2662  1764  4589  5748  2666  5668  2628  4542  5392  3808  4804  4671  4814  4904  1495
  2285   964  1286  1188  2560  4291  1644  4042  2344  1450  3622  1674  4886  4731   986  1139  1042  2618   151  4996  1140  1029  2222  4218  2310  2359   732  2074  2319  2401  5000  3180  4739  2282  3632  1769  1380  4282  4731  4404  1442  4451  1269   219  4450     0  5106  4634   480  1411  4841  2769  5071  1450  4051  1829  1739  2231   881  2336  4365
  4136  4378  5404  5028  3498  2402  6212  1698  5899  5566  3002  5860  4266  1002  4700  4979  4756  3555  4699  3101  4980  4869  5778  2851  5476  3296  4446  5629  3256  6519  3454  5419  4119  5236  3012  4168  5498  3662  3366  3784  5560  3086  5386  4631  3084  4849     0  2289  4370  5529  1112  3706    35  4324  3431  4194  4374  2710  4595  5290  2019
  3371  4218  5245  4869  5079  1131  5446   794  5134  5408  4585  5094  5849  2178  4541  4820  4596  5136  4539   812  4821  4709  5012  1462  4711  4879  4286  4864  4839  6360  1166  4654  5701  4471  4595  3939  5339  5245  1555  5365  5401  1506  5226  4471  1695  4690  2284     0  4210  5369  2288  5289  2249  4164  5014  3429  4425  4292  4435  4525   425
  1805   484  1210   834  2080  3811  1568  3564  2268  1374  3144  1598  4406  4251   508   785   562  2138   329  4516   786   675  2146  3738  2234  1879   252  1998  1839  2325  4520  3104  4259  2206  3152  1289  1304  3802  4251  3924  1366  3972  1192   261  3970   480  4626  4154     0  1335  4361  2289  4591   971  3571  1349  1259  1751   401  2260  3885
  2964  1642   414  1486  3239  4970   924  4722  1624   284  4302   954  5565  5410  1450  1020  1721  3296  1260  3926  1439  1328  1502  4896  1590  3039  1411  1354  2998  1720  4071  2460  5418  1562  4312  2448   360  4961  3591  5082   761  3696   142  1264  5129  1411  5786  5312  1335     0  5520  3448  5751  2130  4730  2509  2418  2910  1345  1616  5044
  3871  4112  5139  4762  3231  1918  5946  1669  5634  5301  2738  5594  4000   110  4435  4714  4491  3289  4432  2622  4715  4604  5512  1842  5211  3031  4180  5364  2990  6254  2936  5154  3852  4971  2748  3901  5232  3398  2358  3518  5295  2078  5120  4365  2075  4584  1112  2259  4104  5264     0  3441  1078  4058  3166  3929  4109  2445  4329  5025  1990
  3078  2296  3324  2948   209  4904  3680  4655  4380  3486  2480  3710  3742  3330  2620  2899  2675   445  2618  5609  2900  2788  4260  4830  4346   844  2365  4110   742  4439  5612  5106  3595  4319  2490  2086  3418  3139  5344  3260  3480  5064  3305  2550  5061  2769  3706  5246  2289  3448  3441     0  3671  2242  2908  2621  2294  1088  2514  4372  4978
  4101  4342  5369  4992  3462  2368  6178  1662  5864  5531  2968  5825  4231   968  4666  4944  4721  3520  4664  3065  4945  4834  5742  2816  5441  3261  4411  5594  3221  6484  3419  5384  4084  5201  2978  4132  5462  3628  3331  3749  5525  3051  5351  4596  3049  4814    35  2252  4335  5494  1078  3671     0  4289  3396  4159  4339  2675  4560  5255  1984
   965  1299  2325  1950  2326  2971  2682  2724  3382  2489  2810  2712  4074  3411  1622  1901  1678  2384  1620  3678  1901  1790  3262  2898  3232  2126  1368  3112  2086  3440  3680  3175  3926  3321  2820  1020  2420  3470  3412  3590  2482  3132  2308  1552  3130  1771  3788  3314  1291  2450  3521  2536  3752     0  3239   509  1506  1999  1516  3375  3045
  2889  2881  3909  3532  2001  3968  4265  3719  4651  4071  1544  4611  1128  2395  3205  3484  3260  2059  3202  4672  3485  3372  4530  3894  4229  1801  2950  4381  1760  5024  4676  4170   980  3988  1554  2671  4002   524  4408   645  4065  4128  3890  3135  4126  3354  2770  4310  2874  4032  2505  2210  2735  2828     0  2945  2879  1215  3099  4042  4041
  1049  1358  2384  2008  2385  3055  2741  2806  3441  2546  2892  2771  4156  3494  1681  1959  1736  2442  1679  3760  1960  1849  3320  2980  3316  2185  1426  3171  2144  3499  3764  3258  4009  3380  2902   511  2478  3552  3495  3674  2540  3215  2366  1611  3212  1829  3870  3398  1350  2509  3605  2594  3835  1304  3321     0  1564  2056  1575  3434  3128
  2132  1351  2378  2001  2406  4139  2735  3890  3435  2541  3470  2765  4732  4578  1675  1952  1730  2464  1672  4844  1954  1842  3314  4064  3401  2206  1420  3165  2165  3492  4848  4341  4585  3374  3480  1615  2471  4129  4579  4250  2534  4299  2360  1605  4296  1824  4954  4481  1344  2502  4689  2616  4919  1298  3899  1676     0  2078  1569  3428  4211
  2540  1759  2785  2410   879  3908  3142  3660  3842  2949  1484  3172  2748  2335  2082  2361  2138   936  2080  4614  2361  2250  3721  3834  3809   679  1828  3572   638  3900  4616  4111  2600  3781  1494  1549  2879  2144  4349  2264  2941  4069  2768  2012  4066  2231  2710  4250  1751  2910  2445  1088  2675  1705  1912  2084  1756     0  1976  3835  3981
  2030   709  1220   844  2305  4036  1578  3789  2278  1382  3369  1608  4631  4476   106   795   788  2362   730  4741   796   685  2156  3962  2244  2105   478  2008  2064  2335  4745  3114  4484  2215  3379  1514  1314  4028  4478  4149  1376  4198  1201   662  4195   881  4852  4379   401  1345  4586  2514  4816  1196  3796  1574  1484  1976     0  2270  4110
  2254  2526  1489  2370  4122  4068  1228  3819  1546  1652  4320   875  5582  4921  2335  1904  2606  4180  2145  2628  2322  2211  1425  3994  1512  3922  2295  1276  3882  2604  2774  2382  5435    55  4330  3332  1582  4979  2294  5100  1645  2399  1471  2149  4226  2295  5296  4410  2219  1614  5031  4332  5261  3014  4749  3392  3301  3795  2229     0  4141
  2946  3794  4820  4444  4655   708  5021   369  4709  4982  4160  4669  5424  1752  4116  4395  4172  4712  4114  1405  4396  4285  4588  1038  4286  4454  3861  4439  4414  5935  1759  4229  5276  4046  4170  3514  4914  4820  1361  4941  4976  1081  4801  4046  1270  4265  1859   592  3785  4945  1864  4864  1824  3739  4589  3004  4000  3868  4010  4100     0
DRONE_EDGE_WEIGHT_SECTION
     0  1256  1142  1477  1280  1158   965  1406   997  1212   815   890  1227   918  1363  1362  1425  1251   971  1153  1513  1376   726   926   643   987  1181   714  1028  1577  1247   585  1203   581   624   595  1105   769   779   964  1450   883  1352   924   765   908  1270  1334  1043  1361   845  1439  1277   640   730   638  1307   704  1285   596  1426
  1256     0   425   227   362  2413   608  2660   679   430   947   641   587  2140   116   224   169   333   355  2399   279   201   924  2183   958   424    85   853   413   625  2488  1462   600   825  1099   697   479   770  2025   679   359  2134   407   382  2022   450  2496  2588   241   460  2071   404  2500   616   817   628   170   762    66   832  2682
  1142   425     0   520   761  2248   234  2526   280    71  1135   299   947  2060   444   326   512   725   233  2215   506   361   594  2042   654   684   363   539   699   438  2293  1178   952   588  1209   731    62   941  1850   937   344  1966   216   277  1879   246  2412  2419   286   219  1987   828  2418   580   973   640   592   901   386   583  2531
  1477   227   520     0   484  2631   741  2883   799   492  1154   791   728  2366   114   199    68   468   539  2615    74   160  1087  2404  1132   632   297  1021   614   535  2701  1649   748  1017  1318   924   581   984  2241   873   276  2351   398   576  2242   628  2722  2806   441   450  2296   446  2726   838  1034   853   284   982   193  1021  2903
  1280   362   761   484     0  2426   897  2642   978   779   737   908   245  2088   428   578   420    38   611  2430   557   547  1150  2181  1161   293   401  1074   253   979  2526  1616   266   996   944   686   805   606  2058   442   708  2157   769   612  2027   696  2437  2602   499   822  2023   160  2440   690   660   658   207   634   424  1010  2678
  1158  2413  2248  2631  2426     0  2038   323  2042  2316  1833  1963  2339   513  2518  2504  2581  2400  2110   119  2663  2521  1708   258  1628  2134  2335  1736  2173  2663   195  1172  2313  1660  1592  1747  2201  1862   398  2062  2578   282  2464  2065   400  2036   490   176  2192  2462   529  2586   503  1797  1813  1796  2464  1812  2439  1666   289
   965   608   234   741   897  2038     0  2323    84   291  1114    76  1044  1879   654   554   724   860   287  2000   735   587   361  1841   425   746   531   310   773   625  2074   947  1042   388  1140   664   175   925  1640   970   576  1757   440   298  1678   215  2227  2207   399   429  1806   993  2234   500   946   576   762   870   585   377  2323
  1406  2660  2526  2883  2642   323  2323     0  2333  2595  2001  2247  2532   583  2769  2767  2829  2618  2373   421  2919  2781  2005   483  1923  2353  2586  2027  2391  2949   434  1485  2505  1940  1758  1977  2481  2057   696  2253  2848   579  2740  2328   647  2305   340   241  2449  2742   634  2802   349  2045  2005  2035  2698  2013  2691  1948   111
   997   679   280   799   978  2042    84  2333     0   324  1190   123  1127  1905   717   606   787   940   369  2000   787   641   341  1853   416   830   605   307   857   625  2071   928  1126   416  1208   736   218  1003  1645  1053   612  1762   468   382  1691   299  2249  2209   479   448  1831  1069  2256   572  1022   649   837   947   652   401  2329
  1212   430    71   492   779  2316   291  2595   324     0  1192   360   977  2130   430   294   493   745   295  2282   470   333   651  2111   715   727   379   600   739   368  2359  1237   984   656  1273   797   117   998  1918   984   288  2034   150   341  1948   315  2482  2486   329   149  2057   833  2489   648  1032   706   599   960   382   650  2599
   815   947  1135  1154   737  1833  1114  2001  1190  1192     0  1071   557  1425  1058  1153  1087   730   902  1863  1219  1141  1143  1577  1100   524   916  1080   540  1519  1967  1345   528   925   243   466  1141   194  1512   296  1284  1592  1268   861  1440   920  1759  2004   874  1307  1368   882  1759   624   169   544   883   244  1007   949  2055
   890   641   299   791   908  1963    76  2247   123   360  1071     0  1039  1804   698   610   769   870   299  1925   791   641   298  1765   356   735   561   241   764   701  2000   879  1035   312  1085   614   243   886  1564   945   642  1681   510   298  1602   212  2151  2132   418   502  1730  1013  2158   451   903   528   787   827   625   301  2247
  1227   587   947   728   245  2339  1044  2532  1127   977   557  1039     0  1964   667   809   664   261   760  2355   802   781  1241  2087  1236   312   606  1165   277  1211  2455  1639    29  1058   788   659   982   477  1989   279   942  2081   988   746  1940   831  2305  2513   665  1040  1903   347  2306   721   528   665   448   529   652  1076  2577
   918  2140  2060  2366  2088   513  1879   583  1905  2130  1425  1804  1964     0  2252  2269  2308  2066  1883   603  2409  2278  1603   308  1518  1804  2071  1608  1840  2495   702  1188  1936  1492  1182  1445  2023  1492   496  1685  2363   449  2269  1834   341  1825   356   645  1944  2279    73  2247   361  1534  1439  1513  2161  1454  2177  1505   651
  1363   116   444   114   428  2518   654  2769   717   430  1058   698   667  2252     0   160    71   406   432  2502   164   123   989  2290  1031   534   183   922   521   553  2589  1544   683   910  1214   811   504   883  2128   785   281  2238   367   467  2128   524  2608  2693   329   422  2182   429  2613   724   932   740   221   877    80   914  2789
  1362   224   326   199   578  2504   554  2767   606   294  1153   610   809  2269   160     0   209   552   394  2480   181    40   908  2285   960   635   237   846   630   402  2563  1481   823   862  1286   849   388   969  2109   896   135  2222   208   439  2122   472  2624  2678   326   263  2197   589  2629   736  1013   768   374   952   158   862  2781
  1425   169   512    68   420  2581   724  2829   787   493  1087   769   664  2308    71   209     0   403   503  2566   139   169  1061  2351  1102   565   246   993   546   580  2654  1614   683   980  1253   864   572   917  2192   806   312  2301   417   536  2190   595  2664  2756   397   472  2239   395  2668   785   967   796   218   917   149   984  2851
  1251   333   725   468    38  2400   860  2618   940   745   730   870   261  2066   406   552   403     0   573  2403   542   522  1112  2155  1124   266   367  1036   227   953  2498  1580   280   959   931   657   769   591  2030   435   683  2130   739   573  2000   658  2417  2576   462   792  2001   187  2419   656   645   626   186   615   396   973  2653
   971   355   233   539   611  2110   287  2373   369   295   902   299   760  1883   432   394   503   573     0  2087   558   412   570  1891   603   472   271   498   494   650  2171  1112   760   478   979   505   243   708  1715   714   480  1828   402    49  1728    95  2237  2284   119   427  1811   714  2243   363   740   415   490   667   354   482  2387
  1153  2399  2215  2615  2430   119  2000   421  2000  2282  1863  1925  2355   603  2502  2480  2566  2403  2087     0  2643  2499  1662   315  1584  2137  2320  1694  2178  2623   107  1109  2329  1628  1624  1747  2166  1880   375  2080  2549   274  2431  2044   423  2010   608   217  2174  2427   608  2590   622  1786  1832  1791  2459  1826  2422  1633   363
  1513   279   506    74   557  2663   735  2919   787   470  1219   791   802  2409   164   181   139   542   558  2643     0   150  1088  2438  1138   696   338  1026   680   470  2728  1659   821  1034  1378   971   568  1046  2270   942   222  2382   358   599  2276   643  2765  2837   471   408  2338   518  2769   876  1095   897   356  1041   232  1035  2936
  1376   201   361   160   547  2521   587  2781   641   333  1141   641   781  2278   123    40   169   522   412  2499   150     0   938  2300   988   620   227   875   612   432  2583  1509   797   885  1281   852   423   959  2127   878   161  2239   248   455  2137   494  2634  2695   334   303  2207   552  2639   744  1004   773   341   945   136   886  2796
   726   924   594  1087  1150  1708   361  2005   341   651  1143   298  1241  1603   989   908  1061  1112   570  1662  1088   938     0  1528    85   929   840    76   965   966  1732   587  1231   218  1091   682   536   981  1312  1090   937  1430   800   551  1368   475  1939  1873   688   785  1530  1272  1947   546   981   621  1057   910   914   195  1996
   926  2183  2042  2404  2181   258  1841   483  1853  2111  1577  1765  2087   308  2290  2285  2351  2155  1891   315  2438  2300  1528     0  1445  1889  2107  1547  1928  2466   420  1033  2060  1457  1335  1507  1998  1610   248  1809  2365   158  2257  1845   163  1821   463   427  1968  2259   298  2341   475  1566  1560  1561  2227  1561  2212  1465   500
   643   958   654  1132  1161  1628   425  1923   416   715  1100   356  1236  1518  1031   960  1102  1124   603  1584  1138   988    85  1445     0   925   874   115   964  1040  1655   524  1225   182  1034   648   598   946  1231  1069   998  1349   865   578  1285   509  1854  1794   719   853  1445  1290  1862   525   942   596  1082   874   954   162  1916
   987   424   684   632   293  2134   746  2353   830   727   524   735   312  1804   534   635   565   266   472  2137   696   620   929  1889   925     0   400   853    42  1018  2233  1346   304   749   692   394   709   354  1765   263   769  1864   773   450  1734   531  2156  2310   398   819  1738   452  2159   419   405   374   372   362   485   766  2387
  1181    85   363   297   401  2335   531  2586   605   379   916   561   606  2071   183   237   246   367   271  2320   338   227   840  2107   874   400     0   769   398   620  2408  1378   616   741  1054   633   412   732  1946   663   369  2056   384   298  1946   366  2427  2511   156   435  2001   467  2431   541   778   559   233   718   106   747  2606
   714   853   539  1021  1074  1736   310  2027   307   600  1080   241  1165  1608   922   846   993  1036   498  1694  1026   875    76  1547   115   853   769     0   890   929  1767   639  1156   163  1039   616   483   914  1338  1018   883  1456   750   477  1386   403  1949  1903   616   739  1535  1197  1956   475   916   552   983   844   846   140  2022
  1028   413   699   614   253  2173   773  2391   857   739   540   764   277  1840   521   630   546   227   494  2178   680   612   965  1928   964    42   398   890     0  1019  2274  1388   271   788   719   435   727   378  1805   266   765  1905   777   475  1774   558  2191  2349   413   824  1775   413  2194   460   431   417   346   393   476   805  2426
  1577   625   438   535   979  2663   625  2949   625   368  1519   701  1211  2495   553   402   580   953   650  2623   470   432   966  2466  1040  1018   620   929  1019     0  2696  1549  1225  1010  1623  1155   472  1328  2265  1281   271  2382   253   699  2303   683  2845  2831   648   223  2422   975  2852  1011  1367  1065   773  1300   559  1001  2948
  1247  2488  2293  2701  2526   195  2074   434  2071  2359  1967  2000  2455   702  2589  2563  2654  2498  2171   107  2728  2583  1732   420  1655  2233  2408  1767  2274  2696     0  1167  2430  1707  1728  1842  2242  1981   469  2181  2629   376  2508  2129   529  2092   672   199  2260  2502   711  2686   685  1877  1933  1883  2551  1926  2509  1711   353
   585  1462  1178  1649  1616  1172   947  1485   928  1237  1345   879  1639  1188  1544  1481  1614  1580  1112  1109  1659  1509   587  1033   524  1346  1378   639  1388  1549  1167     0  1622   638  1189   984  1121  1247   793  1417  1522   908  1387  1080   889  1020  1483  1325  1222  1373  1120  1759  1493   928  1222   975  1570  1173  1465   631  1460
  1203   600   952   748   266  2313  1042  2505  1126   984   528  1035    29  1936   683   823   683   280   760  2329   821   797  1231  2060  1225   304   616  1156   271  1225  2430  1622     0  1046   759   641   986   450  1964   252   957  2055   999   744  1914   828  2277  2487   668  1050  1875   375  2278   707   501   650   466   504   665  1064  2550
   581   825   588  1017   996  1660   388  1940   416   656   925   312  1058  1492   910   862   980   959   478  1628  1034   885   218  1457   182   749   741   163   788  1010  1707   638  1046     0   876   467   542   766  1262   886   922  1378   804   444  1294   391  1839  1831   585   803  1419  1132  1846   343   764   414   934   695   831    24  1943
   624  1099  1209  1318   944  1592  1140  1758  1208  1273   243  1085   788  1182  1214  1286  1253   931   979  1624  1378  1281  1091  1335  1034   692  1054  1039   719  1623  1728  1189   759   876     0   481  1203   341  1278   513  1410  1354  1371   932  1201   973  1519  1761   979  1403  1125  1097  1520   642   288   572  1064   337  1153   900  1811
