
NAME : CVS-61-1
COMMENT : CVS
TYPE : RDVRP-TW
DIMENSION : 61
CAPACITY : 100
EDGE_WEIGHT_TYPE : EXPLICIT
EDGE_WEIGHT_FORMAT : FULL_MATRIX 
NODE_COORD_SECTION
  0 -78.8465283000 35.7910400000
  1 -78.8569526000 35.7783743000
  2 -78.8398210000 35.7781520000
  3 -78.8631864000 35.7838005000
  4 -78.8440815000 35.7791928000
  5 -78.8488749000 35.7927892000
  6 -78.8511606000 35.7796608000
  7 -78.8551438000 35.7985965000
  8 -78.8493322000 35.8010378000
  9 -78.8347805000 35.7892985000
 10 -78.8440974000 35.8004793000
 11 -78.8547046000 35.7798261000
 12 -78.8485845000 35.7924207000
 13 -78.8486037000 35.7942459000
 14 -78.8603393000 35.7839479000
 15 -78.8375235000 35.8005388000
 16 -78.8447721000 35.8037756000
 17 -78.8349795000 35.7843660000
 18 -78.8504851000 35.7799204000
 19 -78.8415290000 35.7887945000
 20 -78.8533115000 35.7999222000
 21 -78.8389224000 35.7792609000
 22 -78.8424215000 35.7815185000
 23 -78.8606235000 35.7793387000
 24 -78.8357105000 35.7818020000
 25 -78.8461152000 35.7859031000
 26 -78.8416436000 35.8028704000
 27 -78.8607018000 35.7860946000
 28 -78.8592857000 35.7862109000
 29 -78.8606772000 35.7883512000
 30 -78.8342455000 35.7895815000
 31 -78.8447150000 35.7776410000
 32 -78.8493632000 35.7880703000
 33 -78.8482239000 35.8004354000
 34 -78.8394740000 35.7854560000
 35 -78.8541666000 35.7788999000
 36 -78.8398516000 35.8020032000
 37 -78.8425225000 35.7806566000
 38 -78.8607538000 35.7881309000
 39 -78.8299370000 35.7797965000
 40 -78.8508969000 35.7818797000
 41 -78.8372508000 35.8015267000
 42 -78.8510899000 35.7795725000
 43 -78.8406895000 35.7800125000
 44 -78.8462857000 35.7787437000
 45 -78.8397650000 35.7970540000
 46 -78.8600214000 35.7806767000
 47 -78.8388830000 35.7883000000
 48 -78.8535009000 35.7807220000
 49 -78.8409491000 35.7957779000
 50 -78.8593213000 35.8002439000
 51 -78.8604312000 35.7844344000
 52 -78.8447749000 35.8046182000
 53 -78.8412865000 35.7785855000
 54 -78.8351635000 35.7872980000
 55 -78.8496210000 35.7915932000
 56 -78.8548966000 35.7815304000
 57 -78.8329050000 35.7849580000
 58 -78.8403450000 35.7814695000
 59 -78.8415024000 35.7958997000
 60 -78.8493534000 35.7859068000
TIME_WINDOW_SECTION
  0      0  36000
  1  20766  22766
  2      0  32424
  3      0  31248
  4  29544  31544
  5  22535  27377
  6  21771  23771
  7  18329  20329
  8      0  32561
  9   8812  10812
 10  24831  26831
 11  24019  26019
 12   5828   7828
 13  22344  24344
 14      0  31796
 15  16710  18892
 16      0  31584
 17      0  31732
 18      0  32766
 19  21051  23213
 20  18605  20905
 21      0  32334
 22      0  32682
 23  28349  33485
 24  28202  30202
 25  13602  16620
 26      0  31506
 27   6258   8258
 28      0  32124
 29      0  32395
 30      0  31966
 31      0  32591
 32      0  34152
 33      0  31479
 34  19372  22174
 35  15704  18074
 36  28454  30454
 37      0  32701
 38  16497  18497
 39      0  30188
 40      0  33088
 41  19005  21005
 42      0  32858
 43  30638  33330
 44      0  32858
 45   2974   4974
 46  20795  26311
 47  18069  20069
 48   9779  13647
 49      0  33115
 50      0  31242
 51  10062  12062
 52   1728   5752
 53      0  32559
 54      0  32836
 55      0  33275
 56  16790  20530
 57  26214  31730
 58      0  32614
 59      0  33059
 60  26809  29071
DEMAND_SECTION
  0      0
  1     10
  2     15
  3     20
  4     24
  5     24
  6     22
  7      7
  8     20
  9     30
 10     10
 11      6
 12     16
 13     11
 14     19
 15     10
 16     24
 17     11
 18     23
 19     28
 20     20
 21     30
 22     15
 23     15
 24     16
 25     19
 26      6
 27     24
 28     13
 29     18
 30     27
 31     16
 32     28
 33     29
 34      5
 35      9
 36      8
 37     19
 38     27
 39     13
 40      8
 41     13
 42      8
 43     14
 44     24
 45     10
 46     12
 47     28
 48     25
 49      9
 50     26
 51     25
 52      9
 53     14
 54      7
 55     11
 56      8
 57      5
 58     24
 59     13
 60      7
SERVICE_TIME_SECTION
  0      0
  1   1000
  2   1000
  3   1000
  4   1000
  5   1000
  6   1000
  7   1000
  8   1000
  9   1000
 10   1000
 11   1000
 12   1000
 13   1000
 14   1000
 15   1000
 16   1000
 17   1000
 18   1000
 19   1000
 20   1000
 21   1000
 22   1000
 23   1000
 24   1000
 25   1000
 26   1000
 27   1000
 28   1000
 29   1000
 30   1000
 31   1000
 32   1000
 33   1000
 34   1000
 35   1000
 36   1000
 37   1000
 38   1000
 39   1000
 40   1000
 41   1000
 42   1000
 43   1000
 44   1000
 45   1000
 46   1000
 47   1000
 48   1000
 49   1000
 50   1000
 51   1000
 52   1000
 53   1000
 54   1000
 55   1000
 56   1000
 57   1000
 58   1000
 59   1000
 60   1000
TRUCK_EDGE_WEIGHT_SECTION
     0  3429  3039  3280  2584   984  2472  3292  1849  2148  2614  3326   940  1666  3386  2934  2520  3124  2740  2170  2461  3129  2781  3400  3789  1330  2902  3082  3059  2770  3324  2871  1265  2368  3469  4014  3421  2761  2770  5700  2348  3044  2472  2838  2605  2194  3211  2126  3208  2180  3241  3281  2775  2905  2419   800  3000  3218  2849  2236  1422
  3160     0  3142  3199  2688  3052  2366  3461  4398  4696  5162   379  3009  4215  3306  5482  5069  3835  2634  4719  3952  3232  2885  1129  3500  2524  5451  3001  2979  2689  4666  2975  2910  4916  4220   642  5970  2866  2689  5411  1630  5592  2366  2942  2709  4742   940  4675   620  4729  3410  3201  5324  3009  4228  2836   614  4560  2952  4785  2641
  2576  3142     0  4551  1048  3129  2020  5070  3994  1976  4759  3040  3085  3811  4658  4178  4665  1315  2288  3449  4606   712   676  3114   979  1940  5048  4354  4330  4041  2145   824  2461  4512  1699  3728  4301   658  4041  2890  1895  4288  2020   294  1285  3438  2925  2129  2921  3424  5019  4552  4920   484  1706  2945  2714  2039   744  3480  2058
  3752  3158  4509     0  4054  2898  3732  3306  4242  4541  5008  3054  2854  4060  1396  5328  4914  5518  4000  4564  3798  4599  4251  3129  4866  3654  5296  1505  1736  1448  5718  4341  2755  4761  5862  3742  5815  4231  1448  6778  2996  5438  3732  4308  4075  4588  2939  4520  2935  4574  3255  1292  5169  4375  4812  2681  2728  5611  4319  4630  3746
  2121  2688  1048  4096     0  2674  1565  4615  3539  2402  4302  2584  2630  3356  4202  4624  4210  1740  1832  3860  4151  1138   789  2659  1405  1485  4592  3899  3875  3586  2571   880  2006  4058  2125  3272  5111   770  3586  3316  1440  4734  1565   846   830  3884  2470  2554  2466  3870  4564  4098  4465   912  2131  2490  2259  2465   858  3926  1602
  1541  3075  3151  2926  2696     0  2585  2470  1342  2331  2108  2972    44  1160  3032  2739  2014  3306  2852  2352  1955  3241  2894  3046  3509  1442  2398  2729  2705  2416  3506  2984   911  1861  3651  3660  2915  2874  2416  5420  2460  2849  2585  2950  2718  2378  2858  2310  2854  1626  2419  2929  2270  3018  2601   216  2646  3400  2961  1570  1535
  2142  2709  2125  4116  1670  2694     0  4636  3559  3859  4324  2605  2650  3378  4224  4645  4230  2818   662  3880  4172  2215  1866  2680  2482  1505  4614  3919  3896  3606  3649  1956  2028  4078  3202  3294  5131  1848  3606  4394  1461  4755     0  1924  1691  3905  2490  3838  2486  3891  4585  4119  4486  1990  3209  2511  2279  3542  1935  3948  1622
  3809  3461  4812  3311  4358  2530  4036     0   936  4598  2030  3358  2486  2080  3419  2661  1936  5574  4304  4620   642  4902  4555  3432  5170  3710  2320  3114  3091  2801  5774  4645  2811  1784  5919  4046  2838  4536  2801  7081  3300  2771  4036  4611  4379  4644  3242  4578  3239  4630   671  3314  2192  4679  4869  2314  3031  5668  4622  2521  3802
  2439  4439  4049  4289  3594  1359  3481   925     0  3228  1329  4335  1400  1379  4396  1960  1235  4204  3750  3250   866  4139  3790  4410  4406  2340  1619  4092  4069  3780  4404  3881  2275  1082  4549  5024  2136  3771  3780  6318  3358  2070  3481  3848  3615  3274  4220  3206  4218  1878  1444  4291  1491  3914  3499  1572  4010  4298  3859  1820  2432
  1892  4746  1952  4596  2378  2302  3350  4609  3118     0  3882  4642  2256  2936  4702  2201  3789   976  3618  1472  3731  1658  2006  4716  1641  2646  4172  4399  4375  4086  1176  2374  2581  3636  1320  5330  2324  1988  4086  3552  3225  2311  3350  1751  2615  1461  4528  1430  4524  1448  4558  4599  4045  1940   271  2116  4316  1070  2074  1504  2739
  3646  5648  5258  5498  4801  2566  4690  2501  1746  2308     0  5544  2609  2588  5604   920  1032  3284  4958  2330  2359  5346  4999  5619  5614  3548  1416  5300  5276  4988  3484  5089  3482   819  3629  6231  1042  4980  4988  7525  4565  1030  4690  5056  4824   851  5429  2286  5425  1136  5459  5500  1289  5122  2579  2781  5218  3378  5066  1192  3640
  3056   379  3040  3095  2584  2949  2262  3358  4294  4594  5059     0  2905  4111  3202  5380  4965  3732  2531  4615  3849  3129  2781  1659  3396  2420  5349  2899  2875  2586  4562  2871  2808  4812  4116   964  5866  2762  2586  5308  1526  5489  2262  2839  2606  4640  1470  4572   241  4625  3306  3098  5221  2905  4124  2732   386  4456  2849  4681  2538
  1582  3031  3194  2882  2739    44  2626  2426  1385  2372  2149  2929     0  1202  2989  2780  2056  3348  2895  2394  1998  3284  2935  3002  3550  1484  2439  2685  2661  2372  3549  3025   868  1902  3692  3616  2956  2916  2372  5461  2501  2890  2626  2992  2760  2419  2814  2351  2810  1669  2375  2885  2311  3059  2644   172  2602  3442  3002  1612  1578
  2195  4195  3805  4046  3350  1115  3239  2105  1349  2985  2114  4091  1156     0  4152  2745  2020  3960  3506  3006  1962  3895  3548  4166  4162  2096  2404  3849  3825  3536  4160  3638  2031  1868  4305  4780  2921  3528  3536  6074  3114  2855  3239  3604  3371  3031  3978  2964  3974  1634  4008  4048  2276  3670  3255  1329  3766  4054  3615  1578  2189
  3204  2609  3960  1396  3505  2349  3184  2758  3694  3992  4458  2505  2305  3511     0  4779  4365  4969  3451  4015  3248  4050  3701  2580  4318  3105  4748   461   595   750  5169  3792  2206  4211  5314  3192  5266  3682   750  6229  2448  4889  3184  3759  3526  4039  2390  3971  2386  4025  2706   105  4620  3825  4264  2132  2179  5062  3770  4081  3198
  2639  5492  4149  5342  4575  3319  4535  3252  2498  2198   920  5389  3360  3339  5449     0  1402  3172  4802  2219  3110  3854  4204  5462  3838  3392   846  5145  5121  4832  3372  4570  3328  1450  3518  6076   475  4185  4832  5749  4410   110  4535  3948  4669   740  5274  2176  5270  1026  5304  5345  1658  4138  2468  2862  5062  3266  4271  1082  3485
  3416  5416  5026  5266  4571  2336  4459  2270  1515  4205  1352  5312  2378  2356  5374  1744     0  5181  4728  4228  2128  5116  4768  5388  5384  3318   898  5069  5046  4756  5381  4858  3251  1511  5526  6001  1415  4749  4756  7295  4335  1852  4459  4825  4592  2128  5198  4184  5194  2854  5228  5269   256  4891  4476  2550  4986  5275  4836  2798  3410
  3268  3834  1314  5555  1739  3261  2711  5568  4078   960  4842  3731  3215  3895  5662  3161  4749     0  2979  2432  4690  1019  1368  3805  1002  2631  5131  5358  5335  5045  1129  1735  3152  4596   681  4419  3284  1349  5045  2914  2586  3270  2711  1112  1976  2421  3616  1111  3612  2406  5516  5558  5004  1301   689  3076  3405  1021  1435  2462  2749
  2234  2800  2216  4209  1761  2786   490  4728  3651  3950  4416  2698  2742  3469  4315  4736  4322  2909     0  3972  4264  2306  1959  2771  2574  1598  4705  4011  3988  3699  3740  2049  2119  4170  3294  3385  5224  1939  3699  4485  1552  4846   490  2015  1782  3996  2582  3929  2579  3982  4676  4210  4578  2082  3301  2602  2371  3634  2026  4039  1715
  1910  4764  3385  4614  3810  2320  3806  4626  3135  1432  3900  4660  2274  2954  4720  2219  3806  2409  4074     0  3749  3090  3439  4734  3074  2664  4190  4416  4392  4104  2609  3806  2599  3654   904  5348  2341  3420  4104  4985  3681  2329  3806  3184  3940  1479  4545   465  4541  1465  4575  4616  4062  3372  1704  2134  4334  2502  3506  1521  2756
  2925  4008  4535  3858  4080  1845  3969   698   866  3714  1815  3904  1886  1865  3964  2446  1721  4690  4236  3736     0  4625  4278  3979  4892  2826  2105  3660  3636  3348  4890  4368  2761  1569  5035  4591  2622  4258  3348  6804  3844  2556  3969  4334  4101  3760  3789  3694  3785  2364  1216  3860  1978  4400  3985  2059  3578  4784  4345  2308  2919
  2666  3232   712  4641  1138  3219  2110  5160  4084  1681  4849  3129  3175  3901  4748  3882  4755  1020  2378  3154  4696     0   766  3204   684  2030  5138  4444  4420  4131  1850  1134  2551  4602  1404  3818  4006   748  4131  2595  1985  3992  2110   511  1375  3142  3015  1834  3011  3129  5109  4642  5010   700  1411  3035  2804  1744   834  3185  2148
  2318  2885   676  4292   789  2870  1761  4812  3735  2031  4500  2781  2826  3552  4399  4232  4406  1369  2030  3504  4349   766     0  2856  1034  1681  4790  4095  4071  3782  2200   785  2204  4254  1754  3470  5308   126  3782  2945  1636  4342  1761   475  1026  3492  2666  2182  2662  3478  4761  4295  4662   665  1761  2688  2455  2094   321  3535  1799
  3131  1129  3114  3170  2659  3024  2338  3432  4369  4668  5132  1659  2980  4186  3278  5454  5040  3806  2605  4690  3922  3204  2856     0  3471  2495  5422  2972  2950  2660  4638  2946  2881  4888  4191  1771  5941  2836  2660  5382  1601  5564  2338  2912  2680  4714   190  4646  1540  4700  3381  3172  5295  2980  4199  2808  1332  4531  2924  4756  2612
  2934  3500   979  4908  1405  3485  2376  5428  4350  1628  5115  3396  3441  4169  5015  3829  5021   965  2645  3100  4964   684  1034  3471     0  2296  5405  4710  4688  4398  1796  1400  2819  4869  1350  4085  3951  1015  4398  2579  2252  3938  2376   778  1641  3089  3281  1779  3278  3074  5376  4910  5278   968  1356  3302  3070  1690  1101  3130  2414
   868  2521  1965  3349  1510  1420  1398  3361  2285  2584  3050  2418  1376  2102  3456  3370  2956  2658  1666  2606  2898  2055  1706  2492  2321     0  3340  3151  3129  2839  3489  1796   752  2804  3041  3106  3858  1688  2839  4232  1274  3480  1398  1764  1531  2630  2302  2564  2299  2616  3310  3351  3212  1830  2855  1236  2091  3382  1774  2672   349
  3494  5495  5104  5345  4649  2414  4538  2349  1594  4284  1430  5391  2456  2435  5451   846   556  5259  4805  4305  2206  5194  4846  5465  5461  3395     0  5148  5124  4835  5460  4936  3330  1589  5604  6079   518  4828  4835  7372  4412   956  4538  4904  4671  1234  5276  4262  5272  1520  5306  5348   812  4970  4555  2629  5065  5352  4914  1576  3488
  2900  2304  3656  1505  3201  2045  2879  2454  3389  3689  4154  2201  2001  3208   461  4475  4060  4665  3148  3710  2944  3746  3398  2275  4012  2800  4444     0   291   445  4865  3488  1902  3908  5009  2889  4961  3379   445  5924  2142  4585  2879  3455  3222  3735  2086  3668  2082  3721  2402   356  4316  3521  3960  1829  1875  4759  3465  3778  2894
  2876  2281  3632  1640  3178  2021  2856  2430  3366  3665  4131  2178  1978  3184   595  4451  4038  4641  3124  3688  2920  3722  3375  2252  3990  2778  4420   291     0   422  4841  3465  1879  3885  4986  2866  4939  3355   422  5901  2120  4561  2856  3431  3199  3711  2062  3644  2059  3698  2379   491  4292  3498  3936  1805  1851  4735  3442  3754  2870
  2605  2010  3361  1896  2906  1750  2585  2159  3095  3394  3859  1906  1706  2912   725  4180  3766  4370  2852  3416  2649  3451  3102  1981  3719  2506  4149   421   398     0  4570  3192  1608  3612  4715  2594  4668  3084     0  5630  1848  4290  2585  3160  2928  3440  1791  3372  1788  3426  2108   620  4021  3226  3665  1534  1580  4464  3171  3482  2599
  3034  4642  2121  5738  2548  3444  3519  5749  4259  1141  5024  4539  3398  4076  5844  3342  4930  1145  3788  2614  4871  1826  2176  4614  1810  3439  5314  5540  5516  5228     0  2542  3722  4778  1490  5228  3465  2158  5228  3722  3395  3452  3519  1920  2784  2602  4424  1919  4420  2588  5699  5739  5186  2110   870  3258  4212   685  2244  2644  3556
  2409  2975   824  4382   880  2960  1851  4902  3825  2398  4590  2871  2916  3644  4490  4599  4496  1736  2120  4146  4439  1134   785  2946  1400  1771  4880  4185  4162  3872  2566     0  2294  4344  2120  3560  5398   766  3872  2861  1728  4709  1851   842  1116  3860  2756  2550  2752  3845  4851  4385  4752   460  2128  2778  2545  2460   852  3901  1889
   848  2945  2458  2795  2002   888  1890  2808  2264  2564  3029  2841   844  2082  2901  3350  2935  3150  2159  2585  2878  2548  2199  2915  2814   749  3319  2598  2574  2285  3740  2289     0  2782  3535  3529  3836  2180  2285  4726  1766  3460  1890  2256  2024  2610  2726  2542  2722  2596  2756  2798  3191  2322  2835   671  2515  3634  2268  2652   841
  3521  5521  5131  5371  4676  2441  4564  2375  1620  4310   819  5418  2482  2461  5479  1450  1274  5286  4832  4332  2232  5221  4872  5492  5489  3422  1658  5175  5151  4861  5486  4964  3358     0  5631  6106  1572  4854  4861  7400  4440  1560  4564  4930  4698  1381  5302  4289  5300  1666  5332  5374  1530  4996  4581  2655  5092  5380  4941  1722  3515
  3612  4179  1658  5588  2084  3646  3056  5952  4462  1344  5226  4075  3600  4280  5694  3545  5134   681  3324   904  5075  1364  1712  4150  1348  2976  5516  5390  5366  5078  1512  2080  3498  4980     0  4764  3669  1694  5078  3259  2931  3655  3056  1458  2321  2805  3961   595  3958  2791  5901  5589  5389  1646  1074  3460  3750  1406  1780  2848  3094
  3745   642  3728  3784  3272  3638  2951  4046  4982  5281  5746   964  3594  4800  3890  6068  5654  4420  3219  5304  4536  3818  3470  1771  4085  3109  6036  3586  3564  3274  5251  3560  3495  5500  4805     0  6555  3450  3274  5996  2215  6178  2951  3526  3294  5328  1581  5260  1205  5314  3995  3786  5909  3592  4812  3421  1199  5145  3538  5370  3226
  4012  6012  4272  5862  5168  2932  5055  2866  2111  2320  1042  5909  2974  2952  5969   475  1074  3295  5324  2341  2724  3978  4326  5984  3961  3912   518  5665  5642  5352  3496  5454  3848  1572  3640  6598     0  4308  5352  5872  4930   584  5055  4071  5189   862  5794  2299  5790  1149  5824  5865  1330  4260  2591  3146  5582  3390  4394  1205  4006
  2299  2866   658  4274   770  2851  1742  4792  3716  2012  4481  2762  2808  3534  4380  4214  4388  1350  2010  3485  4329   748   126  2836  1015  1662  4771  4076  4052  3764  2181   766  2184  4235  1735  3450  5289     0  3764  2926  1618  4322  1742   456  1008  3474  2648  2164  2644  3459  4741  4276  4644   645  1741  2668  2436  2075   301  3515  1780
  2605  2010  3361  1896  2906  1750  2585  2159  3095  3394  3859  1906  1706  2912   725  4180  3766  4370  2852  3416  2649  3451  3102  1981  3719  2506  4149   421   398     0  4570  3192  1608  3612  4715  2594  4668  3084     0  5630  1848  4290  2585  3160  2928  3440  1791  3372  1788  3426  2108   620  4021  3226  3665  1534  1580  4464  3171  3482  2599
  4812  5379  2859  6788  3284  5365  4256  7306  6230  3506  6995  5276  5321  6048  6894  5708  6901  2844  4524  4979  6842  2564  2912  5350  2509  4176  7284  6590  6566  6278  3675  3280  4698  6749  3229  5964  5830  2894  6278     0  4131  5818  4256  2658  3521  4968  5161  3658  5158  4954  7255  6789  7156  2846  3236  5181  4950  3569  2980  5010  4294
  1912  1630  1895  3038  1440  2464   736  3300  3330  3629  4094  1526  2420  3148  3145  4415  4001  2588  1005  3651  3942  1985  1636  1601  2252  1276  4384  2840  2818  2528  3419  1728  1798  3848  2972  2215  4901  1618  2528  4164     0  4525   736  1694  1461  3675  1411  3608  1408  3661  3249  3040  4256  1760  2979  2281  1200  3312  1705  3718  1392
  2749  5601  4259  5452  4684  3428  4645  3362  2608  2306  1030  5498  3470  3449  5559   110  1511  3282  4912  2329  3220  3964  4312  5572  3948  3502   956  5255  5231  4942  3482  4680  3438  1560  3628  6186   584  4294  4942  5859  4520     0  4645  4058  4778   850  5384  2285  5380  1135  5414  5454  1768  4246  2578  2972  5172  3376  4381  1191  3595
  2142  2709  2125  4116  1670  2694     0  4636  3559  3859  4324  2605  2650  3378  4224  4645  4230  2818   662  3880  4172  2215  1866  2680  2482  1505  4614  3919  3896  3606  3649  1956  2028  4078  3202  3294  5131  1848  3606  4394  1461  4755     0  1924  1691  3905  2490  3838  2486  3891  4585  4119  4486  1990  3209  2511  2279  3542  1935  3948  1622
  2375  2942   294  4350   846  2928  1819  4869  3792  1776  4558  2839  2884  3610  4456  3978  4464  1114  2086  3249  4405   511   475  2912   778  1739  4848  4152  4129  3840  1945   842  2260  4311  1498  3526  4100   456  3840  2689  1694  4086  1819     0  1084  3238  2724  1928  2720  3222  4818  4352  4720   189  1505  2744  2512  1839   544  3279  1856
  2142  2709  1285  4118   830  2695  1586  4636  3560  2640  4325  2606  2651  3378  4224  4645  4231  1978  1854  3881  4172  1375  1026  2680  1641  1506  4615  3920  3896  3608  2809  1116  2028  4079  2361  3294  5132  1008  3608  3552  1461  4755  1586  1084     0  3906  2491  2791  2488  3891  4585  4120  4488  1150  2369  2511  2280  2702  1094  3948  1624
  1899  4752  3409  4602  3835  2309  3795  4615  1805  1458   851  4649  2262  2942  4709   740  1808  2432  4062  1479  2418  3114  3464  4722  3098  2652  1234  4405  4381  4092  2632  3830  2588  1381  2778  5336   862  3445  4092  5010  3670   850  3795  3208  3929     0  4534  1436  4530   285  4564  4605  2064  3398  1729  2122  4322  2526  3531   342  2745
  2941   940  2925  2981  2470  2834  2148  3242  4179  4479  4944  1470  2790  3996  3088  5265  4850  3618  2416  4500  3734  3015  2666   190  3281  2305  5234  2784  2760  2471  4448  2756  2692  4698  4001  1581  5751  2648  2471  5192  1411  5374  2148  2724  2491  4525     0  4458  1351  4510  3191  2982  5106  2790  4009  2618  1144  4341  2734  4566  2422
  1868  4720  2088  4571  2512  2276  3764  4582  3092  1390  3858  4616  2230  2910  4678  2176  3764  1111  4031   465  3705  1792  2141  4691  1776  2621  4148  4374  4350  4061  1942  2509  2556  3611   595  5305  2299  2122  4061  3688  3639  2285  3764  1886  2750  1436  4501     0  4499  1421  4531  4572  4020  2075  1661  2091  4291  1836  2210  1478  2714
  2939   620  2921  2978  2466  2830  2144  3239  4175  4475  4940   241  2786  3992  3084  5261  4846  3614  2412  4496  3730  3011  2662  1540  3278  2301  5230  2780  2756  2468  4445  2752  2689  4694  3998  1205  5748  2644  2468  5189  1408  5371  2144  2720  2488  4521  1351  4454     0  4506  3188  2980  5102  2786  4005  2614   268  4339  2730  4562  2419
  1885  4738  3395  4588  3820  2294  3780  2275  1520  1442  1136  4634  2248  2361  4695  1026  2191  2419  4049  1465  2132  3100  3449  4709  3084  2639  1520  4391  4368  4079  2619  3816  2574  2039  2764  5322  1149  3430  4079  4995  3656  1135  3780  3194  3914   285  4519  1421  4516     0  4549  4590  2446  3382  1714  2109  4309  2512  3518    56  2731
  3758  3410  4761  3260  4306  2479  3985   671  1455  4546  5012  3306  2435  4065  3368  5332  4919  5522  4252  4569  1161  4851  4504  3381  5119  3659  5302  3062  3040  2750  5722  4594  2760  4766  5868  3995  5820  4485  2750  7030  3249  5442  3985  4561  4328  4592  3191  4526  3188  4579     0  3262  5175  4628  4818  2262  2980  5616  4571  4635  3751
  3099  2504  3855  1292  3400  2244  3079  2652  3589  3889  4354  2400  2200  3406   105  4675  4260  4864  3348  3910  3144  3945  3598  2475  4212  3000  4644   356   491   645  5064  3688  2102  4108  5209  3089  5161  3579   645  6124  2342  4784  3079  3655  3422  3935  2285  3868  2282  3920  2601     0  4516  3721  4159  2028  2075  4958  3665  3976  3092
  3160  5160  4770  5011  4315  2080  4204  2015  1259  3950  1096  5058  2122  2101  5118  1488   259  4925  4471  3971  1872  4860  4512  5131  5128  3061   641  4814  4790  4501  5125  4602  2996  1255  5270  5745  1160  4494  4501  7039  4079  1598  4204  4569  4336  1872  4942  3929  4939  2599  4972  5012     0  4636  4220  2295  4731  5019  4580  2542  3154
  2441  3009   484  4416   912  2994  1885  4935  3859  1965  4624  2905  2950  3676  4522  4166  4530  1302  2152  3438  4471   700   665  2980   968  1805  4914  4219  4195  3906  2134   460  2328  4378  1688  3592  4289   645  3906  2879  1760  4276  1885   189  1150  3426  2790  2116  2786  3411  4884  4419  4786     0  1694  2810  2579  2028   732  3469  1922
  2164  4202  1681  4868  2108  2574  3079  4880  3389   271  4154  4099  2528  3206  4974  2472  4060   705  3348  1744  4002  1386  1736  4174  1371  2918  4444  4670  4646  4358   905  2102  2852  3908  1050  4788  2595  1718  4358  3282  2955  2582  3079  1480  2344  1732  3984  1701  3981  1719  4829  4870  4316  1670     0  2388  3774   799  1804  1775  3010
  1725  2892  3335  2742  2880   216  2769  2254  1558  2514  2321  2789   172  1375  2850  2952  2229  3490  3036  2536  2170  3425  3078  2864  3692  1626  2611  2545  2522  2232  3690  3168   728  2075  3835  3478  3129  3058  2232  5604  2644  3062  2769  3134  2901  2560  2674  2492  2670  1841  2202  2745  2484  3200  2785     0  2462  3584  3145  1785  1719
  2731   614  2714  2770  2259  2622  1936  3031  3968  4268  4732   386  2579  3785  2876  5054  4639  3406  2205  4289  3522  2804  2455  1332  3070  2094  5022  2572  2549  2260  4238  2545  2481  4486  3791  1199  5540  2436  2260  4981  1200  5164  1936  2512  2280  4314  1144  4246   268  4299  2980  2772  4895  2579  3798  2408     0  4131  2524  4356  2211
  3268  4581  2061  5971  2486  3678  3459  5984  4492  1080  5258  4479  3631  4310  6078  3576  5164  1085  3726  2848  5106  1766  2115  4552  1750  3379  5548  5774  5750  5461   685  2482  3956  5011  1430  5166  3699  2096  5461  3661  3334  3686  3459  1860  2724  2836  4364  1859  4360  2822  5932  5972  5420  2049   810  3491  4152     0  2184  2879  3496
  2386  2952   744  4360   858  2938  1829  4880  3802  2099  4568  2849  2894  3621  4468  4300  4475  1436  2098  3571  4416   834   321  2924  1101  1750  4858  4162  4140  3850  2268   852  2271  4321  1821  3538  5375   301  3850  3012  1705  4410  1829   544  1094  3560  2734  2250  2730  3546  4829  4362  4730   732  1829  2755  2524  2161     0  3602  1866
  1941  4794  3451  4645  3876  2351  3838  2219  1464  1499  1192  4690  2305  2305  4751  1082  2135  2475  4105  1521  2076  3156  3505  4765  3140  2695  1576  4448  4424  4135  2675  3872  2630  1981  2820  5379  1205  3486  4135  5051  3712  1191  3838  3250  3970   342  4576  1478  4572    56  4606  4646  2390  3439  1770  2165  4365  2569  3574     0  2788
   985  2614  2058  3466  1602  1538  1490  3479  2402  2701  3168  2510  1494  2220  3572  3488  3074  2750  1759  2724  3015  2148  1799  2585  2415   349  3456  3269  3246  2956  3581  1890   870  2921  3135  3199  3975  1780  2956  4326  1366  3598  1490  1856  1624  2748  2395  2680  2392  2734  3428  3469  3329  1922  2972  1354  2185  3475  1868  2790     0
DRONE_EDGE_WEIGHT_SECTION
     0  1463  1457  1017  1322   213  1279   898  1118   475  1054  1285   171   365   942  1107  1419   858  1247   311  1019  1342  1071  1405  1105   572  1329   761   716   603   482  1493   347  1048   675  1381  1244  1166   618  1397  1033  1215  1288  1247  1369   714  1259   416  1178   566  1125   899  1513  1400   592   129  1104   845  1090   571   581
  1463     0   654   649   499  1633   263  2252  2539  1474  2506   183  1595  1794   634  2570  2863  1066   300  1297  2402   694   654   176   893   933  2785   871   877  1119  1511   475  1117  2477  1028   121  2705   605  1095  1041   453  2678   260   646   409  2175   282  1297   292  2027  2436   687  2955   598  1289  1497   360  1168   719  2034   886
  1457   654     0  1086   200  1664   464  2346  2572  1255  2490   597  1622  1821  1010  2493  2858   716   451  1186  2474   128   388   804   435   895  2752  1185  1160  1380  1289   195  1161  2500   813   554  2655   297  1362   419   591  2604   458   210   255  2104   818  1130   594  1963  2563  1048  2952    74  1033  1541   685   802   370  1977   935
  1017   649  1086     0   886  1133   647  1673  1985  1224  1984   546  1102  1282   108  2088  2323  1062   646   981  1831  1048   823   506  1059   681  2264   272   306   515  1257   980   702  1932   908   644  2199   855   491  1334   510  2190   656   949   852  1710   368  1037   501  1566  1836   125  2413  1012  1118  1003   402  1144   900  1567   569
  1322   499   200   886     0  1524   274  2198  2439  1178  2370   410  1482  1684   811  2388  2737   671   257  1073  2333   197   266   630   430   751  2637   992   969  1195  1214   174  1008  2370   719   386  2544   173  1176   542   395  2499   270   158    98  1995   628  1032   396  1850  2410   850  2830   126   963  1396   486   768   290  1862   773
   213  1633  1664  1133  1524     0  1464   685   918   648   873  1459    42   162  1072   956  1232  1070  1434   521   810  1551  1277  1560  1318   773  1152   864   827   658   646  1693   526   851   887  1559  1076  1371   679  1610  1217  1060  1474  1455  1566   579  1411   621  1354   441   912  1024  1325  1606   794   136  1273  1054  1300   438   766
  1279   263   464   647   274  1464     0  2113  2381  1236  2332   136  1424  1626   590  2378  2695   805    39  1079  2257   468   391   362   632   720  2607   801   791  1031  1274   333   939  2315   781   142  2522   346  1009   807   247  2487    10   400   212  1982   355  1067   148  1834  2311   636  2788   395  1042  1330   252   907   457  1843   699
   898  2252  2346  1673  2198   685  2113     0   343  1275   449  2090   728   539  1642   669   686  1749  2086  1199   162  2235  1958  2153  2002  1451   678  1407  1387  1158  1261  2365  1191   322  1572  2193   667  2051  1183  2291  1867   720  2123  2137  2234   581  2003  1291  1991   602   237  1588   766  2286  1455   805  1900  1724  1983   578  1428
  1118  2539  2572  1985  2439   918  2381   343     0  1410   198  2370   960   757  1945   427   345  1929  2351  1392   189  2454  2188  2451  2199  1689   342  1715  1690  1472  1388  2610  1444    78  1772  2471   355  2283  1496  2470  2133   435  2390  2362  2484   561  2300  1468  2267   659   369  1892   430  2517  1615  1051  2181  1888  2203   638  1684
   475  1474  1255  1224  1178   648  1236  1275  1410     0  1290  1292   616   749  1124  1255  1652   549  1199   256  1362  1128   912  1473   835   566  1531  1028   974   966    37  1350   558  1333   462  1368  1426  1005   972  1073  1022  1364  1244  1057  1252   882  1347   188  1185   756  1511  1099  1743  1217   223   604  1147   488   896   775   661
  1054  2506  2490  1984  2370   873  2332   449   198  1290     0  2332   912   713  1934   236   368  1825  2301  1304   336  2370  2112  2431  2102  1624   280  1713  1683  1479  1265  2542  1395   148  1681  2431   228  2207  1503  2361  2086   271  2342  2282  2421   412  2281  1369  2226   536   546  1884   461  2439  1503  1009  2146  1776  2121   518  1634
  1285   183   597   546   410  1459   136  2090  2370  1292  2332     0  1421  1621   506  2391  2691   900   161  1114  2238   604   502   232   753   750  2610   733   731   975  1330   452   939  2307   850   105  2529   472   952   942   270  2500   140   533   342  1996   223  1115   110  1848  2279   557  2784   529  1110  1324   190  1002   575  1855   706
   171  1595  1622  1102  1482    42  1424   728   960   616   912  1421     0   203  1039   989  1271  1029  1393   480   852  1509  1235  1524  1276   731  1190   835   797   636   616  1652   485   892   846  1520  1113  1329   656  1568  1177  1094  1433  1412  1525   608  1375   582  1315   466   954   992  1365  1564   756   100  1235  1014  1257   466   726
   365  1794  1821  1282  1684   162  1626   539   757   749   713  1621   203     0  1226   807  1070  1210  1596   660   654  1707  1435  1719  1466   933   992  1011   978   793   740  1854   688   689  1035  1721   919  1530   815  1752  1379   908  1636  1612  1728   448  1569   752  1516   327   772  1177  1163  1765   919   298  1435  1186  1455   317   929
   942   634  1010   108   811  1072   590  1642  1945  1124  1934   506  1039  1226     0  2028  2279   954   583   885  1797   964   728   513   959   576  2215   239   255   490  1157   919   615  1888   800   609  2145   766   466  1239   424  2132   600   862   787  1645   364   936   442  1499  1814    54  2370   936  1013   940   338  1036   803  1501   466
  1107  2570  2493  2088  2388   956  2378   669   427  1255   236  2391   989   807  2028     0   443  1803  2344  1315   570  2369  2125  2509  2087  1659   298  1818  1783  1598  1226  2563  1454   384  1680  2486   183  2221  1621  2326  2135   110  2387  2288  2448   396  2361  1363  2283   544   782  1980   522  2448  1476  1088  2211  1743  2125   536  1685
  1419  2863  2858  2323  2737  1232  2695   686   345  1652   368  2691  1271  1070  2279   443     0  2190  2664  1672   526  2737  2479  2782  2468  1990   150  2052  2025  1811  1625  2909  1756   392  2048  2791   264  2575  1836  2724  2448   367  2704  2649  2787   769  2631  1736  2586   901   651  2228    94  2807  1867  1367  2504  2139  2488   885  1996
   858  1066   716  1062   671  1070   805  1749  1929   549  1825   900  1029  1210   954  1803  2190     0   767   550  1858   588   423  1119   287   451  2074   982   933  1057   581   835   677  1854   208   947  1971   501  1050   543   660  1912   810   530   758  1423  1030   462   808  1289  1980   955  2283   686   326   971   814   102   381  1306   565
  1247   300   451   646   257  1434    39  2086  2351  1199  2301   161  1393  1596   583  2344  2664   767     0  1043  2229   446   354   391   598   686  2575   788   775  1014  1236   336   908  2285   743   180  2489   313   992   781   219  2454    45   372   207  1948   372  1030   145  1800  2286   627  2757   380  1003  1300   245   869   421  1810   668
   311  1297  1186   981  1073   521  1079  1199  1392   256  1304  1114   480   660   885  1315  1672   550  1043     0  1311  1066   811  1274   808   364  1567   774   721   712   284  1247   302  1319   379  1200  1472   907   717  1092   846  1426  1088   978  1133   922  1139   113  1004   778  1430   856  1765  1136   289   432   951   535   817   791   434
  1019  2402  2474  1831  2333   810  2257   162   189  1362   336  2238   852   654  1797   570   526  1858  2229  1311     0  2361  2088  2307  2119  1583   531  1563  1542  1316  1345  2501  1327   191  1688  2340   535  2181  1340  2401  2010   602  2267  2265  2372   583  2157  1397  2137   642   219  1744   605  2416  1554   937  2048  1826  2109   618  1567
  1342   694   128  1048   197  1551   468  2235  2454  1128  2370   604  1509  1707   964  2369  2737   588   446  1066  2361     0   284   826   308   788  2630  1120  1090  1301  1162   285  1056  2382   690   582  2532   207  1284   347   540  2479   464   107   286  1981   817  1006   577  1840  2454   996  2831   117   906  1430   657   674   252  1855   838
  1071   654   388   823   266  1277   391  1958  2188   912  2112   502  1235  1435   728  2125  2479   423   354   811  2088   284     0   732   256   507  2377   855   821  1023   948   440   774  2117   452   533  2282    96  1007   511   323  2235   394   180   342  1732   673   766   429  1588  2175   752  2573   329   699  1153   472   524    79  1601   554
  1405   176   804   506   630  1560   362  2153  2451  1473  2431   232  1524  1719   513  2509  2782  1119   391  1274  2307   826   732     0   984   913  2711   752   767  1003  1510   636  1060  2393  1049   251  2637   703   979  1168   465  2616   364   762   550  2119   151  1290   311  1971  2328   567  2874   742  1305  1425   327  1220   805  1976   846
  1105   893   435  1059   430  1318   632  2002  2199   835  2102   753  1276  1466   959  2087  2468   287   598   808  2119   308   256   984     0   601  2355  1054  1013  1186   868   576   865  2125   431   771  2254   288  1173   313   574  2196   634   274   526  1704   929   733   684  1568  2229   976  2561   416   612  1207   726   367   179  1584   687
   572   933   895   681   751   773   720  1451  1689   566  1624   750   731   933   576  1659  1990   451   686   364  1583   788   507   913   601     0  1896   545   493   607   602   921   270  1620   253   837  1807   599   599   913   483  1769   729   687   797  1263   783   379   640  1116  1668   561  2084   835   437   647   588   505   539  1126   121
  1329  2785  2752  2264  2637  1152  2607   678   342  1531   280  2610  1190   992  2215   298   150  2074  2575  1567   531  2630  2377  2711  2355  1896     0  1993  1963  1758  1503  2811  1671   359  1940  2708   116  2473  1782  2604  2361   217  2617  2545  2691   651  2561  1625  2504   790   696  2164   224  2703  1749  1288  2425  2019  2383   776  1909
   761   871  1185   272   992   864   801  1407  1715  1028  1713   733   835  1011   239  1818  2052   982   788   774  1563  1120   855   752  1054   545  1993     0    54   251  1057  1118   476  1660   797   838  1928   914   227  1355   597  1920   811  1013   983  1443   604   849   657  1301  1576   185  2142  1112   962   737   553  1048   922  1301   425
   716   877  1160   306   969   827   791  1387  1690   974  1683   731   797   978   255  1783  2025   933   775   721  1542  1090   821   767  1013   493  1963    54     0   244  1003  1101   424  1634   745   836  1896   883   221  1316   576  1885   801   983   965  1404   617   794   649  1261  1562   202  2116  1087   908   698   547   997   886  1262   373
   603  1119  1380   515  1195   658  1031  1158  1472   966  1479   975   636   793   490  1598  1811  1057  1014   712  1316  1301  1023  1003  1186   607  1758   251   244     0   989  1335   421  1420   853  1080  1698  1094    25  1497   808  1697  1042  1194  1199  1235   855   809   891  1099  1325   436  1900  1309   956   545   790  1103  1081  1096   502
   482  1511  1289  1257  1214   646  1274  1261  1388    37  1265  1330   616   740  1157  1226  1625   581  1236   284  1345  1162   948  1510   868   602  1503  1057  1003   989     0  1386   585  1311   499  1405  1398  1041   996  1101  1060  1334  1281  1092  1288   856  1384   223  1222   732  1498  1131  1717  1252   256   610  1183   517   931   752   695
  1493   475   195   980   174  1693   333  2365  2610  1350  2542   452  1652  1854   919  2563  2909   835   336  1247  2501   285   440   636   576   921  2811  1118  1101  1335  1386     0  1174  2541   892   387  2718   346  1315   612   527  2673   325   305   137  2169   674  1207   479  2024  2574   962  3003   168  1134  1564   581   929   457  2036   937
   347  1117  1161   702  1008   526   939  1191  1444   558  1395   939   485   688   615  1454  1756   677   908   302  1327  1056   774  1060   865   270  1671   476   424   421   585  1174     0  1377   470  1037  1589   864   423  1175   692  1562   948   954  1045  1060   915   390   833   912  1403   578  1850  1099   535   392   757   705   809   918   241
  1048  2477  2500  1932  2370   851  2315   322    78  1333   148  2307   892   689  1888   384   392  1854  2285  1319   191  2382  2117  2393  2125  1620   359  1660  1634  1420  1311  2541  1377     0  1698  2407   347  2212  1444  2395  2068   411  2325  2290  2416   484  2242  1393  2203   581   399  1837   482  2446  1538   986  2119  1812  2131   560  1618
   675  1028   813   908   719   887   781  1572  1772   462  1681   850   846  1035   800  1680  2048   208   743   379  1688   690   452  1049   431   253  1940   797   745   853   499   892   470  1698     0   917  1842   546   847   725   586  1791   788   608   790  1291   939   317   746  1150  1800   794  2142   768   261   780   726   252   445  1165   373
