
NAME : CVS-21-7
COMMENT : CVS
TYPE : RDVRP-TW
DIMENSION : 21
CAPACITY : 100
EDGE_WEIGHT_TYPE : EXPLICIT
EDGE_WEIGHT_FORMAT : FULL_MATRIX 
NODE_COORD_SECTION
  0 -78.8465283000 35.7910400000
  1 -78.8444798000 35.7972829000
  2 -78.8543921000 35.7824705000
  3 -78.8429034000 35.8029700000
  4 -78.8347035000 35.7889540000
  5 -78.8625473000 35.7858754000
  6 -78.8631161000 35.7898140000
  7 -78.8326810000 35.7793565000
  8 -78.8455543000 35.7839090000
  9 -78.8575724000 35.8019295000
 10 -78.8362715000 35.7805555000
 11 -78.8627460000 35.7825871000
 12 -78.8538477000 35.7975266000
 13 -78.8569743000 35.7778597000
 14 -78.8579955000 35.7874394000
 15 -78.8535965000 35.7883775000
 16 -78.8500208000 35.8024779000
 17 -78.8561785000 35.8042948000
 18 -78.8621194000 35.7927868000
 19 -78.8459747000 35.7781954000
 20 -78.8497996000 35.7890631000
TIME_WINDOW_SECTION
  0      0  36000
  1      0  32035
  2  10475  12475
  3  21726  26726
  4  28256  30256
  5   9488  11488
  6   3831   5831
  7  14473  16473
  8  19682  21682
  9  19267  23111
 10      0  32251
 11  11455  14387
 12  20531  27095
 13   7920   9920
 14  29910  31950
 15  24775  26775
 16  14755  18255
 17   9336  11336
 18      0  31600
 19   2029   4839
 20   4165   6165
DEMAND_SECTION
  0      0
  1      9
  2     16
  3     14
  4     25
  5     23
  6      5
  7     27
  8      7
  9     27
 10      5
 11      7
 12      7
 13     18
 14     18
 15     26
 16      5
 17     24
 18      7
 19     21
 20     18
SERVICE_TIME_SECTION
  0      0
  1   1000
  2   1000
  3   1000
  4   1000
  5   1000
  6   1000
  7   1000
  8   1000
  9   1000
 10   1000
 11   1000
 12   1000
 13   1000
 14   1000
 15   1000
 16   1000
 17   1000
 18   1000
 19   1000
 20   1000
TRUCK_EDGE_WEIGHT_SECTION
     0  1678  2925  2780  2196  3244  2411  5039  2484  3585  3605  3690  1965  3448  2984  1459  2394  3929  2874  2679  1041
  2965     0  4461  1996  3802  4780  3948  6182  4020  2860  4748  5226  2204  4984  4520  2995  1610  2449  4410  4215  2578
  2656  3722     0  4825  4241  2660  1828  4246  2084  3250  2811  3106  4010   824  2400  1759  4439  3594  2290  2279  2184
  3371  2354  4868     0  4209  5186  4354  6589  4425  2249  5154  5632  2610  5390  4926  3401   999  1838  4816  4621  2984
  1941  2995  4290  4098     0  4609  3776  2842  3285  4950  1409  5055  3282  4812  4349  2824  3711  4550  4239  2640  2406
  3061  3380  1962  4482  3899     0  1485  5425  3262  2908  3990  1208  3668  2485   660  1416  4096  3251  1948  3458  1841
  2936  3255  1838  4359  3775  1106     0  5300  3138  2784  3866  1552  3544  2360   846  1292  3972  3128   462  3334  1716
  4166  5412  4230  6515  2812  6106  5274     0  3594  6954  1679  6552  5700  4751  5845  4488  6130  7298  5736  2949  4076
  1226  2472  2376  3575  2991  3672  2840  3931     0  4014  2496  4119  2760  2899  3412  1548  3190  4358  3302  1964  1136
  4101  4420  3250  2252  4939  3569  2736  6712  4550     0  5279  4015  4708  3772  3309  2458  1588   504  3199  4746  2881
  2749  3995  2811  5098  1395  4688  3855  1734  2176  5535     0  5134  4282  3334  4428  3070  4711  5880  4319  1531  2659
  3508  3826  2409  4929  4345  1208  1931  5871  3709  3354  4438     0  4114  2931  1099  1862  4542  3698  2394  3904  2288
  2494  1476  3990  2580  3331  4309  3476  5711  3549  4650  4276  4755     0  4512  4049  2524  2194  3032  3939  3744  2106
  3179  4244   824  5348  4764  3182  2350  4769  2605  3772  3334  3629  4532     0  2921  2281  4961  4116  2812  2801  2705
  2801  3120  1702  4222  3639   660  1225  5165  3001  2648  3730  1099  3408  2224     0  1156  3836  2991  1688  3198  1581
  1284  2421  2801  3525  2941  3120  2288  4501  2338  3460  3066  3566  2710  3324  2860     0  3139  3804  2750  2534   418
  2885  1868  4381   962  3722  4700  3868  6102  3940  1581  4669  5148  2125  4904  4440  2915     0  1170  4331  4135  2498
  4445  2748  3594  1841  5282  3912  3080  7056  4894   504  5622  4359  3004  4116  3652  2801  1176     0  3542  5090  3225
  3400  3718  2300  4821  4238  1569   462  5764  3600  3246  4329  2015  4006  2822  1309  1755  4435  3590     0  3796  2179
  2216  3462  2279  4565  2665  4155  3322  2966  1644  5002  1531  4601  3750  2801  3895  2538  4179  5346  3786     0  2126
   871  1838  2218  2941  2358  2536  1704  4089  1926  2876  2655  2982  2126  2740  2276   418  2555  3220  2166  2122     0
DRONE_EDGE_WEIGHT_SECTION
     0   699   998  1334   495   827   627  1400   795  1277  1228  1118   770  1519   584   395  1280  1516   605  1430   251
   699     0  1689   636   994  1433  1075  2043  1489   699  1887  1770   340  2211  1203  1046   612   886   814  2125   936
   998  1689     0  2320  1031   487   880   893   369  2169   718   315  1676   523   569   658  2233  2430  1184   573   754
  1334   636  2320     0  1588  2033  1638  2655  2124   535  2507  2383   722  2843  1814  1670   259   494  1329  2760  1568
   495   994  1031  1588     0  1091  1056  1071   692  1667   937  1266  1184  1493   881   704  1605  1877  1097  1270   559
   827  1433   487  2033  1091     0   439  1340   673  1796  1153   366  1336   917   243   434  1904  2063   770  1060   592
   627  1075   880  1638  1056   439     0  1630   928  1364  1440   805   923  1351   325   387  1488  1631   333  1445   500
  1400  2043   893  2655  1071  1340  1630     0   703  2675   191  1195  2170   941  1310  1275  2652  2907  1856   523  1257
   795  1489   369  2124   692   673   928   703     0  2054   512   664  1546   800   609   581  2073  2302  1164   636   595
  1277   699  2169   535  1667  1796  1364  2675  2054     0  2505  2161   508  2679  1613  1515   276   268  1031  2676  1460
  1228  1887   718  2507   937  1153  1440   191   512  2505     0  1027  1998   843  1120  1087  2492  2742  1668   453  1074
  1118  1770   315  2383  1266   366   805  1195   664  2161  1027     0  1695   570   569   730  2263  2428  1136   803   868
   770   340  1676   722  1184  1336   923  2170  1546   508  1998  1695     0  2192  1133  1018   568   758   607  2172   954
  1519  2211   523  2843  1493   917  1351   941   800  2679   843   570  2192     0  1067  1178  2752  2943  1673   422  1276
   584  1203   569  1814   881   243   325  1310   609  1613  1120   569  1133  1067     0   194  1699  1877   614  1124   354
   395  1046   658  1670   704   434   387  1275   581  1515  1087   730  1018  1178   194     0  1575  1774   583  1169   160
  1280   612  2233   259  1605  1904  1488  2652  2073   276  2492  2263   568  2752  1699  1575     0   298  1164  2707  1493
  1516   886  2430   494  1877  2063  1631  2907  2302   268  2742  2428   758  2943  1877  1774   298     0  1299  2929  1711
   605   814  1184  1329  1097   770   333  1856  1164  1031  1668  1136   607  1673   614   583  1164  1299     0  1733   615
  1430  2125   573  2760  1270  1060  1445   523   636  2676   453   803  2172   422  1124  1169  2707  2929  1733     0  1218
   251   936   754  1568   559   592   500  1257   595  1460  1074   868   954  1276   354   160  1493  1711   615  1218     0
DEPOT_SECTION
0
-1
EOF
    