
NAME : CVS-21-4
COMMENT : CVS
TYPE : RDVRP-TW
DIMENSION : 21
CAPACITY : 100
EDGE_WEIGHT_TYPE : EXPLICIT
EDGE_WEIGHT_FORMAT : FULL_MATRIX 
NODE_COORD_SECTION
  0 -78.8465283000 35.7910400000
  1 -78.8463347000 35.7801209000
  2 -78.8525753000 35.7996404000
  3 -78.8463143000 35.7839446000
  4 -78.8423690000 35.7817210000
  5 -78.8443086000 35.8029236000
  6 -78.8322429000 35.7844614000
  7 -78.8567304000 35.7831805000
  8 -78.8558300000 35.7878806000
  9 -78.8627824000 35.7810613000
 10 -78.8595831000 35.7874714000
 11 -78.8547770000 35.8025003000
 12 -78.8426140000 35.7787520000
 13 -78.8572118000 35.7986310000
 14 -78.8630165000 35.7826549000
 15 -78.8497308000 35.7820677000
 16 -78.8528991000 35.7945801000
 17 -78.8333430000 35.7787915000
 18 -78.8395085000 35.8016230000
 19 -78.8398030000 35.7810098000
 20 -78.8575632000 35.7792799000
TIME_WINDOW_SECTION
  0      0  36000
  1      0  33044
  2  21213  23213
  3  24980  26980
  4  17333  19335
  5      0  31810
  6  11121  19603
  7      0  32524
  8      0  32856
  9  19832  22422
 10   3275   5275
 11   3114   5542
 12  23474  29974
 13  30453  32453
 14  22406  24880
 15  18215  20215
 16  26986  28986
 17      0  30892
 18  12911  16711
 19      0  32279
 20   8275  14305
DEMAND_SECTION
  0      0
  1     26
  2     26
  3     16
  4     15
  5      6
  6     30
  7      7
  8     16
  9     24
 10     30
 11     28
 12     14
 13     14
 14     13
 15     20
 16     17
 17     27
 18     27
 19     27
 20      5
SERVICE_TIME_SECTION
  0      0
  1   1000
  2   1000
  3   1000
  4   1000
  5   1000
  6   1000
  7   1000
  8   1000
  9   1000
 10   1000
 11   1000
 12   1000
 13   1000
 14   1000
 15   1000
 16   1000
 17   1000
 18   1000
 19   1000
 20   1000
TRUCK_EDGE_WEIGHT_SECTION
     0  2420  2455  2569  2810  2599  3265  2745  2148  3506  2828  3904  2742  3024  3690  1876  2040  4979  2909  3184  3530
  1956     0  3980  1469   870  4125  2564  1840  3011  4159  3480  5062   802  4182  4342   804  3565  2646  4435  1244  2624
  2919  3910     0  4058  4300  1795  4825  3316  2720  4079  3400  1874  4232   808  4262  3366  2232  6076  2698  4674  4101
  1312  1790  3336     0  2180  3480  3874  2281  2661  4020  3341  4418  2112  3538  4204  1246  2920  3956  3790  2554  3066
  2348   870  4371  1859     0  4515  2170  2230  3401  4549  3870  5454   686  4572  4732  1194  3955  2252  4236   850  3015
  3190  4181  1896  4330  4571     0  5096  4506  3909  5268  4589  1969  4505  4785  5451  3638  2504  6348   902  4945  5291
  3315  2585  5146  3575  2191  5291     0  3945  4886  6245  5566  6642  2401  5762  6429  2910  4731  2988  3599  1868  4730
  2476  1840  3261  1989  2230  4464  3924     0  1595  2742  2064  3390  2162  2509  2926  1102  3904  4006  4774  2604   555
  2144  3135  3240  3284  3525  3385  4050  2661     0  3422  2744  3820  3458  2940  3606  2591  2825  5301  3695  3899  3446
  3765  3902  3804  4051  4292  5006  5671  2486  2136     0  1120  3931  4226  3051   471  3165  4446  6069  5316  4666  3271
  2645  2782  2684  2931  3172  3886  4551  1366  1016  1120     0  2811  3106  1931   862  2045  3326  4949  4196  3546  2151
  4421  4805  1819  4954  5196  1972  6328  3390  2792  4151  3472     0  5129  1066  4335  4069  3390  6972  2875  5570  4174
  2280   802  4304  1792   686  4449  2380  2162  3334  4481  3802  5386     0  4506  4665  1128  3889  2462  4446  1060  2948
  3540  3925   752  4074  4316  2132  5446  2509  1912  3270  2591  1066  4249     0  3455  3189  4221  6092  5091  4690  3294
  3508  3645  3546  3794  4035  4749  5414  2229  1879   471   862  3674  3969  2794     0  2908  4189  5811  5059  4409  3014
  1441   804  3465   952  1194  3609  2888  1102  2274  3421  2742  4069  1128  3189  3605     0  3049  2971  3919  1569  1888
  2569  3559  2329  3708  3950  2472  4474  3885  3288  4646  3968  3419  3882  4164  4830  3015     0  5726  3375  4324  4669
  4108  2630  6131  3619  2236  6275  2910  3990  5161  6309  5630  7212  2446  6332  6492  2954  5715     0  4978  1912  4774
  2614  4458  2798  4606  4208   902  3289  4784  4186  5545  4866  2871  4418  5061  5729  3914  3406  5004     0  3884  5568
  2721  1244  4745  2234   850  4889  1846  2604  3775  4922  4244  5828  1060  4948  5106  1569  4329  1930  3914     0  3389
  3261  2624  4046  2772  3015  5249  4708   555  2379  3526  2848  4174  2948  3294  3711  1888  4689  4791  5559  3389     0
DRONE_EDGE_WEIGHT_SECTION
     0  1216   982   790  1049  1325   905   954   492  1266   626  1310  1376   930  1118  1006   458  1450  1205  1144  1373
  1216     0  2185   426   233  2539   719   520   935   633   958  2510   208  2099   692   252  1628   516  2407   267   437
   982  2185     0  1762  2030   470  1847  1839  1314  2102  1379   328  2354   201  1929  1959   563  2428   518  2127  2274
   790   426  1762     0   289  2114   532   401   564   699   633  2089   595  1683   645   245  1209   755  1984   409   671
  1049   233  2030   289     0  2361   488   566   851   776   909  2358   331  1960   787   281  1484   473  2218   125   637
  1325  2539   470  2114  2361     0  2102  2244  1726  2526  1808   376  2691   665  2358  2330   979  2717   224  2445  2677
   905   719  1847   532   488  2102     0   932   960  1212  1075  2171   747  1825  1175   710  1361   633  1929   478  1117
   954   520  1839   401   566  2244   932     0   524   328   489  2152   727  1720   244   292  1277  1012  2148   684   435
   492   935  1314   564   851  1726   960   524     0   803   147  1628  1131  1198   641   686   754  1319  1641   973   960
  1266   633  2102   699   776  2526  1212   328   803     0   724  2405   808  1967   178   506  1549  1147  2444   871   280
   626   958  1379   633   909  1808  1075   489   147   724     0  1682  1162  1245   551   706   829  1382  1737  1034   915
  1310  2510   328  2089  2358   376  2171  2152  1628  2405  1682     0  2681   439  2230  2282   884  2755   553  2455  2587
  1376   208  2354   595   331  2691   747   727  1131   808  1162  2681     0  2278   887   457  1803   353  2549   273   573
   930  2099   201  1683  1960   665  1825  1720  1198  1967  1245   439  2278     0  1791  1864   477  2379   717  2064  2154
  1118   692  1929   645   787  2358  1175   244   641   178   551  2230   887  1791     0   506  1379  1205  2281   896   429
  1006   252  1959   245   281  2330   710   292   686   506   706  2282   457  1864   506     0  1398   721  2209   394   430
   458  1628   563  1209  1484   979  1361  1277   754  1549   829   884  1803   477  1379  1398     0  1903   921  1587  1712
  1450   516  2428   755   473  2717   633  1012  1319  1147  1382  2755   353  2379  1205   721  1903     0  2552   348   924
  1205  2407   518  1984  2218   224  1929  2148  1641  2444  1737   553  2549   717  2281  2209   921  2552     0  2295  2575
  1144   267  2127   409   125  2445   478   684   973   871  1034  2455   273  2064   896   394  1587   348  2295     0   701
  1373   437  2274   671   637  2677  1117   435   960   280   915  2587   573  2154   429   430  1712   924  2575   701     0
DEPOT_SECTION
0
-1
EOF
    