
NAME : CVS-61-8
COMMENT : CVS
TYPE : RDVRP-TW
DIMENSION : 61
CAPACITY : 100
EDGE_WEIGHT_TYPE : EXPLICIT
EDGE_WEIGHT_FORMAT : FULL_MATRIX 
NODE_COORD_SECTION
  0 -78.8465283000 35.7910400000
  1 -78.8579817000 35.7846057000
  2 -78.8527542000 35.8012760000
  3 -78.8501873000 35.8007627000
  4 -78.8559913000 35.7813195000
  5 -78.8556114000 35.7799286000
  6 -78.8361315000 35.7895255000
  7 -78.8575350000 35.7858963000
  8 -78.8536980000 35.7889360000
  9 -78.8511673000 35.7862814000
 10 -78.8481679000 35.7800696000
 11 -78.8550752000 35.7975580000
 12 -78.8546291000 35.7799225000
 13 -78.8372616000 35.8007595000
 14 -78.8352935000 35.7871205000
 15 -78.8587418000 35.7866394000
 16 -78.8405172000 35.8036296000
 17 -78.8481457000 35.7945572000
 18 -78.8510777000 35.7991058000
 19 -78.8529700000 35.8020823000
 20 -78.8511568000 35.7794058000
 21 -78.8364340000 35.7790480000
 22 -78.8555027000 35.7801175000
 23 -78.8549563000 35.8019990000
 24 -78.8560749000 35.7883782000
 25 -78.8511812000 35.7940371000
 26 -78.8465618000 35.7782413000
 27 -78.8595831000 35.7874714000
 28 -78.8391995000 35.7901485000
 29 -78.8393416000 35.7789804000
 30 -78.8526905000 35.7947738000
 31 -78.8434132000 35.8039441000
 32 -78.8395528000 35.8029393000
 33 -78.8404623000 35.8024769000
 34 -78.8425225000 35.7806566000
 35 -78.8449114000 35.7848097000
 36 -78.8371760000 35.7856065000
 37 -78.8453428000 35.7792749000
 38 -78.8465358000 35.7863251000
 39 -78.8631864000 35.7838005000
 40 -78.8424949000 35.8004808000
 41 -78.8326060000 35.7821060000
 42 -78.8448915000 35.8029078000
 43 -78.8440736000 35.7863046000
 44 -78.8359579000 35.7864543000
 45 -78.8627460000 35.7825871000
 46 -78.8419812000 35.8040414000
 47 -78.8460295000 35.7805391000
 48 -78.8403920000 35.7892570000
 49 -78.8535965000 35.7883775000
 50 -78.8558239000 35.7927463000
 51 -78.8342640000 35.7893915000
 52 -78.8523615000 35.7943722000
 53 -78.8540391000 35.7801711000
 54 -78.8358990000 35.7803460000
 55 -78.8551658000 35.7839330000
 56 -78.8356880000 35.7842685000
 57 -78.8631406000 35.7875404000
 58 -78.8323910000 35.7777775000
 59 -78.8579955000 35.7874394000
 60 -78.8494736000 35.7940660000
TIME_WINDOW_SECTION
  0      0  36000
  1      0  32582
  2      0  32216
  3      0  32502
  4  30646  32646
  5      0  32034
  6      0  32975
  7      0  32000
  8      0  32886
  9      0  33715
 10      0  33334
 11      0  32385
 12      0  31959
 13      0  32329
 14      0  32806
 15      0  32168
 16      0  31352
 17      0  32769
 18      0  32549
 19      0  31815
 20      0  32868
 21      0  31931
 22      0  32061
 23      0  30609
 24      0  32920
 25      0  32696
 26      0  32809
 27      0  32355
 28      0  33425
 29      0  32301
 30      0  32401
 31      0  31531
 32      0  31234
 33      0  30919
 34      0  32701
 35      0  33839
 36  20977  22977
 37      0  32936
 38      0  34181
 39      0  31248
 40   4292   7380
 41      0  31522
 42      0  31862
 43      0  33904
 44  20318  23414
 45      0  31492
 46      0  31300
 47      0  33046
 48      0  33218
 49      0  33716
 50      0  32255
 51      0  31978
 52      0  32411
 53      0  32014
 54      0  32041
 55      0  32544
 56      0  31795
 57      0  32059
 58      0  31116
 59      0  32199
 60      0  32891
DEMAND_SECTION
  0      0
  1      5
  2      7
  3     23
  4     29
  5     25
  6     22
  7      6
  8     14
  9     19
 10     29
 11     29
 12     27
 13     13
 14     30
 15     17
 16      9
 17     25
 18     20
 19     24
 20      6
 21     24
 22     24
 23     17
 24     15
 25     29
 26     24
 27      6
 28     30
 29     13
 30     22
 31     16
 32     28
 33     19
 34     17
 35     29
 36     10
 37     17
 38     15
 39     21
 40      9
 41     13
 42     29
 43      8
 44     26
 45     17
 46     18
 47      7
 48      6
 49     27
 50     24
 51     10
 52     15
 53     14
 54     16
 55     22
 56     18
 57      9
 58     24
 59     13
 60     13
SERVICE_TIME_SECTION
  0      0
  1   1000
  2   1000
  3   1000
  4   1000
  5   1000
  6   1000
  7   1000
  8   1000
  9   1000
 10   1000
 11   1000
 12   1000
 13   1000
 14   1000
 15   1000
 16   1000
 17   1000
 18   1000
 19   1000
 20   1000
 21   1000
 22   1000
 23   1000
 24   1000
 25   1000
 26   1000
 27   1000
 28   1000
 29   1000
 30   1000
 31   1000
 32   1000
 33   1000
 34   1000
 35   1000
 36   1000
 37   1000
 38   1000
 39   1000
 40   1000
 41   1000
 42   1000
 43   1000
 44   1000
 45   1000
 46   1000
 47   1000
 48   1000
 49   1000
 50   1000
 51   1000
 52   1000
 53   1000
 54   1000
 55   1000
 56   1000
 57   1000
 58   1000
 59   1000
 60   1000
TRUCK_EDGE_WEIGHT_SECTION
     0  2686  2194  1908  2952  3235  2284  3182  2142  1722  2129  2086  3310  2966  2449  3015  3056  1701  1988  2694  2482  3932  3208  3875  2084  1775  2655  2828  1835  3162  2070  2879  3175  3490  2761  2418  3446  2526  1281  3280  2866  3565  2546  1559  2551  3690  3109  2416  2042  1459  2216  3312  2060  3255  3814  2725  3061  2469  4756  2984  1580
  2418     0  3158  3714   572   855  4091  2360  1531  2198  1490  3892   930  4772  3455  2192  4862  3509  3794  4500  1634  2900   828  3301  1471  3581  2016  2005  3641  2524  3876  4685  4981  5296  2124  1780  3456  1888  1732  2456  4672  3299  4352  2010  3351  2868  4915  1779  3849  1520  4022  3912  3866   875  2782   345  3030  1645  3724  2161  3386
  2784  3146     0   286  3412  3695  3710  3642  2602  3078  3484  2145  3770  2338  3874  3475  2116  1760   738  1755  3838  4894  3668  1732  2544  1834  4010  3288  3260  4516  2128  1939  2236  2551  4116  3772  4872  3881  2636  3740  1926  4990  1606  2914  3976  4150  2170  3771  3468  2592  2275  4738  2118  3715  4776  3185  4486  2929  5718  3444  1638
  2498  3756   286     0  4022  4304  3424  4252  3211  2791  3198  1859  4379  2051  3588  4085  1831  1474   452  1469  3551  4609  4278  2019  3152  1548  3724  3898  2974  4231  1842  1654  1950  2265  3831  3488  4586  3595  2350  4349  1641  4705  1321  2628  3691  4760  1884  3486  3181  2528  1989  4451  1831  4324  4490  3794  4201  3538  5432  4052  1352
  2684   572  3424  3980     0   798  4356  2626  1798  2464  1756  4159   815  5039  3721  2459  5129  3774  4060  4766  1900  3166   825  3568  1738  3848  2282  2271  3908  2790  4142  4951  5248  5562  2390  2045  3722  2154  1999  2722  4939  3565  4619  2276  3618  3134  5181  2045  4115  1786  4289  4179  4132   869  3049   448  3296  1911  3990  2428  3652
  2966   855  3706  4262   798     0  4639  2908  2079  2746  2039  4441   262  5321  4002  2741  5410  4056  4342  5049  2182  3449    26  3850  2020  4130  2564  2552  4189  3071  4424  5232  5530  5845  2671  2328  4004  2435  2280  3005  5220  3846  4900  2558  3900  3416  5464  2326  4396  2069  4571  4460  4414   318  3331   648  3579  2194  4272  2709  3935
  2025  4135  3595  3310  4401  4684     0  4631  3591  3171  3578  3488  4759  2366  1848  4464  4458  3104  3389  4095  3931  3331  4656  5324  3532  3176  4104  4276   450  3238  3471  4280  2556  2526  3535  3866  1218  3866  2730  4729  2391  2965  3948  3008  1951  5139  4511  3865   495  2908  3619  2711  3461  4704  3214  4174  2460  3918  4155  4432  2981
  3000  1662  2992  3549  1929  2210  3926     0  1366  3294  2846  3728  2285  4608  4090   598  4698  3344  3629  4335  2990  4256  2184  3136  1306  3416  3372   442  3476  3880  3711  4520  4816  5131  3479  3135  5089  3244  2852  1640  4508  4655  4188  3130  4192   900  4750  3134  3684  1355  3858  4954  3701  2231  4139  1701  4702  1480  5080   199  3221
  2114  2572  2949  2662  2839  3121  3039  3069     0  2408  2814  2841  3196  3721  3204  2901  3811  2456  2742  3449  3168  4224  3094  3761   365  2530  3339  2714  2590  3846  2825  3634  3930  4245  3446  3102  4201  3211  1966  3165  3621  4320  3301  2242  3306  3576  3864  3101  2798   141  2971  4068  2815  3141  4106  2611  3816  2355  5048  2870  2335
  1285  2171  3046  2761  2438  2719  3138  3669  1748     0  1448  2940  2794  3820  3301  3502  3909  2555  2840  3548  1800  2858  2692  4361  2570  2629  1972  3314  2688  2480  2922  3731  4029  4344  2080  1736  3412  1844   599  3766  3719  3255  3399   876  3405  4176  3962  1735  2895  1606  3070  3869  2912  2740  2739  2209  2988  2955  3681  3470  2434
  1666  1490  3429  3142  1756  2039  3519  3544  2715  1446     0  3321  2114  4201  2542  3376  4291  2936  3222  3929  1120  1989  2011  4742  2656  3010   400  3189  3070  1611  3305  4114  4410  4725  1211  1028  2544   975   981  3641  4101  2386  3781  1258  2440  4051  4344   398  3278  1988  3451  3000  3294  2059  1870  1529  2119  2830  2811  3345  2815
  2615  3874  2115  1829  4139  4421  3541  4369  3329  2909  3315     0  4496  3198  3705  4202  2978  1232  1909  2615  3669  4725  4395  5061  3270  1306  3841  4015  3091  4349  1158  2799  3096  3411  3949  3605  4704  3712  2468  4466  2788  4822  2468  2745  3808  4878  3030  3604  3299  2645  1000  4569  1148  4441  4608  3911  4318  3655  5549  4170  1111
  3041   930  3781  4338   815   262  4714  2982  2154  2821  2114  4516     0  5396  4079  2816  5485  4131  4418  5124  2258  3524   290  3925  2095  4205  2639  2629  4264  3146  4499  5308  5605  5920  2746  2402  4079  2510  2355  3080  5295  3921  4975  2632  3975  3491  5539  2401  4471  2144  4646  4535  4489    55  3406   722  3654  2269  4348  2784  4010
  2671  4782  2875  2590  5049  5330  2366  5278  4238  3818  4224  3791  5405     0  2530  5111   870  3408  2669  2359  4578  4014  5304  3239  4179  3480  4750  4924  1916  3920  3775  1129   608   576  4218  4514  3529  4549  3376  5375   799  3648  1236  3654  2632  5786   922  4512  2124  3554  3921  3394  3765  5350  3896  4820  3142  4564  4838  5079  3285
  2194  3430  3764  3478  3696  3979  1888  4800  3760  3339  2518  3656  4054  2535     0  4632  4626  3272  3558  4264  3060  1484  3951  5492  3700  3345  2364  4445  1438  1390  3640  4449  2725  2694  1688  2968   999  2020  2899  4896  2559  1118  4116  3175   104  5308  4680  2126  1646  3076  3786   864  3630  3999  1366  3469   614  4085  2308  4601  3150
  2832  1495  2826  3382  1761  2044  3759   598  1199  3126  2679  3561  2119  4441  3922     0  4530  3176  3461  4168  2822  4090  2016  2970  1140  3250  3205   188  3309  3712  3544  4352  4649  4965  3312  2969  4921  3076  2685  1596  4340  4488  4020  2962  4025   856  4584  2968  3516  1189  3691  4786  3534  2064  3971  1534  4535  1314  4912   432  3054
  3648  4905  2091  1805  5171  5452  4572  5401  4360  3940  4348  3008  5528   870  4738  5234     0  2622  1885  1574  4700  5758  5426  2455  4301  2696  4872  5046  4122  5380  2991   402   262   579  4980  4636  5735  4744  3499  5498  1029  5854   510  3776  4840  5909   196  4635  4331  3676  3138  5600  2981  5474  5640  4944  5350  4686  6581  5202  2501
  2231  3489  1730  1444  3755  4036  3156  3985  2944  2524  2931  1232  4111  2814  3320  3818  2592     0  1524  2230  3284  4341  4010  4676  2885   450  3456  3630  2706  3964   745  2415  2711  3026  3564  3220  4319  3328  2082  4081  2402  4438  2082  2360  3424  4492  2645  3219  2914  2260   891  4184   735  4056  4222  3526  3934  3270  5165  3785   121
  2451  3709   738   451  3975  4258  3376  4205  3165  2745  3151  1811  4332  2005  3541  4038  1784  1428     0  1421  3505  4561  4230  1992  3106  1500  3676  3850  2928  4184  1795  1606  1904  2219  3784  3440  4539  3549  2304  4301  1594  4658  1274  2581  3644  4712  1838  3439  3135  2481  1942  4405  1785  4278  4444  3748  4154  3491  5385  4006  1305
  3185  4442  1629  1344  4709  4991  4111  4939  3899  3479  3885  2546  5066  2264  4275  4771  1538  2161  1424     0  4239  5295  4964  1811  3840  2235  4411  4584  3661  4919  2529  1360  1658  1972  4518  4174  5274  4282  3038  5036  2328  5392  1028  3315  4378  5446  1591  4172  3869  3215  2676  5139  2519  5011  5178  4481  4888  4225  6119  4740  2040
  2132  1956  3894  3609  2222  2504  3985  4010  3180  1912  1205  3788  2579  4668  3169  3842  4756  3402  3689  4395     0  2615  2478  5209  3121  3476  1730  3655  3535  2238  3770  4579  4876  5191  1838  1494  3170  1601  1446  4106  4566  3012  4246  1724  3066  4518  4810  1492  3742  2454  3918  3626  3760  2525  2498  1995  2745  3295  3439  3811  3281
  3069  2894  4831  4546  3160  3441  3350  4946  4118  2849  1981  4724  3516  3996  1462  4780  5694  4340  4625  5331  2522     0  3415  6146  4059  4412  1826  4592  2900   852  4708  5516  5812  4156  1150  2431  1464  1482  2384  5044  4021  1306  5184  2661  1360  5455  5748  1589  3108  3390  4854  1920  4698  3461   790  2931  1039  4232  1162  4748  4218
  2939   828  3679  4235   825    26  4612  2881  2052  2719  2011  4414   290  5294  3976  2714  5384  4030  4315  5021  2155  3421     0  3822  1992  4102  2538  2526  4162  3045  4398  5206  5502  5818  2645  2301  3978  2409  2254  2978  5194  3820  4874  2531  3874  3389  5438  2300  4370  2041  4544  4434  4388   345  3304   621  3551  2166  4245  2682  3908
  4391  3301  1745  2265  3568  3850  5318  3798  2758  4685  4486  3466  3925  3184  5481  3631  2459  3082  1938  1818  4630  5896  3822     0  2699  3155  5011  3442  4868  5519  3450  2281  2578  2892  5119  4775  6480  4882  4244  3895  3249  6599  1949  4521  5585  4305  2512  4774  5075  2748  3596  6345  3440  3870  5779  3340  6095  3084  6720  3599  2960
  2080  2539  2915  2629  2805  3086  3005  3035   365  2372  2780  2808  3161  3688  3169  2868  3776  2422  2709  3415  3132  4190  3060  3726     0  2496  3305  2680  2555  3812  2790  3599  3896  4211  3412  3069  4168  3176  1931  3131  3586  4286  3266  2209  3272  3542  3830  3068  2762   355  2938  4032  2780  3108  4071  2576  3782  2320  5014  2836  2301
  2304  3562  1804  1518  3828  4110  3230  4058  3018  2598  3004  1306  4185  2886  3394  3891  2666   450  1598  2304  3358  4415  4084  4750  2959     0  3530  3704  2780  4038   421  2488  2785  3100  3638  3294  4392  3401  2156  4155  2476  4511  2156  2434  3498  4566  2719  3292  2988  2334   568  4258   410  4130  4296  3600  4006  3344  5238  3859   329
  2191  2016  3954  3669  2282  2564  4045  4070  3240  1972   400  3848  2639  4728  2389  3902  4816  3462  3748  4454  1645  1834  2538  5269  3181  3536     0  3715  3595  1456  3830  4639  4936  5251  1056  1554  2389   821  1506  4166  4626  2231  4306  1784  2285  4578  4870   330  3802  2512  3978  2845  3820  2584  1716  2054  1964  3355  2658  3870  3340
  2645  1308  2639  3195  1574  1856  3571   442  1011  2939  2491  3372  1931  4254  3735   188  4342  2989  3274  3980  2635  3901  1829  2782   952  3061  3018     0  3121  3525  3356  4165  4461  4776  3125  2781  4734  2889  2498  1936  4152  4300  3832  2775  3838   862  4396  2780  3329  1000  3502  4599  3346  1876  3784  1346  4348  1126  4725   244  2866
  1575  3685  3145  2860  3951  4234   450  4181  3141  2721  3128  3039  4309  1916  1398  4015  4008  2654  2939  3645  3481  2881  4206  4874  3082  2728  3654  3826     0  2788  3021  3830  2106  2076  3085  3416   930  3418  2280  4279  1941  2515  3498  2558  1501  4689  4061  3415   208  2458  3169  2261  3011  4254  2764  3724  2011  3468  3705  3982  2532
  2699  2524  4461  4176  2790  3071  3302  4578  3748  2480  1611  4355  3146  3949  1415  4410  5324  3970  4255  4961  2152   860  3045  5776  3689  4044  1456  4222  2852     0  4338  5146  5442  4109   780  2061  1415  1112  2014  4674  3974  1258  4814  2291  1311  5085  5378  1219  3060  3020  4485  1871  4328  3091   742  2561   990  3862  1684  4378  3848
  2599  3856  2098  1812  4122  4405  3524  4352  3312  2892  3299  1158  4480  3181  3689  4185  2960   745  1891  2598  3652  4709  4378  5045  3254   421  3824  3998  3075  4331     0  2782  3080  3395  3931  3588  4686  3696  2451  4449  2770  4805  2450  2728  3791  4860  3014  3586  3282  2629   599  4552    10  4425  4591  3895  4301  3639  5532  4154   624
  3469  4728  1914  1628  4994  5275  4395  5224  4182  3762  4170  2830  5350  1129  4559  5056   402  2445  1708  1396  4522  5580  5249  2276  4124  2519  4695  4869  3945  5202  2814     0   521   838  4802  4459  5558  4566  3321  5320  1288  5676   332  3599  4662  5731   455  4458  4152  3499  2960  5422  2802  5295  5461  4765  5172  4509  6404  5024  2324
  3766  5024  2210  1925  5290  5572  2556  5520  4480  4060  4466  3128  5648   608  2720  5352   262  2742  2004  1694  4820  5876  5545  2574  4421  2816  4992  5165  2106  5499  3110   521     0   316  5099  4755  3719  4864  3619  5618   766  3838   629  3896  2824  6028   316  4754  2314  3796  3258  3584  3100  5592  5759  5062  3334  4806  6700  5321  2620
  4081  5339  2525  2240  5605  5888  2526  5835  4795  4375  4781  3442  5962   576  2690  5668   579  3058  2320  2009  5135  4174  5860  2889  4736  3131  5308  5480  2076  4079  3425   838   316     0  4376  5070  3689  5179  3934  5932   735  3806   945  4211  2792  6342   631  5069  2284  4111  3572  3554  3415  5908  4055  5378  3302  5121  4998  5636  2936
  2299  2124  4061  3776  2390  2671  3599  4176  3348  2079  1211  3954  2746  4246  1712  4010  4924  3570  3855  4561  1752  1158  2645  5376  3289  3642  1056  3822  3150   780  3938  4746  5042  5358     0  1661  1712   712  1614  4274  4734  1555  4414  1891  1609  4685  4978   819  3358  2620  4085  2169  3928  2691  1040  2161  1288  3462  1981  3978  3448
  1161  2072  2924  2639  2339  2621  3015  3546  1625   941  1349  2816  2696  3698  3179  3379  3786  2432  2718  3424  1701  2759  2594  4239  2448  2505  1874  3191  2565  2381  2800  3609  3905  4220  1981     0  3314  1745   476  3642  3596  3156  3276   754  3281  4054  3840  1636  2772  1482  2948  3770  2790  2641  2641  2111  2889  2832  3582  3348  2310
  3591  3415  4785  4500  3681  3962  1218  5469  4781  3371  2502  4679  4039  3556  1022  5301  5648  4294  4579  5286  3044  1469  3936  6514  4722  4368  2349  5114   930  1375  4661  5470  3746  3716  1672  2952     0  2004  2905  5565  3581  1102  5138  3182   919  5976  5701  2110   975  3912  4809  1479  4651  3984  1351  3454   598  4754  2292  5270  4172
  2064  1888  3825  3540  2154  2435  3916  3941  3111  1844   975  3719  2510  4599  2044  3774  4688  3334  3620  4326  1516  1490  2409  5140  3052  3408   821  3586  3466  1112  3701  4510  4808  5122   712  1425  2045     0  1378  4038  4498  1888  4178  1655  1941  4449  4741   582  3674  2385  3849  2501  3691  2456  1371  1926  1620  3226  2314  3742  3212
   819  1730  2581  2295  1996  2278  2672  3204  1281   599  1006  2474  2352  3354  2836  3036  3444  2090  2375  3081  1359  2416  2251  3896  2104  2162  1531  2849  2222  2039  2458  3266  3562  3878  1639  1295  2971  1402     0  3300  3254  2814  2934   278  2939  3711  3498  1294  2430  1140  2604  3428  2448  2299  2299  1769  2546  2489  3240  3005  1968
  3752  2415  3745  4301  2681  2962  4679  1640  2119  4046  3599  4480  3038  5360  4842  1694  5450  4095  4381  5088  3742  5009  2936  3889  2059  4169  4125  1506  4229  4632  4464  5272  5569  5884  4231  3888  5840  3996  3605     0  5260  5408  4940  3882  4945   954  5502  3886  4436  2108  4610  5706  4454  2984  4891  2454  5455   811  5832  1661  3974
  4020  5278  2464  2179  5544  5826  2391  5774  4734  4314  4720  3381  5901   799  2555  5608  1029  2996  2259  1948  5074  4039  5799  2828  4675  3070  5246  5419  1941  3945  3364  1288   766   735  5352  5009  3554  5118  3872  5871     0  3671  1395  4150  2658  6281  1081  5008  2149  4050  3511  3419  3354  5846  3920  5316  3168  5060  4862  5575  2875
  3478  3302  4864  4579  3569  3850  2989  5355  4860  3258  2390  4758  3925  3635  1101  5189  5726  4372  4658  5365  2931  1356  3824  6592  4801  4446  2235  5001  2539  1261  4740  5549  3825  3795  1559  2840  1102  1891  2792  5452  3660     0  5216  3070   998  5864  5780  1998  2746  3799  4888  1558  4730  3870  1238  3340   505  4641  2179  5156  4251
  3138  4395  1581  1295  4661  4942  4062  4891  3851  3430  3838  2498  5018  1236  4228  4724   510  2112  1375  1064  4190  5248  4916  1945  3791  2186  4362  4536  3612  4870  2481   332   629   945  4470  4126  5225  4234  2989  4988  1395  5344     0  3266  4330  5399   564  4125  3821  3166  2628  5090  2471  4964  5130  4434  4840  4176  6071  4692  1991
  1096  2008  2859  2572  2274  2555  2949  3481  1559   876  1282  2751  2630  3631  3114  3314  3721  2366  2652  3359  1636  2694  2529  4172  2381  2440  1809  3126  2500  2316  2735  3544  3840  4155  1916  1572  3249  1680   278  3578  3531  3091  3211     0  3216  3989  3774  1571  2708  1418  2881  3705  2724  2575  2575  2045  2824  2766  3518  3282  2245
  2296  3328  3866  3581  3594  3875  1991  4902  3862  3284  2415  3760  3950  2638   104  4735  4729  3375  3660  4366  2956  1381  3849  5595  3804  3449  2260  4548  1541  1286  3742  4551  2828  2798  1584  2865   895  1916  2818  5000  2662  1014  4219  3095     0  5410  4782  2022  1749  3179  3890   761  3732  3895  1262  3365   510  4189  2205  4704  3252
  3508  2170  3501  4058  2436  2719  4434   900  1874  3801  3354  4235  2794  5116  4598   856  5205  3851  4136  4842  3498  4764  2691  3645  1815  3924  3880   862  3984  4388  4219  5028  5324  5639  3988  3644  5596  3751  3360   954  5015  5162  4695  3638  4700     0  5259  3642  4191  1862  4365  5461  4209  2739  4646  2209  5210  1509  5588  1099  3729
  3700  4959  2145  1859  5224  5506  4626  5454  4414  3994  4400  3061  5581   922  4790  5288   196  2676  1939  1628  4754  5811  5480  2508  4355  2750  4926  5100  4176  5434  3044   455   316   631  5034  4690  5789  4798  3552  5551  1081  5908   564  3830  4894  5962     0  4689  4384  3730  3191  5654  3034  5526  5692  4996  5402  4740  6634  5255  2555
  1954  1779  3716  3431  2045  2326  3808  3831  3002  1734   398  3609  2401  4490  2150  3665  4579  3225  3510  4216  1408  1596  2300  5031  2944  3298   330  3478  3358  1219  3592  4401  4698  5012   819  1316  2151   582  1269  3929  4389  1994  4069  1546  2048  4340  4632     0  3565  2275  3739  2608  3582  2346  1479  1816  1726  3118  2420  3632  3102
  1782  3894  3352  3068  4160  4441   495  4389  3349  2929  3335  3246  4516  2124  1606  4222  4215  2861  3148  3854  3689  3089  4415  5081  3290  2935  3861  4035   208  2995  3229  4038  2314  2284  3292  3625   975  3625  2488  4486  2149  2722  3705  2765  1709  4898  4269  3624     0  2665  3376  2469  3219  4461  2971  3931  2219  3675  3912  4190  2740
  1284  2562  2939  2652  2829  3110  3029  3059   141  1576  1984  2831  3185  3711  3192  2891  3800  2446  2732  3439  2336  3394  3084  3750   355  2520  2509  2704  2579  3016  2814  3622  3920  4235  2616  2272  4191  2380  1135  3155  3611  4310  3290  1412  3296  3566  3854  2271  2786     0  2961  4056  2804  3131  3275  2600  3806  2344  4218  2860  2325
  2745  4004  2245  1959  4270  4551  3671  4499  3459  3039  3445  1000  4626  3328  3835  4332  3108   891  2039  2745  3799  4856  4525  5191  3400   568  3971  4145  3221  4479   599  2929  3226  3541  4079  3735  4834  3842  2598  4596  2918  4952  2598  2875  3939  5008  3160  3734  3429  2775     0  4699   588  4571  4738  4041  4448  3785  5679  4300   770
  3022  3889  4592  4306  4155  4436  2716  5629  4588  3844  2976  4485  4511  3362   829  5461  5455  4100  4386  5092  3518  1941  4410  6320  4529  4174  2821  5274  2266  1848  4469  5276  3554  3522  2145  3426  1456  2478  3379  5725  3388  1575  4945  3656   726  6136  5508  2584  2474  3904  4615     0  4458  4456  1824  3926  1071  4914  2765  5430  3979
  2589  3846  2088  1801  4112  4394  3514  4342  3301  2881  3289  1148  4469  3171  3679  4175  2950   735  1881  2588  3641  4699  4368  5035  3242   410  3814  3988  3064  4321    10  2772  3069  3384  3921  3578  4676  3685  2440  4439  2760  4795  2440  2718  3781  4850  3004  3576  3272  2618   588  4541     0  4415  4581  3884  4291  3628  5522  4144   612
  2986   875  3726  4282   869   318  4659  2929  2099  2766  2059  4461    55  5341  4024  2761  5431  4076  4362  5069  2202  3469   345  3870  2040  4150  2584  2574  4209  3091  4445  5252  5550  5865  2691  2348  4025  2456  2301  3025  5241  3868  4921  2578  3920  3436  5484  2346  4418  2089  4591  4480  4434     0  3351   668  3599  2214  4292  2729  3955
  2959  2782  4721  4435  3049  3331  3240  4836  4008  2739  1870  4614  3406  3886  1352  4669  5584  4229  4515  5221  2412   836  3304  6035  3948  4302  1716  4481  2790   742  4598  5405  5702  4046  1040  2320  1352  1371  2274  4932  3911  1195  5074  2550  1249  5344  5636  1479  2998  3280  4744  1809  4586  3351     0  2821   928  4121  1660  4638  4108
  2456   345  3196  3752   448   648  4129  2399  1569  2236  1529  3931   722  4811  3494  2231  4900  3546  3832  4539  1672  2939   621  3340  1510  3620  2054  2044  3679  2561  3914  4722  5020  5335  2161  1818  3494  1926  1771  2495  4711  3336  4390  2048  3390  2906  4954  1816  3886  1559  4061  3950  3904   668  2821     0  3069  1684  3762  2199  3425
  3205  3030  4360  4075  3295  3578  2484  5396  4356  2985  2118  4252  3652  3131   596  5229  5222  3869  4154  4860  2659  1082  3551  6089  4298  3941  1962  5041  2034   989  4236  5045  3321  3290  1286  2568   598  1619  2520  5492  3155   505  4712  2798   494  5904  5276  1725  2242  3526  4382  1054  4226  3598   965  3068     0  4682  1906  5198  3746
  2941  1604  2934  3490  1870  2151  3868  1050  1308  3235  2788  3669  2228  4549  4031   882  4639  3285  3570  4276  2931  4198  2125  3078  1248  3358  3314   695  3418  3821  3652  4461  4758  5072  3420  3076  5030  3185  2794   811  4449  4596  4129  3071  4134  1558  4692  3075  3625  1296  3799  4895  3642  2172  4080  1642  4644     0  5021   850  3162
  3884  3708  5645  5360  3974  4255  4164  5761  4931  3664  2795  5539  4330  4811  2276  5594  6508  5154  5440  6146  3336  1111  4229  6960  4872  5228  2641  5406  3714  1668  5521  6330  6628  4970  1964  3245  2278  2296  3198  5858  4835  2120  5998  3475  2174  6269  6561  2402  3922  4205  5669  2734  5511  4276  1605  3746  1852  5046     0  5562  5032
  2801  1464  2794  3350  1730  2011  3726   199  1166  3094  2648  3529  2086  4409  3891   432  4499  3144  3430  4136  2791  4058  1985  2938  1108  3218  3172   244  3278  3680  3512  4321  4618  4932  3280  2936  4889  3045  2654  2092  4309  4455  3989  2930  3994  1099  4551  2935  3485  1156  3659  4755  3501  2031  3940  1501  4504  1281  4881     0  3022
  2109  3366  1609  1322  3632  3915  3035  3862  2822  2402  2809  1111  3990  2691  3199  3696  2470   121  1402  2109  3162  4219  3888  4555  2764   329  3335  3508  2585  3842   624  2292  2590  2905  3442  3098  4198  3206  1961  3960  2281  4316  1961  2239  3301  4370  2524  3096  2792  2139   770  4062   612  3935  4101  3405  3811  3149  5042  3664     0
DRONE_EDGE_WEIGHT_SECTION
     0   833  1162  1090  1138  1283   419   703   354   557  1223   790  1274  1133   603   667  1418   396   913  1251  1307  1387  1261  1258   461   375  1425   626   288  1369   473  1441  1348  1292  1166   696   697  1310   525  1017  1061  1122  1322   535   644  1118  1457  1169   301   395   391   489   428  1242  1255   854   855   728  1569   584   354
   833     0  1866  1821   373   528   981   145   508   316   626  1446   536  1952   893   228  2212  1166  1634  1954   634  1023   508  1939   426  1080   830   325   932   943  1149  2217  2149  2090   730   491   787   762   469   215  1856   995  2093   554   849   287  2241   639   835   451   910  1032  1107   516   959   130   838   379  1232   315  1099
  1162  1866     0   108  2225  2379  1441  1721  1374  1670  2367   422  2378   557  1700  1644   509   766   249    90  2435  2547  2357   113  1441   808  2574  1557  1333  2531   724   446   506   459  2326  1855  1835  2464  1680  1983   378  2259   334  1696  1760  2113   492  2322  1412  1436   956  1484   769  2350  2411  1933  1994  1575  2722  1552   811
  1090  1821   108     0  2175  2328  1351  1677  1323  1612  2305   398  2326   463  1613  1603   470   695   187   177  2378  2470  2307   219  1395   750  2511  1519  1247  2458   673   429   450   396  2256  1786  1753  2399  1613  1947   277  2175   305  1625  1676  2075   468  2256  1330  1384   915  1392   716  2297  2333  1882  1912  1546  2642  1510   746
  1138   373  2225  2175     0   155  1178   513   852   581   328  1808   164  2271  1010   601  2547  1502  1988  2314   281   785   135  2302   786  1427   496   698  1166   684  1503  2560  2481  2423   516   570   854   464   661   387  2190   889  2437   713   945   292  2581   387  1059   791  1272  1212  1459   148   769   293   833   743   981   685  1439
  1283   528  2379  2328   155     0  1294   668  1005   727   283  1963    37  2416  1107   756  2696  1652  2141  2468   179   736    21  2457   941  1579   393   853  1293   628  1656  2711  2629  2571   503   677   939   397   790   517  2338   905  2588   832  1037   401  2730   370  1185   944  1427  1323  1612    66   750   446   894   893   917   841  1590
   419   981  1441  1351  1178  1294     0   893   654   665  1145  1131  1274  1251   270   899  1578   713  1198  1526  1260  1166  1274  1548   750   747  1316   900   133  1180   843  1627  1498  1450  1016   618   438  1192   526  1193  1241   836  1523   464   342  1259  1630  1067   160   660   809    71   804  1239  1022   944   585  1026  1315   844   704
   703   145  1721  1677   513   668   893     0   367   242   738  1301   674  1813   841    94  2069  1025  1489  1809   761  1102   648  1795   282   936   948   191   830  1032  1004  2074  2007  1948   812   488   762   869   414   315  1714  1027  1949   505   808   417  2098   737   739   313   765   949   963   651  1023   236   838   278  1312   173   957
   354   508  1374  1323   852  1005   654   367     0   310  1009   961  1004  1446   713   317  1704   658  1136  1464  1065  1278   984  1455   108   575  1220   273   553  1233   651  1712  1641  1582  1012   564   718  1120   394   672  1348  1096  1588   463   715   784  1734   978   494    62   431   721   607   976  1166   560   849   383  1479   231   592
   557   316  1670  1612   581   727   665   242   310     0   701  1263   720  1690   599   285  1970   928  1428  1760   765   978   705  1755   296   863   912   341   619   927   947  1986  1902  1845   706   286   528   810   173   528  1612   838  1865   265   568   598  2005   668   520   250   740   717   902   689   876   301   621   468  1183   285   869
  1223   626  2367  2305   328   283  1145   738  1009   701     0  1964   246  2338   922   833  2638  1613  2122  2457   136   461   279  2454   971  1559   213   929  1171   357  1645  2663  2565  2510   224   542   743   139   699   703  2282   632  2545   711   846   619  2678    97  1063   947  1440  1161  1600   223   467   505   664  1004   653   900  1559
   790  1446   422   398  1808  1963  1131  1301   961  1263  1964     0  1963   733  1370  1223   854   418   225   509  2026  2174  1941   494  1023   417  2173  1135  1008  2149   322   824   818   758  1938  1468  1484  2067  1289  1560   558  1910   699  1316  1422  1690   861  1924  1069  1023   536  1186   368  1936  2043  1517  1643  1154  2358  1131   439
  1274   536  2378  2326   164    37  1274   674  1004   720   246  1963     0  2406  1082   764  2689  1647  2139  2468   144   699    40  2458   943  1576   360   861  1277   591  1655  2706  2621  2564   467   656   913   360   775   539  2332   869  2584   814  1011   427  2725   334  1168   942  1428  1302  1611    36   713   447   864   906   881   846  1586
  1133  1952   557   463  2271  2416  1251  1813  1446  1690  2338   733  2406     0  1520  1757   340   795   529   580  2432  2417  2394   647  1540   902  2530  1689  1183  2426   869   417   256   223  2246  1797  1687  2410  1642  2114   190  2084   362  1628  1593  2229   402  2274  1285  1501  1117  1270   896  2374  2273  1985  1837  1749  2565  1665   866
   603   893  1700  1613  1010  1107   270   841   713   599   922  1370  1082  1520     0   876  1848   954  1454  1786  1046   900  1089  1805   785   968  1076   905   367   919  1066  1896  1768  1720   769   442   183   952   428  1107  1510   567  1792   340    78  1146  1899   836   304   695   984   256  1023  1047   754   824   318  1038  1046   846   933
   667   228  1644  1603   601   756   899    94   317   285   833  1223   764  1757   876     0  2004   964  1416  1732   854  1192   736  1715   218   869  1042    98   824  1123   933  2005  1944  1885   903   556   814   963   457   357  1651  1103  1880   549   850   475  2031   831   742   272   688   960   892   741  1109   330   902   192  1401    93   895
  1418  2212   509   470  2547  2696  1578  2069  1704  1970  2638   854  2689   340  1848  2004     0  1047   629   476  2725  2740  2675   545  1789  1135  2835  1928  1501  2744  1079   109    84   128  2558  2101  2010  2717  1939  2358   358  2413   175  1933  1919  2480    69  2578  1600  1763  1331  1601  1115  2658  2597  2257  2162  1971  2893  1911  1112
   396  1166   766   695  1502  1652   713  1025   658   928  1613   418  1647   795   954   964  1047     0   517   856  1690  1781  1631   864   747   125  1817   894   590  1765   167  1059   983   924  1561  1092  1076  1704   918  1321   690  1501   937   931  1008  1438  1079  1562   655   717   346   769   155  1616  1646  1211  1235   957  1958   871    73
   913  1634   249   187  1988  2141  1198  1489  1136  1428  2122   225  2139   529  1454  1416   629   517     0   338  2193  2298  2120   351  1208   564  2329  1332  1087  2282   486   604   593   534  2078  1607  1587  2218  1432  1761   344  2011   478  1448  1513  1888   638  2075  1164  1198   729  1243   529  2111  2162  1696  1746  1361  2473  1323   564
  1251  1954    90   177  2314  2468  1526  1809  1464  1760  2457   509  2468   580  1786  1732   476   856   338     0  2525  2636  2447    71  1530   898  2664  1644  1419  2620   814   398   487   448  2416  1945  1923  2554  1770  2069   415  2346   302  1786  1847  2200   448  2412  1499  1526  1044  1568   859  2439  2500  2022  2081  1661  2810  1640   901
  1307   634  2435  2378   281   179  1260   761  1065   765   136  2026   144  2432  1046   854  2725  1690  2193  2525     0   562   183  2519  1016  1629   218   952  1277   452  1712  2746  2654  2598   356   646   869   222   790   668  2368   765  2626   813   971   564  2763   232  1169  1003  1495  1280  1667   139   589   526   797  1012   738   931  1633
  1387  1023  2547  2470   785   736  1166  1102  1278   978   461  2174   699  2417   900  1192  2740  1781  2298  2636   562     0   735  2645  1274  1757   397  1280  1240   111  1852  2783  2662  2612   293   717   731   340   895  1142  2396   370  2674   858   825  1072  2790   401  1146  1223  1688  1154  1806   681   146   893   582  1380   209  1238  1741
  1261   508  2357  2307   135    21  1274   648   984   705   279  1941    40  2394  1089   736  2675  1631  2120  2447   183   735     0  2436   920  1558   399   833  1273   628  1635  2689  2607  2550   496   658   922   398   769   502  2317   895  2567   812  1019   388  2709   363  1165   922  1406  1304  1591    56   745   425   879   875   918   820  1569
  1258  1939   113   219  2302  2457  1548  1795  1455  1755  2454   494  2458   647  1805  1715   545   864   351    71  2519  2645  2436     0  1517   897  2663  1626  1438  2626   808   464   559   520  2419  1948  1937  2554  1772  2048   477  2362   373  1792  1864  2180   515  2411  1514  1517  1030  1592   854  2430  2510  2011  2096  1637  2822  1625   905
   461   426  1441  1395   786   941   750   282   108   296   971  1023   943  1540   785   218  1789   747  1208  1530  1016  1274   920  1517     0   655  1184   165   655  1221   723  1793  1729  1669   999   576   769  1091   422   575  1435  1122  1668   503   779   691  1817   951   590    92   486   816   681   917  1172   496   888   279  1479   127   678
   375  1080   808   750  1427  1579   747   936   575   863  1559   417  1576   902   968   869  1135   125   564   898  1629  1757  1558   897   655     0  1767   794   617  1733    99  1138  1076  1016  1524  1053  1072  1658   875  1223   783  1497  1013   900  1014  1345  1162  1515   664   636   222   809    57  1547  1627  1134  1229   847  1941   776    62
  1425   830  2574  2511   496   393  1316   948  1220   912   213  2173   360  2530  1076  1042  2835  1817  2329  2664   218   397   399  2663  1184  1767     0  1139  1354   287  1854  2864  2761  2707   310   734   893   124   900   883  2480   683  2746   902   998   782  2877   257  1248  1159  1651  1324  1809   357   469   712   787  1209   544  1111  1765
   626   325  1557  1519   698   853   900   191   273   341   929  1135   861  1689   905    98  1928   894  1332  1644   952  1280   833  1626   165   794  1139     0   812  1214   852  1926  1870  1810   993   623   861  1058   503   430  1577  1175  1800   592   888   556  1952   925   740   244   603   964   813   839  1192   427   962   133  1489    59   823
   288   932  1333  1247  1166  1293   133   830   553   619  1171  1008  1277  1183   367   824  1501   590  1087  1419  1277  1240  1273  1438   655   617  1354   812     0  1243   714  1543  1424  1373  1064   631   511  1232   505  1139  1156   929  1435   465   428  1217  1550  1100   109   568   677   201   674  1242  1098   912   667   934  1401   759   577
  1369   943  2531  2458   684   628  1180  1032  1233   927   357  2149   591  2426   919  1123  2744  1765  2282  2620   452   111   628  2626  1221  1733   287  1214  1243     0  1827  2783  2667  2616   222   682   742   231   861  1050  2396   432  2671   835   842   974  2791   308  1145  1175  1652  1175  1781   575   201   814   605  1308   297  1175  1721
   473  1149   724   673  1503  1656   843  1004   651   947  1645   322  1655   869  1066   933  1079   167   486   814  1712  1852  1635   808   723    99  1854   852   714  1827     0  1074  1025   964  1616  1146  1170  1747   967  1282   734  1595   948   995  1113  1407  1101  1604   762   713   253   904    46  1626  1723  1210  1328   892  2038   839   141
  1441  2217   446   429  2560  2711  1627  2074  1712  1986  2663   824  2706   417  1896  2005   109  1059   604   398  2746  2783  2689   464  1793  1138  2864  1926  1543  2783  1074     0   177   194  2593  2131  2054  2747  1965  2356   387  2463   127  1964  1966  2480    52  2607  1639  1772  1324  1654  1113  2675  2641  2269  2208  1962  2941  1912  1121
  1348  2149   506   450  2481  2629  1498  2007  1641  1902  2565   818  2621   256  1768  1944    84   983   593   487  2654  2662  2607   559  1729  1076  2761  1870  1424  2667  1025   177     0    61  2483  2028  1931  2643  1867  2299   293  2333   190  1859  1840  2420   150  2505  1523  1699  1278  1520  1059  2590  2519  2191  2083  1917  2813  1851  1050
  1292  2090   459   396  2423  2571  1450  1948  1582  1845  2510   758  2564   223  1720  1885   128   924   534   448  2598  2612  2550   520  1669  1016  2707  1810  1373  2616   964   194    61     0  2430  1973  1882  2589  1812  2239   234  2286   165  1805  1791  2360   182  2451  1472  1641  1217  1474   999  2533  2469  2133  2034  1856  2766  1792   991
  1166   730  2326  2256   516   503  1016   812  1012   706   224  1938   467  2246   769   903  2558  1561  2078  2416   356   293   496  2419   999  1524   310   993  1064   222  1616  2593  2483  2430     0   471   587   187   649   855  2207   409  2478   631   691   795  2603   134   961   955  1434  1020  1570   440   254   601   478  1090   502   953  1515
