
NAME : CVS-21-2
COMMENT : CVS
TYPE : RDVRP-TW
DIMENSION : 21
CAPACITY : 100
EDGE_WEIGHT_TYPE : EXPLICIT
EDGE_WEIGHT_FORMAT : FULL_MATRIX 
NODE_COORD_SECTION
  0 -78.8465283000 35.7910400000
  1 -78.8625773000 35.7817051000
  2 -78.8499937000 35.7896987000
  3 -78.8537166000 35.7892397000
  4 -78.8401561000 35.7957047000
  5 -78.8577737000 35.7806129000
  6 -78.8454465000 35.7829050000
  7 -78.8379350000 35.7861945000
  8 -78.8446112000 35.8013855000
  9 -78.8459639000 35.7792122000
 10 -78.8354620000 35.7838830000
 11 -78.8546941000 35.7790468000
 12 -78.8356880000 35.7842685000
 13 -78.8587022000 35.7858923000
 14 -78.8359205000 35.7805525000
 15 -78.8393160000 35.7838970000
 16 -78.8574169000 35.7821544000
 17 -78.8409590000 35.8016797000
 18 -78.8341760000 35.7869690000
 19 -78.8441920000 35.8040028000
 20 -78.8409615000 35.7812370000
TIME_WINDOW_SECTION
  0      0  36000
  1  28168  31150
  2      0  33999
  3   2912   4912
  4  15368  17368
  5   3990   5990
  6   2551   5241
  7  10749  12749
  8   8279  10279
  9      0  32959
 10      0  31799
 11      0  31878
 12   2935   7665
 13  18362  25248
 14  11342  15766
 15      0  31582
 16      0  32369
 17  12774  16440
 18      0  32615
 19      0  31645
 20  28064  30064
DEMAND_SECTION
  0      0
  1     25
  2      5
  3      7
  4     25
  5     12
  6     22
  7     29
  8     11
  9     13
 10     10
 11     22
 12     14
 13     19
 14     21
 15     21
 16     27
 17      6
 18     11
 19     13
 20     14
SERVICE_TIME_SECTION
  0      0
  1   1000
  2   1000
  3   1000
  4   1000
  5   1000
  6   1000
  7   1000
  8   1000
  9   1000
 10   1000
 11   1000
 12   1000
 13   1000
 14   1000
 15   1000
 16   1000
 17   1000
 18   1000
 19   1000
 20   1000
TRUCK_EDGE_WEIGHT_SECTION
     0  3765  1238  2139  2090  3342  2760  3481  2341  2504  3058  3392  3061  3071  3842  3274  2900  3070  2640  2581  2812
  3581     0  2558  1944  4312  2900  4060  5704  4565  3804  5280  2950  5284   986  4749  5496  2458  5294  4864  4804  4111
  1001  3098     0  1472  2190  2675  2334  3580  2441  2078  3158  2725  3161  2404  3022  3372  2232  3170  2740  2680  2385
  2110  3648  1086     0  2841  3226  3442  4232  3094  3186  3809  3275  3812  2954  4131  4025  2782  3822  3392  3332  3494
  1795  4982  2456  3358     0  4561  3979  2686  1242  3722  2262  4610  2266  4290  3048  2479  4119  1075  1845  2342  3391
  3074  3598  2796  2184  4552     0  2778  4146  4804  2521  3682   715  3686  2905  3468  3939   214  5532  4238  5044  2830
  2298  4758  2500  3342  3956  2778     0  2529  4208   905  2066  2828  2070  4064  1850  2321  2335  4936  2620  4448   884
  3625  6085  3910  4812  2714  4105  2489     0  4968  2232   628  4155   632  5391  1414   464  3662  3698  1182  5206  1756
  3375  5711  3184  4086  1242  5289  4706  5498     0  4450  5074  5339  5078  5018  5396  5290  4846   942  4656   822  4759
  2041  4501  2244  3086  3700  2521   905  2272  3951     0  1810  2571  1814  3808  1594  2065  2079  4680  2364  4191   956
  3201  5974  3448  4349  2250  3681  2065   628  4504  1809     0  3731     4  5281   990   420  3239  3234   719  4744  1332
  3122  3648  2846  2232  4601   715  2828  4195  4854  2571  3732     0  3736  2954  3516  3988   929  5581  4286  5092  2879
  3205  5978  3451  4352  2254  3685  2069   632  4509  1812     4  3735     0  5285   994   424  3242  3238   722  4748  1336
  2889   986  1864  1251  3620  2208  3366  5011  3871  3110  4588  2256  4591     0  4056  4802  1764  4600  4170  4111  3419
  2988  5446  3189  4032  3038  3468  1850  1416  4898  1594   952  3516   956  4754     0  1209  3025  4021  1508  5136  1119
  3418  5876  3702  4605  2506  3898  2280   464  4760  2024   420  3946   424  5184  1206     0  3455  3489   975  4999  1549
  2631  3155  2354  1741  4110   214  2335  3704  4361  2079  3240   929  3244  2461  3025  3496     0  5090  3795  4600  2388
  4224  6560  4032  4935  1075  6139  5556  3669   942  5300  3245  6188  3250  5866  4031  3461  5695     0  2829  1380  4374
  2385  5574  3046  3948  1850  4212  2596  1159  4104  2340   735  4262   740  4880  1521   951  3770  2832     0  4342  1864
  3355  5690  3164  4065  2884  5269  4686  5478  1020  4430  5054  5318  5058  4998  5376  5270  4826  1599  4636     0  4739
  2350  4809  2551  3395  3420  2830   884  1798  4260   956  1334  2879  1338  4116  1119  1590  2388  4989  1889  4499     0
DRONE_EDGE_WEIGHT_SECTION
     0  1199   197   333   569  1234   906   627  1154  1317   897  1370   855   730  1233   839  1069  1201   644  1445  1111
  1199     0  1007   902  1766   219   660  1052  2288   689  1051   421  1053   488  1018   910   201  2361  1217  2572   820
   197  1007     0   147   760  1053   775   594  1316  1177   844  1199   806   533  1146   759   884  1374   661  1606  1001
   333   902   147     0   875   972   770   678  1392  1154   905  1135   871   416  1175   801   801  1460   769  1679  1011
   569  1766   760   875     0  1803  1438  1062   652  1849  1327  1932  1284  1289  1694  1315  1638   666   997   935  1611
  1234   219  1053   972  1803     0   531   971  2363   475   918   210   928   589   829   787   172  2425  1135  2651   641
   906   660   775   770  1438   531     0   462  2057   412   391   554   397   598   445   256   459  2096   619  2349   251
   627  1052   594   678  1062   971   462     0  1709   834   273  1016   230   777   633   261   859  1727   165  1995   563
  1154  2288  1316  1392   652  2363  2057  1709     0  2469  1977  2514  1933  1800  2341  1956  2192   135  1649   292  2247
  1317   689  1177  1154  1849   475   412   834  2469     0   654   333   684   885   410   579   544  2508   971  2760   295
   897  1051   844   905  1327   918   391   273  1977   654     0   905    44   899   371   145   849  1991   347  2262   360
  1370   421  1199  1135  1932   210   554  1016  2514   333   905     0   924   777   733   794   361  2570  1173  2805   576
   855  1053   806   871  1284   928   397   230  1933   684    44   924     0   881   414   142   851  1948   306  2219   392
   730   488   533   416  1289   589   598   777  1800   885   899   777   881     0  1044   760   419  1873   923  2084   845
  1233  1018  1146  1175  1694   829   445   633  2341   410   371   733   414  1044     0   394   833  2359   717  2628   206
   839   910   759   801  1315   787   256   261  1956   579   145   794   142   760   394     0   709  1980   392  2245   303
  1069   201   884   801  1638   172   459   859  2192   544   849   361   851   419   833   709     0  2256  1023  2480   631
  1201  2361  1374  1460   666  2425  2096  1727   135  2508  1991  2570  1948  1873  2359  1980  2256     0  1656   283  2276
   644  1217   661   769   997  1135   619   165  1649   971   347  1173   306   923   717   392  1023  1656     0  1931   687
  1445  2572  1606  1679   935  2651  2349  1995   292  2760  2262  2805  2219  2084  2628  2245  2480   283  1931     0  2537
  1111   820  1001  1011  1611   641   251   563  2247   295   360   576   392   845   206   303   631  2276   687  2537     0
DEPOT_SECTION
0
-1
EOF
    