
NAME : WM-21-2
COMMENT : CVS
TYPE : RDVRP-TW
DIMENSION : 21
CAPACITY : 100
EDGE_WEIGHT_TYPE : EXPLICIT
EDGE_WEIGHT_FORMAT : FULL_MATRIX 
NODE_COORD_SECTION
  0 -78.5881280000 35.7825655000
  1 -78.5989107000 35.7883176000
  2 -78.5896200000 35.7708301000
  3 -78.5837983000 35.7702115000
  4 -78.6003661000 35.7891615000
  5 -78.5927919000 35.7859268000
  6 -78.6019147000 35.7872340000
  7 -78.6012423000 35.7871175000
  8 -78.5974220000 35.7824151000
  9 -78.5960384000 35.7697863000
 10 -78.6017358000 35.7872869000
 11 -78.6025360000 35.7813006000
 12 -78.5978639000 35.7928958000
 13 -78.6029491000 35.7901754000
 14 -78.5918435000 35.7698859000
 15 -78.5910880000 35.7771201000
 16 -78.5992646000 35.7720769000
 17 -78.6012168000 35.7880364000
 18 -78.5857928000 35.7707570000
 19 -78.6023615000 35.7908736000
 20 -78.5854671000 35.7697597000
TIME_WINDOW_SECTION
  0      0  36000
  1  19773  21773
  2  13644  15644
  3  17378  19378
  4      0  32716
  5  28091  30091
  6  26639  30483
  7  19214  21214
  8  14854  16854
  9  19133  21417
 10   6663  12371
 11  11691  13691
 12  21368  23368
 13      0  32269
 14  20472  22472
 15      0  33311
 16  12825  15161
 17   3376   5376
 18      0  31652
 19      0  32004
 20   6291   8291
DEMAND_SECTION
  0      0
  1     30
  2     17
  3      5
  4     21
  5     29
  6     20
  7      6
  8      8
  9     24
 10     23
 11     13
 12     16
 13     13
 14     25
 15     23
 16     21
 17     17
 18     10
 19     29
 20     12
SERVICE_TIME_SECTION
  0      0
  1   1000
  2   1000
  3   1000
  4   1000
  5   1000
  6   1000
  7   1000
  8   1000
  9   1000
 10   1000
 11   1000
 12   1000
 13   1000
 14   1000
 15   1000
 16   1000
 17   1000
 18   1000
 19   1000
 20   1000
TRUCK_EDGE_WEIGHT_SECTION
     0  2160  2935  2208  2329  1200  2626  2551  2332  3094  2611  2265  2738  2776  2821  1791  3189  2464  2639  3041  2814
  2115     0  3458  4221   236   960   846   771  2855  3615   831  2788   835   685  3344  2312  3711   792  3970   880  4145
  2834  3458     0  1310  3626  2498  3924  3849  3630  1172  3909  3562  4035  4074   466  1300  1269  3761  1060  4339   860
  2521  4221  1310     0  4390  3261  4688  4612  4394  1936  4672  4326  4799  4838  1548  2064  2032  4525   712  5102   888
  2284   236  3626  4390     0  1129   806   939  3022  3784   821  2956  1071   596  3511  2481  3880   704  4139   704  4314
  1155   960  2498  3261  1129     0  1426  1351  1895  2655  1411  1828  1538  1576  2384  1352  2751  1264  3011  1841  3185
  2582   846  3924  4688   799  1426     0    76  2195  4082    15  2128  1269   672  3810  2780  4178   514  4438   781  4612
  2506   771  3849  4612   939  1351    76     0  2119  4006    60  2051  1349   749  3734  2704  4102   590  4361   858  4536
  2284  2908  3626  4390  3076  1948  2246  2171     0  3785  2231  1016  3485  3524  3512  2481  2961  3211  4140  3789  4315
  2991  3615  1172  1936  3784  2655  4082  4006  3789     0  4066  3721  4192  4232   588  1459  1025  3920  1686  4496  1861
  2566   831  3909  4672   815  1411    15    60  2179  4066     0  2112  1284   689  3795  2764  4162   529  4422   798  4596
  2218  2841  3560  4324  3010  1881  2180  2104  1064  3718  2165     0  3419  3458  3446  2415  2296  3145  4072  3722  4248
  2692   835  4035  4799  1071  1538  1275  1349  3432  4192  1291  3365     0   882  3921  2890  4289  1174  4548   774  4722
  2731   685  4074  4838   596  1576   680   756  3471  4232   695  3404   882     0  3960  2929  4328   579  4588   109  4762
  2720  3344   466  1548  3511  2384  3810  3734  3516   588  3795  3449  3921  3960     0  1186  1154  3648  1296  4225   872
  1689  2312  1300  2064  2481  1352  2780  2704  2485  1459  2764  2419  2890  2929  1186     0  1554  2616  1814  3194  1989
  3088  3711  1269  2032  3880  2751  4178  4102  2955  1025  4162  2289  4289  4328  1154  1554     0  4015  1781  4592  1956
  2419   792  3761  4525   704  1264   521   596  3159  3920   536  3091  1174   579  3648  2616  4015     0  4275   686  4450
  3348  3970  1060   712  4139  3011  4438  4361  4144  1686  4422  4076  4548  4588  1296  1814  1781  4275     0  4851   175
  2996   880  4339  5102   704  1841   789   865  3735  4496   804  3669   774   109  4225  3194  4592   686  4851     0  5026
  3521  4145   860   888  4314  3185  4612  4536  4319  1861  4596  4251  4722  4762   872  1989  1956  4450   175  5026     0
DRONE_EDGE_WEIGHT_SECTION
     0   757  1308  1385   865   413   733   706   351  1455   732   562  1206  1012  1419   617  1243   782  1318  1066  1429
   757     0  1978  2096   108   350   164   159   659  2066   156   793   511   255  2069  1281  1808    91  2017   312  2128
  1308  1978     0   237  2081  1685  1885  1866  1324   276  1889  1267  2476  2212   136   702   400  1966   149  2283   201
  1385  2096   237     0  2201  1783  2017  1996  1456   480  2020  1429  2581  2338   316   819   637  2092    99  2405    82
   865   108  2081  2201     0   457   222   230   759  2163   215   879   426   148  2170  1385  1902   129  2122   204  2233
   413   350  1685  1783   457     0   370   342   428  1801   366   632   798   605  1786   982  1561   392  1710   655  1821
   733   164  1885  2017   222   370     0    28   562  1955     9   661   648   330  1969  1198  1690    93  1934   405  2044
   706   159  1866  1996   230   342    28     0   543  1939    26   649   655   346  1951  1177  1676   102  1914   420  2024
   351   659  1324  1456   759   428   562   543     0  1407   566   230  1167   888  1411   637  1153   642  1372   959  1482
  1455  2066   276   480  2163  1801  1955  1939  1407     0  1960  1306  2573  2285   164   839   284  2041   414  2360   413
   732   156  1889  2020   215   366     9    26   566  1960     0   667   641   325  1973  1201  1696    86  1938   400  2047
   562   793  1267  1429   879   632   661   649   230  1306   667     0  1302   988  1336   638  1034   751  1338  1066  1443
  1206   511  2476  2581   426   798   648   655  1167  2573   641  1302     0   356  2571  1774  2318   555  2506   279  2618
  1012   255  2212  2338   148   605   330   346   888  2285   325   988   356     0  2298  1520  2019   247  2257    81  2368
  1419  2069   136   316  2170  1786  1969  1951  1411   164  1973  1336  2571  2298     0   806   378  2052   255  2370   249
   617  1281   702   819  1385   982  1198  1177   637   839  1201   638  1774  1520   806     0   644  1274   737  1588   848
  1243  1808   400   637  1902  1561  1690  1676  1153   284  1696  1034  2318  2019   378   644     0  1778   544  2096   596
   782    91  1966  2092   129   392    93   102   642  2041    86   751   555   247  2052  1274  1778     0  2011   319  2121
  1318  2017   149    99  2122  1710  1934  1914  1372   414  1938  1338  2506  2257   255   737   544  2011     0  2326   112
  1066   312  2283  2405   204   655   405   420   959  2360   400  1066   279    81  2370  1588  2096   319  2326     0  2436
  1429  2128   201    82  2233  1821  2044  2024  1482   413  2047  1443  2618  2368   249   848   596  2121   112  2436     0
DEPOT_SECTION
0
-1
EOF
    