
NAME : WM-21-7
COMMENT : CVS
TYPE : RDVRP-TW
DIMENSION : 21
CAPACITY : 100
EDGE_WEIGHT_TYPE : EXPLICIT
EDGE_WEIGHT_FORMAT : FULL_MATRIX 
NODE_COORD_SECTION
  0 -78.5881280000 35.7825655000
  1 -78.6017762000 35.7910805000
  2 -78.5914349000 35.7727814000
  3 -78.5915257000 35.7858377000
  4 -78.5951654000 35.7696031000
  5 -78.5893775000 35.7710757000
  6 -78.5973580000 35.7710740000
  7 -78.6002869000 35.7711983000
  8 -78.5903400000 35.7770463000
  9 -78.5978152000 35.7863865000
 10 -78.6010462000 35.7701205000
 11 -78.5933537000 35.7873417000
 12 -78.5934202000 35.7792075000
 13 -78.5833755000 35.7722212000
 14 -78.5933928000 35.7712048000
 15 -78.6017446000 35.7932280000
 16 -78.6039416000 35.7918617000
 17 -78.6003932000 35.7709961000
 18 -78.5874326000 35.7760211000
 19 -78.5923863000 35.7707577000
 20 -78.5997508000 35.7790490000
TIME_WINDOW_SECTION
  0      0  36000
  1  15460  18138
  2   9747  11747
  3      0  34245
  4  13357  15357
  5  10467  13555
  6      0  31735
  7      0  31602
  8  22870  25386
  9   1139   3139
 10   2893   4893
 11  24650  26650
 12      0  33700
 13      0  32468
 14      0  32589
 15  25250  27250
 16   7372   9372
 17      0  31574
 18      0  32901
 19  13630  15630
 20      0  33296
DEMAND_SECTION
  0      0
  1     25
  2     17
  3     10
  4     14
  5     24
  6     24
  7     20
  8     10
  9      9
 10     22
 11     10
 12     26
 13     17
 14     13
 15     30
 16     27
 17     17
 18      7
 19     25
 20     16
SERVICE_TIME_SECTION
  0      0
  1   1000
  2   1000
  3   1000
  4   1000
  5   1000
  6   1000
  7   1000
  8   1000
  9   1000
 10   1000
 11   1000
 12   1000
 13   1000
 14   1000
 15   1000
 16   1000
 17   1000
 18   1000
 19   1000
 20   1000
TRUCK_EDGE_WEIGHT_SECTION
     0  2834  2278  1186  2989  2934  3366  3500  1874  2130  3669  1498  1402  1922  2514  3206  3146  3528  2200  2766  1830
  2789     0  3472  2741  4184  4129  4562  4695  3069  1024  4864  1485  2598  4540  3709   551   490  4722  3395  3961  3026
  2175  3472     0  2480   826   486  1205  1338   725  2770  1506  2136  1131  1592   351  3845  3785  1365  1051   486  2470
   755  2629  2072     0  2784  2730  3162  3295  1670  1926  3465  1292  1199  3145  2310  3001  2941  3324  1996  2562  1626
  2886  4184   826  3191     0  1066  1096  1230  1436  3481  1399  2848  1842  2172   475  4556  4496  1258  1762   470  3181
  2832  4129   486  3138  1066     0  1444  1576  1382  3426  1746  2792  1788  1401   591  4501  4441  1605  1709   726  3126
  3265  4562  1205  3570  1096  1444     0   762  1815  3859   931  3226  2221  2551   852  4935  4875   790  2141  1135  2834
  3398  4695  1338  3702  1230  1576   762     0  1948  3992   169  3359  2354  2684   986  5068  5008    28  2274  1268  2572
  1772  3069   725  2078  1436  1382  1815  1948     0  2366  2116  1732   728  2240   962  3441  3381  1976   326  1214  2066
  2085  1024  2770  2038  3481  3426  3859  3992  2366     0  4161   782  1895  3838  3006  1396  1336  4020  2692  3259  1424
  3566  4864  1506  3871  1399  1746   931   169  2116  4161     0  3528  2522  2852  1155  5236  5176   141  2442  1436  2741
  1452  1485  2136  1405  2848  2792  3226  3359  1732   782  3528     0  1261  3204  2372  1858  1798  3386  2059  2625  1690
  1300  2598  1131  1605  1842  1788  2221  2354   728  1895  2522  1261     0  2202  1368  2970  2910  2381  1054  1620   809
  2532  4898  1254  3325  1834  1064  2212  2345  2150  4195  2514  3561  2556     0  1360  5270  5210  2374  2476  1494  3895
  2411  3709   351  2716   475   591   852   986   962  3006  1155  2372  1368  1698     0  4081  4021  1014  1289   422  2706
  3161   551  3845  3114  4556  4501  4935  5068  3441  1396  5236  1858  2970  4912  4081     0   561  5095  3768  4334  3399
  3101   490  3785  3054  4496  4441  4875  5008  3381  1336  5176  1798  2910  4852  4021   561     0  5035  3708  4274  3339
  3426  4722  1365  3731  1258  1605   790    28  1976  4020   141  3386  2381  2711  1014  5095  5035     0  2302  1295  2600
  2099  3395  1051  2404  1762  1709  2141  2274   326  2692  2442  2059  1054  2566  1289  3768  3708  2302     0  1540  2392
  2664  3961   486  2969   470   726  1135  1268  1214  3259  1436  2625  1620  1832   422  4334  4274  1295  1540     0  2959
  1704  3000  2388  2008  3099  3044  3476  3610  1984  1396  3779  1664   734  3459  2624  3372  3312  3638  2310  2876     0
DRONE_EDGE_WEIGHT_SECTION
     0  1076  1096   386  1468  1280  1327  1348   620   560  1471   567   424  1166  1281  1290  1191  1371   729  1325   589
  1076     0  2074   697  2404  2276  2233  2214  1620   543  2333   520  1358  2212  2235   239   118  2236  1761  2290  1341
  1096  2074     0  1453   382   206   298   386   477  1534   477  1622   719   319   191  2309  2176   401   392   228   767
   386   697  1453     0  1813  1645  1658  1664   980   243  1787   181   742  1547  1630   905   813  1686  1104  1679   817
  1468  2404   382  1813     0   279   185   267   849  1871   237  1976  1071   544   191  2642  2500   256   775   168  1066
  1280  2276   206  1645   279     0   311   425   666  1734   467  1817   918   266   157  2510  2379   429   556   122   973
  1327  2233   298  1658   185   311     0   115   718  1705   179  1817   918   558   155  2472  2327   118   671   197   893
  1348  2214   386  1664   267   425   115     0   756  1693   124  1816   930   667   268  2453  2304    23   732   312   874
   620  1620   477   980   849   666   718   756     0  1077   875  1152   268   600   661  1851  1726   777   160   704   423
   560   543  1534   243  1871  1734  1705  1693  1077     0  1815   197   816  1670  1698   775   650  1716  1219  1752   820
  1471  2333   477  1787   237   467   179   124   875  1815     0  1939  1053   726   322  2572  2423   101   842   345   995
   567   520  1622   181  1976  1817  1817  1816  1152   197  1939     0   905  1725  1796   725   638  1839  1280  1846   954
   424  1358   719   742  1071   918   918   930   268   816  1053   905     0   868   891  1591  1463   953   422   941   242
  1166  2212   319  1547   544   266   558   667   600  1670   726  1725   868     0   405  2439  2320   675   451   386   987
  1281  2235   191  1630   191   157   155   268   661  1698   322  1796   891   405     0  2472  2334   273   584    63   907
  1290   239  2309   905  2642  2510  2472  2453  1851   775  2572   725  1591  2439  2472     0   172  2475  1989  2526  1580
  1191   118  2176   813  2500  2379  2327  2304  1726   650  2423   638  1463  2320  2334   172     0  2327  1869  2390  1435
  1371  2236   401  1686   256   429   118    23   777  1716   101  1839   953   675   273  2475  2327     0   751   313   897
   729  1761   392  1104   775   556   671   732   160  1219   842  1280   422   451   584  1989  1869   751     0   616   579
  1325  2290   228  1679   168   122   197   312   704  1752   345  1846   941   386    63  2526  2390   313   616     0   966
   589  1341   767   817  1066   973   893   874   423   820   995   954   242   987   907  1580  1435   897   579   966     0
DEPOT_SECTION
0
-1
EOF
    