
NAME : WM-21-6
COMMENT : CVS
TYPE : RDVRP-TW
DIMENSION : 21
CAPACITY : 100
EDGE_WEIGHT_TYPE : EXPLICIT
EDGE_WEIGHT_FORMAT : FULL_MATRIX 
NODE_COORD_SECTION
  0 -78.5881280000 35.7825655000
  1 -78.5954248000 35.7882376000
  2 -78.5978230000 35.7719698000
  3 -78.5748747000 35.7938401000
  4 -78.6017004000 35.7871478000
  5 -78.6014871000 35.7706673000
  6 -78.6042003000 35.7794355000
  7 -78.5914291000 35.7755576000
  8 -78.5826719000 35.7922107000
  9 -78.5940826000 35.7728128000
 10 -78.6030464000 35.7771354000
 11 -78.5998085000 35.7875364000
 12 -78.5918817000 35.7691412000
 13 -78.5932580000 35.7837507000
 14 -78.5773799000 35.7955605000
 15 -78.5854575000 35.7718479000
 16 -78.6033451000 35.7897283000
 17 -78.5798573000 35.7727914000
 18 -78.6008429000 35.7699447000
 19 -78.6002869000 35.7711983000
 20 -78.5975905000 35.7833879000
TIME_WINDOW_SECTION
  0      0  36000
  1  31076  33076
  2      0  32099
  3      0  31026
  4      0  32445
  5      0  31474
  6      0  32774
  7      0  33202
  8  15720  17720
  9      0  32634
 10      0  31454
 11      0  32754
 12      0  32172
 13      0  33845
 14      0  31651
 15      0  31670
 16      0  32420
 17      0  32526
 18      0  31424
 19      0  31602
 20      0  33129
DEMAND_SECTION
  0      0
  1     26
  2     26
  3     21
  4     26
  5     28
  6     18
  7      5
  8     29
  9     28
 10      6
 11     28
 12     27
 13     19
 14     17
 15     22
 16     12
 17     17
 18     17
 19     15
 20     23
SERVICE_TIME_SECTION
  0      0
  1   1000
  2   1000
  3   1000
  4   1000
  5   1000
  6   1000
  7   1000
  8   1000
  9   1000
 10   1000
 11   1000
 12   1000
 13   1000
 14   1000
 15   1000
 16   1000
 17   1000
 18   1000
 19   1000
 20   1000
TRUCK_EDGE_WEIGHT_SECTION
     0  2031  3002  3696  2600  3629  2395  1900  2021  2469  3649  2290  2930  1216  2995  2334  2625  2235  3678  3500  1925
  1986     0  3396  4082   949  4021  2789  2292  2409  2861  4042   640  3322  1610  3381  3824   974  4050  4071  3892  1004
  2901  3396     0  5715  3965   626  2104  1181  4041   586  1200  3655   966  2581  5014  1578  3990  2710   676   498  3289
  3974  4249  6018     0  4818  6642  5410  4915  2616  5484  6664  4508  5945  4231   626  5785  4842  5685  6692  6515  4939
  2555   949  3965  4651     0  4590  2231  2861  2978  3430  3484   676  3891  1275  3950  4394   548  4619  4640  4461   802
  3526  4021   626  6341  4590     0  2235  1806  4666  1212  1331  4281  1591  3208  5639  2202  4615  3335    50   129  3538
  2226  2721  2540  5041  2162  2649     0  2532  3366  3101  1790  2981  3562  1575  4339  4065  3315  4294  2698  2520  1360
  1798  2292  1181  4612  2861  1806  2658     0  2938   648  2381  2552  1108  1479  3911  1610  2886  2742  1856  1679  2186
  2032  2306  4076  2292  2875  4701  3469  2972     0  3541  4722  2566  4002  2290  1591  3844  2900  3744  4751  4572  2998
  2366  2861   586  5181  3430  1212  3226   648  3506     0  1786  3121   792  2048  4480  1295  3455  2426  1262  1084  2755
  3546  4040  1222  6360  3481  1331  1376  2404  4686  1810     0  4300  2188  2894  5659  2800  3798  3931  1381  1202  2680
  2246   640  3655  4342   676  4281  3049  2552  2669  3121  4301     0  3582  1204  3641  4084   600  4310  4330  4152   731
  2828  3322   966  5642  3891  1591  3069  1108  3968   792  2165  3582     0  2509  4940  1388  3916  2519  1641  1462  3216
  1155  1650  2565  3969  1275  3190  1636  1461  2295  2030  2890  1204  2491     0  3268  2992  2244  3222  3240  3061  1165
  3349  3622  5392   626  4191  6018  4785  4289  1990  4858  6039  3882  5319  3606     0  5160  4216  5060  6068  5889  4314
  3330  3824  1578  7096  4394  2202  4189  1610  3862  1295  2778  4084  1388  3010  6394     0  4418  1272  2252  2075  3718
  2580   974  3990  4676   555  4615  3382  2886  3002  3455  3831   600  3916  2204  3975  4418     0  4644  4665  4486  1340
  2474  4035  2666  5340  4604  3291  4404  2699  3665  2384  3866  4295  2476  3225  4638  1230  4629     0  3341  3164  3932
  3576  4071   676  6390  4640    50  2285  1856  4716  1262  1381  4330  1641  3256  5689  2252  4665  3385     0   179  3588
  3398  3892   498  6212  4461   129  2106  1679  4538  1084  1202  4152  1462  3079  5510  2075  4486  3206   179     0  3409
  1871  1004  3281  4686   802  3540  1429  2178  3011  2746  2682   731  3208  1220  3985  3710  1340  3939  3590  3411     0
DRONE_EDGE_WEIGHT_SECTION
     0   688  1236  1348   720  1420   702   790  1093  1109   829   705  1501   234  1500  1197   979  1133  1487  1348   368
   688     0  1813   981   263  1969  1034  1420   646  1718  1269   181  2130   506  1051  1863   337  1818  2047  1906   546
  1236  1813     0  2583  1696   203   866   470  2325   173   609  1734   391  1323  2736   480  1988   703   254   129  1271
  1348   981  2583     0  1239  2768  1941  2128   338  2450  2137  1157  2824  1314   212  2480  1142  2351  2835  2696  1436
   720   263  1696  1239     0  1835   864  1347   902  1622  1116    83  2039   493  1295  1812   294  1801  1915  1776   446
  1420  1969   203  2768  1835     0   982   669  2502   374   723  1879   412  1490  2916   637  2123   873    84    75  1424
   702  1034   866  1941   864   982     0   652  1634   833   260   917  1241   634  2054  1110  1146  1192  1064   929   506
   790  1420   470  2128  1347   669   652     0  1883   322   479  1371   714   915  2288   473  1640   543   724   594   903
  1093   646  2325   338   902  2502  1634  1883     0  2202  1844   820  2592  1021   420  2269   810  2164  2572  2432  1128
  1109  1718   173  2450  1622   374   833   322  2202     0   592  1653   418  1218  2609   351  1915   551   414   301  1185
   829  1269   609  2137  1116   723   260   479  1844   592     0  1164   989   825  2264   898  1402  1016   805   669   726
   705   181  1734  1157    83  1879   917  1371   820  1653  1164     0  2070   487  1216  1830   277  1808  1959  1819   469
  1501  2130   391  2824  2039   412  1241   714  2592   418   989  2070     0  1627  2991   392  2333   620   361   400  1601
   234   506  1323  1314   493  1490   634   915  1021  1218   825   487  1627     0  1440  1358   764  1323  1564  1423   168
  1500  1051  2736   212  1295  2916  2054  2288   420  2609  2264  1216  2991  1440     0  2657  1152  2536  2985  2846  1548
  1197  1863   480  2480  1812   637  1110   473  2269   351   898  1830   392  1358  2657     0  2103   241   636   581  1366
   979   337  1988  1142   294  2123  1146  1640   810  1915  1402   277  2333   764  1152  2103     0  2084  2204  2066   738
  1133  1818   703  2351  1801   873  1192   543  2164   551  1016  1808   620  1323  2536   241  2084     0   876   813  1360
  1487  2047   254  2835  1915    84  1064   724  2572   414   805  1959   361  1564  2985   636  2204   876     0   141  1502
  1348  1906   129  2696  1776    75   929   594  2432   301   669  1819   400  1423  2846   581  2066   813   141     0  1361
   368   546  1271  1436   446  1424   506   903  1128  1185   726   469  1601   168  1548  1366   738  1360  1502  1361     0
DEPOT_SECTION
0
-1
EOF
    