
NAME : WM-21-4
COMMENT : CVS
TYPE : RDVRP-TW
DIMENSION : 21
CAPACITY : 100
EDGE_WEIGHT_TYPE : EXPLICIT
EDGE_WEIGHT_FORMAT : FULL_MATRIX 
NODE_COORD_SECTION
  0 -78.5881280000 35.7825655000
  1 -78.5723797000 35.7703251000
  2 -78.5997326000 35.7878072000
  3 -78.5974837000 35.7727592000
  4 -78.5975337000 35.7860736000
  5 -78.5874991000 35.7854668000
  6 -78.5997522000 35.7811956000
  7 -78.5926784000 35.7707335000
  8 -78.6013428000 35.7705451000
  9 -78.5866047000 35.7690650000
 10 -78.6024292000 35.7901045000
 11 -78.5820398000 35.7761206000
 12 -78.6014847000 35.7949615000
 13 -78.5974965000 35.7701419000
 14 -78.5991538000 35.7838828000
 15 -78.5868145000 35.7757427000
 16 -78.5840573000 35.7732150000
 17 -78.6018538000 35.7887891000
 18 -78.6007043000 35.7953925000
 19 -78.5904212000 35.7714230000
 20 -78.5991809000 35.7719966000
TIME_WINDOW_SECTION
  0      0  36000
  1  18153  22377
  2  18408  20408
  3  27232  29232
  4   3090   5582
  5  13494  15494
  6  25662  27696
  7   5785   9383
  8      0  31468
  9   1887   5721
 10  28736  30736
 11   4160   6734
 12   7912   9912
 13   2512   5388
 14   9538  14372
 15  28657  31369
 16  17554  19554
 17      0  32618
 18  21305  23385
 19  21320  23320
 20      0  31938
DEMAND_SECTION
  0      0
  1     20
  2     16
  3     16
  4      7
  5     29
  6     29
  7     23
  8     24
  9     26
 10      7
 11     18
 12      7
 13     25
 14     24
 15     21
 16     18
 17     18
 18     23
 19     23
 20      8
SERVICE_TIME_SECTION
  0      0
  1   1000
  2   1000
  3   1000
  4   1000
  5   1000
  6   1000
  7   1000
  8   1000
  9   1000
 10   1000
 11   1000
 12   1000
 13   1000
 14   1000
 15   1000
 16   1000
 17   1000
 18   1000
 19   1000
 20   1000
TRUCK_EDGE_WEIGHT_SECTION
     0  4772  2152  3004  2394   595  1941  2811  3635  3051  2712  1769  3300  3500  2334  2926  2029  2428  3389  2830  3164
  4999     0  6748  4380  6989  4964  6536  4070  5011  3659  7308  3818  7895  4876  6929  3534  3184  7022  7984  3738  4540
  2108  6792     0  3518   608  1915  2456  3325  4149  4102   560  3706  1199  4015  2849  3978  3965   275  1288  3344  3679
  2901  4425  3518     0  3760  2995  3308   725   632  1735  4078  2928  4665   498  3699  1610  2292  3792  4754   976   161
  2350  7035   608  3760     0  2158  1516  3568  4391  4345  1168  3948  1755  4256  1909  4220  4206   882  1842  3586  3920
   848  7106  1919  3036  2160     0  1975  2844  3668  3621  2479  1988  3066  3532  2366  3496  2246  2194  3155  2862  3196
  1892  6579  2509  3302  1568  1986     0  3111  2872  3889  3070  3495  3656  3800   392  3762  3754  2785  3745  3129  2596
  2710  4115  3325   725  3568  2802  3115     0  1356   866  3886  2619  4472  1222  3508  1300  1984  3601  4561   666   886
  3532  5056  4149   632  4391  3626  2866  1356     0  2366  4709  3559  5296  1030  3258  2241  2924  4425  5385  1608   470
  3486  3705  4102  1735  4345  3580  3892   866  2366     0  4662  2208  5250  2232  4284   890  1572  4379  5339   711  1896
  2668  7352   560  4078  1168  2476  3016  3886  4709  4662     0  4266   824  4575  3409  4538  4525   285   912  3904  4239
  2021  3875  3705  2875  3948  1986  3499  2565  3506  2154  4265     0  4852  3371  3890  2029  1131  3980  4941  2234  3035
  3255  7940  1199  4665  1755  3062  3604  4472  5296  5250   824  4854     0  5162  3996  5125  5112  1022    89  4491  4826
  3399  4922  4015   498  4256  3491  3804  1222  1030  2232  4575  3425  5162     0  4196  2106  2790  4290  5250  1472   560
  2285  6970  2901  3695  1960  2379   392  3504  3265  4280  3461  3888  4049  4192     0  4155  4146  3178  4138  3521  2989
  3361  3580  3978  1610  4220  3455  3768  1300  2241   890  4538  2082  5125  2106  4159     0  1448  4252  5214   969  1770
  2745  3061  4429  2061  4670  2710  4218  1751  2692  1340  4989  1564  5576  2558  4610  1215     0  4704  5664  1419  2221
  2382  7069   275  3792   882  2191  2731  3601  4425  4379   285  3981  1022  4290  3124  4252  4240     0  1111  3619  3954
  3344  8029  1288  4754  1842  3151  3692  4561  5385  5339   912  4941    89  5250  4084  5214  5201  1111     0  4580  4914
  2728  3784  3344   976  3586  2821  3134   666  1608   711  3904  2286  4491  1472  3525   969  1651  3619  4580     0  1138
  3062  4586  3679   161  3920  3155  2589   886   470  1896  4239  3089  4826   560  2981  1770  2454  3954  4914  1138     0
DRONE_EDGE_WEIGHT_SECTION
     0  1490   728  1149   526   324   465  1329  1431  1504   995   754  1466  1429   440   761  1052   862  1502  1243  1250
  1490     0  2207  1013  1999  1782  1603   793  1130   573  2480   746  2954   980  1824   822   556  2341  2987   713  1060
   728  2207     0  1677   210   525   736  1919  1923  2146   275  1463   799  1968   437  1429  1730   135   845  1858  1760
  1149  1013  1677     0  1482  1465   943   293   289   590  1940   704  2476   291  1240   529   522  1792  2522   312   107
   526  1999   210  1482     0   381   549  1718  1735  1939   484  1254  1000  1773   251  1220  1520   342  1044  1653  1568
   324  1782   525  1465   381     0   662  1652  1743  1826   758  1061  1176  1748   471  1083  1370   650  1208  1567  1564
   465  1603   736   943   549   662     0  1196  1187  1442   997   881  1534  1234   300   782  1072   849  1581  1145  1024
  1329   793  1919   293  1718  1652  1196     0   338   301  2188   727  2717   199  1485   602   434  2040  2762   117   289
  1431  1130  1923   289  1735  1743  1187   338     0   599  2178   971  2718   157  1487   807   734  2031  2766   436   182
  1504   573  2146   590  1939  1826  1442   301   599     0  2418   805  2937   442  1718   743   472  2271  2979   302   589
   995  2480   275  1940   484   758   997  2188  2178  2418     0  1736   542  2230   703  1704  2004   148   592  2129  2019
   754   746  1463   704  1254  1061   881   727   971   805  1736     0  2220   895  1081   188   333  1596  2256   615   806
  1466  2954   799  2476  1000  1176  1534  2717  2718  2937   542  2220     0  2767  1236  2209  2508   687    56  2653  2558
  1429   980  1968   291  1773  1748  1234   199   157   442  2230   895  2767     0  1531   748   624  2082  2813   310   217
   440  1824   437  1240   251   471   300  1485  1487  1718   703  1081  1236  1531     0  1020  1320   555  1283  1427  1323
   761   822  1429   529  1220  1083   782   602   807   743  1704   188  2209   748  1020     0   301  1559  2248   501   634
  1052   556  1730   522  1520  1370  1072   434   734   472  2004   333  2508   624  1320   301     0  1860  2547   317   602
   862  2341   135  1792   342   650   849  2040  2031  2271   148  1596   687  2082   555  1559  1860     0   736  1981  1872
  1502  2987   845  2522  1044  1208  1581  2762  2766  2979   592  2256    56  2813  1283  2248  2547   736     0  2696  2605
  1243   713  1858   312  1653  1567  1145   117   436   302  2129   615  2653   310  1427   501   317  1981  2696     0   346
  1250  1060  1760   107  1568  1564  1024   289   182   589  2019   806  2558   217  1323   634   602  1872  2605   346     0
DEPOT_SECTION
0
-1
EOF
    