
NAME : WM-21-9
COMMENT : CVS
TYPE : RDVRP-TW
DIMENSION : 21
CAPACITY : 100
EDGE_WEIGHT_TYPE : EXPLICIT
EDGE_WEIGHT_FORMAT : FULL_MATRIX 
NODE_COORD_SECTION
  0 -78.5881280000 35.7825655000
  1 -78.5994883000 35.7854929000
  2 -78.5997440000 35.7920700000
  3 -78.6022425000 35.7904201000
  4 -78.5844809000 35.7886696000
  5 -78.6003284000 35.7879327000
  6 -78.5967923000 35.7708186000
  7 -78.6018571000 35.7947434000
  8 -78.5868212000 35.7707913000
  9 -78.5968232000 35.7854726000
 10 -78.5896033000 35.7719754000
 11 -78.5808933000 35.7848193000
 12 -78.5890259000 35.7759566000
 13 -78.6001372000 35.7738824000
 14 -78.5806540000 35.7855753000
 15 -78.5996434000 35.7859881000
 16 -78.6035136000 35.7886355000
 17 -78.6038999000 35.7928126000
 18 -78.6036269000 35.7742965000
 19 -78.5905244000 35.7858320000
 20 -78.5883762000 35.7762752000
TIME_WINDOW_SECTION
  0      0  36000
  1      0  32614
  2      0  32275
  3      0  32331
  4      0  33369
  5      0  32679
  6   8267  10267
  7      0  31779
  8      0  31784
  9      0  33182
 10  23953  29067
 11      0  32752
 12      0  33069
 13      0  31446
 14  17813  20449
 15      0  32719
 16      0  32314
 17   9080  11080
 18  21408  23958
 19  15886  17886
 20      0  32998
DEMAND_SECTION
  0      0
  1     23
  2     12
  3     16
  4     23
  5     10
  6     17
  7     28
  8     12
  9     16
 10     18
 11     25
 12     14
 13     23
 14      8
 15     20
 16     24
 17     27
 18     27
 19     11
 20     26
SERVICE_TIME_SECTION
  0      0
  1   1000
  2   1000
  3   1000
  4   1000
  5   1000
  6   1000
  7   1000
  8   1000
  9   1000
 10   1000
 11   1000
 12   1000
 13   1000
 14   1000
 15   1000
 16   1000
 17   1000
 18   1000
 19   1000
 20   1000
TRUCK_EDGE_WEIGHT_SECTION
     0  2431  2770  2714  1610  2366  3441  3266  2780  1879  2822  1788  2032  3632  1535  2325  2730  3261  3730  1075  2105
  2386     0  1261  1205  2398   584  4235  1758  4111   388  3616  3028  2826  3590  2776   305   965  1752  3222  2228  2898
  2725  1261     0   520  2735  1196  4572   499  4449  1294  3954  3366  3164  4764  3115  1155   792   768  4861  2565  3236
  2669  1205   520     0  2679   612  4516   791  4392  1238  3898  3310  3108  4708  3059   918   360   634  4126  2509  3180
  1631  2401  2740  2684     0  2336  4112  3236  3989  2434  3494  1032  2705  4305   884  2295  2701  3231  4401  1119  2776
  2321   584  1196   612  2332     0  4170  1692  4046   616  3551  2962  2761  4361  2711   478   361  1688  4459  2162  2832
  3340  4235  4572  4516  4068  4170     0  5069  1902  3682  1408  4699  2049   970  4448  4129  4534  5064  1068  3532  2120
  3221  1758   499   791  3231  1692  5069     0  4945  1790  4450  3862  3660  5260  3611  1651  1064   660  5298  3061  3732
  3216  4111  4449  4392  3720  4046  1902  4945     0  3559   495  3392  1925  2094  3141  4005  4410  4940  2191  3409  1996
  1818   388  1294  1238  2430   616  3665  1790  3541     0  3046  3061  2256  3856  2809   338   998  1785  3414  2260  2329
  2720  3616  3954  3898  3449  3551  1408  4450   495  3064     0  3415  1430  1599  3164  3510  3915  4445  1696  2914  1501
  2248  3018  3356  3300  1031  2954  4730  3852  3329  3051  3351     0  3321  4921   251  2912  3318  3848  5019  1736  3392
  1931  2826  3164  3108  2659  2761  2049  3660  1925  2274  1430  3290     0  2240  3039  2720  3125  3655  2338  2124    72
  3554  3588  4786  4730  4281  4384   992  5282  2116  3896  1621  4912  2262     0  4661  4342  4748  5048   491  3746  2334
  1996  2766  3105  3049   882  2701  4479  3601  3078  2799  3100   251  3070  4670     0  2661  3066  3596  4768  1484  3141
  2281   305  1155   911  2291   478  4129  1651  4005   338  3510  2922  2720  4320  2670     0   660  1646  3331  2121  2792
  2686   972   792   360  2696   361  4534  1064  4410  1005  3915  3328  3125  4725  3076   668     0  1059  4144  2526  3198
  3216  1752   768   634  3226  1688  5064   660  4940  1785  4445  3858  3655  5071  3606  1646  1059     0  4581  3056  3728
  3651  3220  4884  4108  4379  4481  1090  5274  2214  3411  1719  5010  2360   491  4759  3329  4125  4558     0  3844  2431
   658  2130  2468  2411  1385  2065  3140  2964  3016  1578  2520  2016  1731  3331  1765  2024  2429  2959  3429     0  1802
  2002  2898  3236  3180  2731  2832  2120  3732  1996  2346  1501  3361    72  2311  3110  2792  3198  3728  2409  2196     0
DRONE_EDGE_WEIGHT_SECTION
     0   537  1143  1021   693   752  1349  1448  1312   460  1180   370   736  1070   437   576   888  1283  1094   375   700
   537     0   732   558   662   273  1637  1033  1707   100  1551   700  1133  1293   705    55   381   831  1256   337  1109
  1143   732     0   205   679   461  2368   307  2419   742  2269  1068  1838  2025  1012   677   407   173  1984   774  1809
  1021   558   205     0   685   286  2192   481  2262   586  2108  1010  1685  1843   967   503   204   273  1796   671  1659
   693   662   679   685     0   594  2041   930  1992   581  1868   449  1426  1749   373   639   706   852  1756   388  1388
   752   273   461   286   594     0  1910   760  1976   303  1822   804  1400  1564   779   218   142   559  1523   434  1374
  1349  1637  2368  2192  2041  1910     0  2670   388  1631   308  1673   646   365  1754  1692  2000  2463   469  1688   689
  1448  1033   307   481   930   760  2670     0  2726  1049  2576  1349  2146  2323  1286   978   683   228  2277  1077  2117
  1312  1707  2419  2262  1992  1976   388  2726     0  1678   171  1578   581   621  1662  1761  2085  2535   759  1680   613
   460   100   742   586   581   303  1631  1049  1678     0  1527   601  1100  1296   605   120   431   858  1271   239  1073
  1180  1551  2269  2108  1868  1822   308  2576   171  1527     0  1468   444   460  1552  1606  1928  2381   601  1543   481
   370   700  1068  1010   449   804  1673  1349  1578   601  1468     0  1034  1421    85   714   944  1232  1456   378   993
   736  1133  1838  1685  1426  1400   646  2146   581  1100   444  1034     0   486  1117  1187  1514  1958   592  1101    43
  1070  1293  2025  1843  1749  1564   365  2323   621  1296   460  1421   486     0  1498  1348  1647  2112   142  1379   525
   437   705  1012   967   373   779  1754  1286  1662   605  1552    85  1117  1498     0   711   917  1179  1529   370  1076
   576    55   677   503   639   218  1692   978  1761   120  1606   714  1187  1348   711     0   328   776  1310   341  1162
   888   381   407   204   706   142  2000   683  2085   431  1928   944  1514  1647   917   328     0   465  1596   576  1490
  1283   831   173   273   852   559  2463   228  2535   858  2381  1232  1958  2112  1179   776   465     0  2061   921  1931
  1094  1256  1984  1796  1756  1523   469  2277   759  1271   601  1456   592   142  1529  1310  1596  2061     0  1377   627
   375   337   774   671   388   434  1688  1077  1680   239  1543   378  1101  1379   370   341   576   921  1377     0  1067
   700  1109  1809  1659  1388  1374   689  2117   613  1073   481   993    43   525  1076  1162  1490  1931   627  1067     0
DEPOT_SECTION
0
-1
EOF
    