
NAME : WM-21-1
COMMENT : CVS
TYPE : RDVRP-TW
DIMENSION : 21
CAPACITY : 100
EDGE_WEIGHT_TYPE : EXPLICIT
EDGE_WEIGHT_FORMAT : FULL_MATRIX 
NODE_COORD_SECTION
  0 -78.5881280000 35.7825655000
  1 -78.5879221000 35.7762756000
  2 -78.5980584000 35.7885108000
  3 -78.5920239000 35.7702304000
  4 -78.5995137000 35.7876439000
  5 -78.6025034000 35.7741615000
  6 -78.5740924000 35.7806658000
  7 -78.6026878000 35.7885335000
  8 -78.6029486000 35.7794798000
  9 -78.5997591000 35.7856928000
 10 -78.5923613000 35.7779916000
 11 -78.5863811000 35.7711771000
 12 -78.5764705000 35.7943300000
 13 -78.5948032000 35.7696627000
 14 -78.6007493000 35.7857611000
 15 -78.5978550000 35.7931102000
 16 -78.6039670000 35.7909336000
 17 -78.6005814000 35.7880988000
 18 -78.6036688000 35.7876768000
 19 -78.6020485000 35.7919661000
 20 -78.5991323000 35.7916252000
TIME_WINDOW_SECTION
  0      0  36000
  1   6928   8928
  2  22902  30006
  3   2146   4146
  4   8995  10995
  5  23731  25731
  6      0  29782
  7   6206   8206
  8   8502  13668
  9  11179  13323
 10  15707  20519
 11  15460  17460
 12  13555  15555
 13      0  32220
 14  13606  17018
 15   8632  14064
 16  12248  14248
 17   6082   8208
 18  20313  23827
 19  12107  14107
 20   4147   6147
DEMAND_SECTION
  0      0
  1     22
  2     21
  3     16
  4      6
  5     20
  6     27
  7      6
  8     23
  9     13
 10     23
 11     30
 12     19
 13      7
 14     21
 15      9
 16     25
 17     26
 18     24
 19     19
 20     23
SERVICE_TIME_SECTION
  0      0
  1   1000
  2   1000
  3   1000
  4   1000
  5   1000
  6   1000
  7   1000
  8   1000
  9   1000
 10   1000
 11   1000
 12   1000
 13   1000
 14   1000
 15   1000
 16   1000
 17   1000
 18   1000
 19   1000
 20   1000
TRUCK_EDGE_WEIGHT_SECTION
     0  2155  2068  2756  2266  3606  4288  2709  2220  2474  1546  2574  3490  2882  2561  2775  2980  2401  2795  2860  2768
  2054     0  2585  1485  2784  2335  5459  3226  2736  2990   609  2114  4661  1611  3079  3291  3496  2919  3311  3378  3284
  2022  2585     0  3185   394  4035  4710   836  2649   601  1976  3812  3912  3311   689   708  1209   529   921   794   700
  2654  1485  3185     0  3384  1384  6060  3826  3338  3591  1209  1166  5262   372  3679  3892  4098  3520  3912  3979  3885
  2221  2784   394  3384     0  4234  4909   374  2848   525  2175  4012  4111  3510   614  1101   979   136   526  1188  1094
  3526  2358  4058  1406  4256     0  6932  4228  1682  3264  2081  2156  6135  1252  3351  4765  4696  4392  4312  4760  4758
  5218  5180  6880  4234  7079  5200     0  7522  7032  7286  4905  3400  7315  4478  7375  7588  7792  7215  7608  7674  7580
  2664  3226   836  3826   374  4676  5352     0  3290   991  2618  4455  4555  3952   644  1035   605   239   152   636   768
  2125  2686  2656  3288  2855  1811  5530  3298     0  1719  2079  3915  4732  3414  1808  3362  3568  2990  3382  3449  3355
  2429  2990   601  3591   525  3266  5116   985  1714     0  2382  4219  4319  3718   148  1308  1512   661  1070  1394  1301
  1445   609  1976  1209  2175  2059  4850  2618  2129  2382     0  1838  4052  1336  2470  2684  2889  2311  2704  2769  2676
  3282  2114  3812  1166  4012  2134  6368  4455  3965  4219  1838     0  7129  1410  4308  4520  4725  4148  4540  4606  4512
  3768  4964  4079  5565  4278  6415  4252  4720  5028  4484  4355  6192     0  5691  4572  4785  4990  4412  4805  4871  4778
  2780  1611  3311   372  3510  1230  6186  3952  3464  3718  1336  1410  5389     0  3805  4019  4224  3646  4039  4105  4011
  2516  3079   689  3679   614  3354  5205   638  1801   148  2470  4308  4408  3805     0  1396  1175   749   722  1482  1389
  2730  3291   708  3892  1101  4742  5418  1035  3356  1308  2684  4520  4620  4019  1396     0  1046  1236  1120   631   271
  2935  3496  1209  4098   979  4720  5622   605  3561  1512  2889  4725  4825  4224  1182  1046     0   844   690   415   780
  2358  2919   529  3520   136  4370  5045   239  2984   661  2311  4148  4248  3646   749  1236   844     0   390   875  1229
  2774  3336   946  3938   608  2958  5462   234  2274   840  2728  4565  4665  4064   492  1202   772   472     0   804   935
  2816  3378   794  3979  1188  4829  5504   636  3442  1394  2769  4606  4706  4105  1482   631   415   875   721     0   365
  2722  3284   700  3885  1094  4735  5410   768  3349  1301  2676  4512  4612  4011  1389   271   780  1229   854   365     0
DRONE_EDGE_WEIGHT_SECTION
     0   700   759  1381   708  1085   571   859   658   559   534  1269  1379  1459   593  1228  1103   772   814  1168  1089
   700     0  1415   691  1339   609   719  1474   676  1140   256   571  2055   783  1162  1911  1740  1400  1402  1825  1760
   759  1415     0  2048   111  1606  1253   172  1022   320  1190  1980  1025  2102   322   512   347   104   228   412   349
  1381   691  2048     0  1959   597  1351  2077  1112  1746   864   244  2746   126  1761  2556  2349  2016  1992  2449  2397
   708  1339   111  1959     0  1505  1231   154   918   217  1108  1900  1129  2010   215   612   402    64   155   490   443
  1085   609  1606   597  1505     0  1306  1600   592  1288   577   708  2449   583  1293  2117  1868  1553  1505  1982  1948
   571   719  1253  1351  1231  1306     0  1385  1104  1117   756  1157  1524  1461  1153  1644  1598  1293  1358  1634  1537
   859  1474   172  2077   154  1600  1385     0  1008   335  1236  2029  1161  2122   317   540   271    92   102   383   368
   658   676  1022  1112   918   592  1104  1008     0   702   436  1123  1925  1137   704  1529  1276   964   913  1390  1360
   559  1140   320  1746   217  1288  1117   335   702     0   902  1695  1290  1794    38   829   604   270   265   703   661
   534   256  1190   864  1108   577   756  1236   436   902     0   793  1913   932   921  1695  1505  1167  1159  1597  1539
  1269   571  1980   244  1900   708  1157  2029  1123  1695   793     0  2604   369  1713  2480  2298  1960  1951  2389  2327
  1379  2055  1025  2746  1129  2449  1524  1161  1925  1290  1913  2604     0  2832  1309   793  1077  1127  1246   973   883
  1459   783  2102   126  2010   583  1461  2122  1137  1794   932   369  2832     0  1806  2613  2393  2064  2034  2498  2450
   593  1162   322  1761   215  1293  1153   317   704    38   921  1713  1309  1806     0   825   588   260   239   692   656
  1228  1911   512  2556   612  2117  1644   540  1529   829  1695  2480   793  2613   825     0   330   567   642   200   172
  1103  1740   347  2349   402  1868  1598   271  1276   604  1505  2298  1077  2393   588   330     0   340   363   135   194
   772  1400   104  2016    64  1553  1293    92   964   270  1167  1960  1127  2064   260   567   340     0   124   434   396
   814  1402   228  1992   155  1505  1358   102   913   265  1159  1951  1246  2034   239   642   363   124     0   481   470
  1168  1825   412  2449   490  1982  1634   383  1390   703  1597  2389   973  2498   692   200   135   434   481     0   114
  1089  1760   349  2397   443  1948  1537   368  1360   661  1539  2327   883  2450   656   172   194   396   470   114     0
DEPOT_SECTION
0
-1
EOF
    