
NAME : WM-31-8
COMMENT : CVS
TYPE : RDVRP-TW
DIMENSION : 31
CAPACITY : 100
EDGE_WEIGHT_TYPE : EXPLICIT
EDGE_WEIGHT_FORMAT : FULL_MATRIX 
NODE_COORD_SECTION
  0 -78.5881280000 35.7825655000
  1 -78.5967136000 35.7839749000
  2 -78.6037264000 35.7926209000
  3 -78.5981846000 35.7921401000
  4 -78.6021813000 35.7875637000
  5 -78.5837795000 35.7757139000
  6 -78.5888527000 35.7694178000
  7 -78.5942456000 35.7707162000
  8 -78.5910707000 35.7748147000
  9 -78.6033001000 35.7906831000
 10 -78.6031823000 35.7859947000
 11 -78.6032457000 35.7773672000
 12 -78.6017049000 35.7896104000
 13 -78.5976551000 35.7697231000
 14 -78.6031191000 35.7912798000
 15 -78.5774124000 35.7942860000
 16 -78.5982520000 35.7913655000
 17 -78.5997636000 35.7960099000
 18 -78.5786246000 35.7961776000
 19 -78.5819094000 35.7915159000
 20 -78.6047076000 35.7915373000
 21 -78.5979003000 35.7900674000
 22 -78.5868493000 35.7703403000
 23 -78.5748747000 35.7938401000
 24 -78.5888883000 35.7875410000
 25 -78.5866047000 35.7690650000
 26 -78.5795298000 35.7876039000
 27 -78.5853680000 35.7713120000
 28 -78.6020334000 35.7896269000
 29 -78.5790272000 35.7860719000
 30 -78.5806540000 35.7855753000
TIME_WINDOW_SECTION
  0      0  36000
  1   8256  10256
  2      0  31759
  3   1461   5083
  4  25386  29924
  5  12715  14715
  6  23558  27208
  7  13603  19479
  8  11177  13177
  9   8567  10567
 10  21744  24040
 11  22723  26389
 12   9252  12694
 13  18753  22659
 14  15985  20865
 15  21740  27558
 16  23811  25811
 17  10442  14072
 18  12923  15097
 19   4069   8697
 20   9891  13757
 21  25475  29727
 22   8360  10960
 23   8601  10601
 24   8362  10362
 25      0  31514
 26      0  32758
 27  22643  25949
 28      0  32426
 29   3884   5884
 30  24950  27986
DEMAND_SECTION
  0      0
  1     12
  2     22
  3     15
  4     24
  5     30
  6     24
  7     13
  8     25
  9      6
 10     28
 11     16
 12      8
 13     18
 14     27
 15     14
 16     10
 17     17
 18      5
 19     11
 20     28
 21     21
 22     22
 23     11
 24      9
 25     29
 26     10
 27      5
 28     30
 29      5
 30     13
SERVICE_TIME_SECTION
  0      0
  1   1000
  2   1000
  3   1000
  4   1000
  5   1000
  6   1000
  7   1000
  8   1000
  9   1000
 10   1000
 11   1000
 12   1000
 13   1000
 14   1000
 15   1000
 16   1000
 17   1000
 18   1000
 19   1000
 20   1000
 21   1000
 22   1000
 23   1000
 24   1000
 25   1000
 26   1000
 27   1000
 28   1000
 29   1000
 30   1000
TRUCK_EDGE_WEIGHT_SECTION
     0  1976  3286  2636  2672  1440  3388  2738  2110  2829  3330  3539  2478  3555  3009  3595  2722  3551  2708  2171  3278  2480  2838  3696  1299  3051  1876  2390  2619  1721  1535
  1922     0  1950  1300   824  3196  3718  3066  2440  1492  1202  2624  1141  3885  1672  4636  1385  2215  3749  3212  1941  1144  3705  4738  1984  3919  3371  3816  1282  3216  3030
  3241  1950     0  1042  1295  4511  5036  4385  3759   595  1748  4456  1098  5204   456  5238   982   971  4350  3815   364  1421  5024  5339  2666  5238  3972  5136   819  3818  3631
  2591  1300  1042     0  1369  3860  4386  3735  3109   905  1706  4538  1086  4554   765  4588   140   704  3700  3164  1034   316  4372  4689  2016  4586  3321  4485   776  3168  2981
  2628   824  1288  1369     0  3896  4422  3771  3145   679   658  3448   595  4590   768  4624  1455  1552  3736  3200   949  1212  4409  4725  2052  4622  3358  4521   470  3204  3018
  2194  3705  5011  4361  4398     0  1809  2066  1781  4554  5055  3566  4202  2885  4734  4959  4446  5276  4071  3536  5002  4205  1398  5060  2662  1611  2558   950  4344  2404  2218
  3286  3725  5036  4386  4422  2108     0   820   984  4578  5080  2536  4228  1854  4759  5999  4471  5301  5111  4576  5028  4229   359  6100  3702   249  3950  1111  4369  3795  3609
  2635  3075  4385  3735  3771  2364   820     0   779  3928  4429  1716  3578  1034  4108  5349  3821  4650  4461  3925  4376  3579  1255  5450  3052  1469  4082  1368  3718  3929  3742
  2009  2449  3759  3109  3145  1994   984   779     0  3301  3802  2279  2950  1596  3481  4721  3194  4024  3834  3299  3750  2952   970  4822  2425  1184  3456  1082  3091  3301  3116
  2784  1492   595   905   686  4052  4578  3928  3301     0  1140  4091   490  4746   140  4780   845  1211  3892  3356   269  1284  4565  4880  2209  4779  3514  4678   210  3360  3174
  3285  1202  1741  1699   658  4555  5080  4429  3802  1132     0  2468  1049  3780  1221  5281  1508  2005  4394  3858  1401  1870  5068  5382  2710  5281  4016  5180   922  3861  3675
  3436  2621  4418  4536  3444  3888  2559  1739  2301  4058  2661     0  4378  1712  4500  6149  4621  5394  5262  4726  4408  4380  2779  6250  3852  2992  4884  2891  3848  4729  4544
  2434  1141  1098  1086   602  3702  4228  3578  2950   490  1055  4379     0  4395   578  4429   946  1362  3541  3006   759  1018  4215  4530  1858  4429  3164  4328   280  3009  2822
  3454  3894  5204  4554  4590  3182  1854  1034  1596  4746  5248  1690  4395     0  4926  6168  4640  5469  5280  4744  5195  4398  2074  6269  3871  2288  4901  2186  4536  4748  4561
  2964  1672   456   765   775  4232  4759  4108  3481   140  1228  4539   578  4926     0  4960   705  1071  4072  3536   446  1144  4745  5061  2389  4959  3694  4858   299  3540  3354
  3872  4890  5402  4752  4789  4790  6301  5651  5024  4945  5446  6452  4595  6470  5125     0  4839  5668   848  2665  5394  4596  6289   436  3150  6502  4251  5740  4735  4096  3911
  2678  1385   982   140  1455  3946  4471  3821  3194   845  1515  4622   946  4640   705  4672     0   842  3785  3250   974   330  4459  4774  2102  4672  3408  4571   585  3252  3068
  3506  2215   971   704  1559  4775  5301  4650  4024  1211  2012  5432  1362  5469  1071  5502   842     0  4615  4079  1340  1019  5288  5604  2931  5501  4236  5400  1082  4082  3896
  3061  4079  4591  3941  3978  3979  5490  4839  4212  4134  4635  5641  3782  5658  4314  1025  4026  4856     0  1854  4582  3785  5478  1125  2339  5691  3440  4929  3924  3285  3099
  2182  3199  3712  3062  3099  3099  4611  3960  3334  3254  3756  4762  2904  4779  3435  2342  3148  3978  1455     0  3704  2905  4598  2442  1460  4811  2560  4049  3045  2406  2220
  3232  1941   364  1034   955  4501  5028  4376  3750   269  1409  4446   759  5195   446  5229   974  1340  4341  3805     0  1412  5014  5330  2658  5228  3962  5126   479  3809  3622
  2435  1144  1421   316  1212  3704  4229  3579  2952  1284  1870  4381  1018  4398  1144  4431   330  1019  3544  3008  1412     0  4216  4531  1860  4430  3165  4329  1159  3011  2825
  3272  3712  5024  4372  4409  1696   359  1255   970  4565  5068  2756  4215  2074  4745  7499  4459  5288  6611  4562  5014  4216     0  7599  3690   214  3539   700  4355  3384  3199
  3974  4991  5504  4854  4890  4891  6402  5751  5125  5046  5548  6554  4695  6570  5226   436  4939  5769   949  2766  5495  4698  6390     0  3251  6604  4352  5841  4836  4198  4011
   932  1950  2781  2131  2168  2282  3361  2711  2084  2324  2825  3512  1972  3529  2504  3009  2218  3046  2121  1585  2772  1975  3349  3110     0  3562  1744  3461  2114  1589  1402
  3486  3926  5238  4586  4622  1910   249  1469  1184  4779  5281  2970  4429  2288  4959  7712  4672  5501  6825  4776  5228  4430   214  7812  3904     0  3752   914  4569  3598  3412
  2242  3259  3868  3218  3254  2079  3888  4020  3394  3410  3911  4822  3059  4839  3590  3444  3304  4132  2556  2020  3859  3061  3476  3545  1519  3690     0  3029  3200   425   341
  3385  3825  5136  4485  4521  1248  1111  1368  1082  4678  5180  2869  4328  2186  4858  7050  4571  5400  6162  4069  5126  4329   700  7151  3196   914  3091     0  4468  2936  2750
  2574  1282   819   776   476  3842  4369  3718  3091   210   930  3881   280  4536   299  4570   585  1082  3682  3146   479  1159  4355  4671  1999  4569  3304  4468     0  3150  2964
  2181  3199  3808  3158  3194  1922  3731  3960  3332  3350  3851  4762  2999  4779  3530  3755  3242  4072  2868  2332  3799  3001  3320  3856  1459  3534   424  2872  3140     0   186
  1996  3012  3621  2971  3008  1738  3545  3774  3148  3164  3665  4576  2814  4592  3344  3570  3058  3886  2682  2146  3612  2815  3135  3670  1272  3349   340  2686  2954   186     0
DRONE_EDGE_WEIGHT_SECTION
     0   359  1261  1130   766   780  1464  1340   870  1066   682   815   934  1476  1119  1364  1050  1557  1556  1023  1174   911  1362  1348   555  1504   647  1257   942   519   437
   359     0   997   911   449  1043  1648  1479  1042   786   331   776   654  1587   847  1352   825  1344  1514  1004   893   680  1564  1364   493  1704   759  1475   660   703   628
  1261   997     0   210   566  2026  2644  2465  2038   216   738  1698   343  2559   151   980   245   404   998   811   126   356  2561  1065   787  2701  1054  2471   339  1169  1160
  1130   911   210     0   530  1907  2554  2389  1947   248   709  1655   310  2495   205   797    86   435   844   602   249   231  2464   875   617  2606   855  2369   314   980   978
   766   449   566   530     0  1491  2083  1900  1480   350   179  1136   229  1993   415  1180   447   944  1292   869   452   321  2004  1225   495  2143   843  1919   230   879   833
   780  1043  2026  1907  1491     0   728   688   298  1821  1360   769  1688   857  1879  2081  1825  2337  2286  1760  1929  1684   610  2045  1331   748  1333   494  1695  1167  1104
  1464  1648  2644  2554  2083   728     0   255   607  2430  1925  1045  2300   346  2493  2802  2469  2989  3004  2474  2535  2324   129  2769  2017    96  2055   251  2305  1892  1826
  1340  1479  2465  2389  1900   688   255     0   473  2249  1735   818  2122   173  2314  2699  2304  2823  2895  2362  2351  2159   291  2676  1884   350  1962   352  2126  1805  1734
   870  1042  2038  1947  1480   298   607   473     0  1826  1327   547  1695   622  1888  2227  1862  2382  2423  1891  1931  1717   524  2203  1419   663  1489   448  1700  1334  1261
  1066   786   216   248   350  1821  2430  2249  1826     0   522  1482   133  2343    67  1031   201   607  1090   793   108   211  2349  1101   638  2489   945  2261   127  1037  1015
   682   331   738   709   179  1360  1925  1735  1327   522     0   960   406  1824   588  1326   625  1122  1450  1000   620   494  1851  1363   560  1988   900  1770   407   903   844
   815   776  1698  1655  1136   769  1045   818   547  1482   960     0  1364   878  1549  2116  1569  2079  2286  1767  1578  1428  1007  2119  1255  1126  1449   964  1365  1333  1251
   934   654   343   310   229  1688  2300  2122  1695   133   406  1364     0  2219   193  1033   233   716  1118   760   241   150  2218  1093   528  2358   852  2129    12   930   903
  1476  1587  2559  2495  1993   857   346   173   622  2343  1824   878  2219     0  2409  2839  2409  2927  3031  2498  2443  2265   427  2819  2011   438  2107   511  2222  1954  1881
  1119   847   151   205   415  1879  2493  2314  1888    67   588  1549   193  2409     0  1000   179   541  1048   781    65   235  2411  1074   671  2551   964  2322   188  1065  1048
  1364  1352   980   797  1180  2081  2802  2699  2227  1031  1326  2116  1033  2839  1000     0   830   836   215   350  1046   887  2689   105   862  2829   748  2575  1043   916   977
  1050   825   245    86   447  1825  2469  2304  1862   201   625  1569   233  2409   179   830     0   520   895   602   238   145  2380   900   549  2521   809  2285   239   925   918
  1557  1344   404   435   944  2337  2989  2823  2382   607  1122  2079   716  2927   541   836   520     0   768   822   530   665  2899   938  1024  3040  1195  2802   715  1344  1358
  1556  1514   998   844  1292  2286  3004  2895  2423  1090  1450  2286  1118  3031  1048   215   895   768     0   533  1084   980  2893   294  1033  3033   955  2780  1126  1125  1183
  1023  1004   811   602   869  1760  2474  2362  1891   793  1000  1767   760  2498   781   350   602   822   533     0   839   611  2365   365   512  2506   444  2253   771   615   663
  1174   893   126   249   452  1929  2535  2351  1931   108   620  1578   241  2443    65  1046   238   530  1084   839     0   300  2455  1123   735  2594  1029  2367   234  1130  1112
   911   680   356   231   321  1684  2324  2159  1717   211   494  1428   150  2265   235   887   145   665   980   611   300     0  2236   944   437  2377   734  2141   160   830   813
  1362  1564  2561  2464  2004   610   129   291   524  2349  1851  1007  2218   427  2411  2689  2380  2899  2893  2365  2455  2236     0  2655  1916   142  1942   123  2223  1776  1712
  1348  1364  1065   875  1225  2045  2769  2676  2203  1101  1363  2119  1093  2819  1074   105   900   938   294   365  1123   944  2655     0   871  2793   715  2539  1103   878   945
   555   493   787   617   495  1331  2017  1884  1419   638   560  1255   528  2011   671   862   549  1024  1033   512   735   437  1916   871     0  2059   348  1812   540   402   377
  1504  1704  2701  2606  2143   748    96   350   663  2489  1988  1126  2358   438  2551  2829  2521  3040  3033  2506  2594  2377   142  2793  2059     0  2081   255  2363  1915  1852
   647   759  1054   855   843  1333  2055  1962  1489   945   900  1449   852  2107   964   748   809  1195   955   444  1029   734  1942   715   348  2081     0  1827   865   172   230
  1257  1475  2471  2369  1919   494   251   352   448  2261  1770   964  2129   511  2322  2575  2285  2802  2780  2253  2367  2141   123  2539  1812   255  1827     0  2135  1661  1598
   942   660   339   314   230  1695  2305  2126  1700   127   407  1365    12  2222   188  1043   239   715  1126   771   234   160  2223  1103   540  2363   865  2135     0   942   914
   519   703  1169   980   879  1167  1892  1805  1334  1037   903  1333   930  1954  1065   916   925  1344  1125   615  1130   830  1776   878   402  1915   172  1661   942     0    82
   437   628  1160   978   833  1104  1826  1734  1261  1015   844  1251   903  1881  1048   977   918  1358  1183   663  1112   813  1712   945   377  1852   230  1598   914    82     0
DEPOT_SECTION
0
-1
EOF
    