
NAME : WM-31-7
COMMENT : CVS
TYPE : RDVRP-TW
DIMENSION : 31
CAPACITY : 100
EDGE_WEIGHT_TYPE : EXPLICIT
EDGE_WEIGHT_FORMAT : FULL_MATRIX 
NODE_COORD_SECTION
  0 -78.5881280000 35.7825655000
  1 -78.6017762000 35.7910805000
  2 -78.5914349000 35.7727814000
  3 -78.5915257000 35.7858377000
  4 -78.5951654000 35.7696031000
  5 -78.5893775000 35.7710757000
  6 -78.5973580000 35.7710740000
  7 -78.6002869000 35.7711983000
  8 -78.5903400000 35.7770463000
  9 -78.5978152000 35.7863865000
 10 -78.6010462000 35.7701205000
 11 -78.5933537000 35.7873417000
 12 -78.5934202000 35.7792075000
 13 -78.5833755000 35.7722212000
 14 -78.5933928000 35.7712048000
 15 -78.6017446000 35.7932280000
 16 -78.6039416000 35.7918617000
 17 -78.6003932000 35.7709961000
 18 -78.5874326000 35.7760211000
 19 -78.5923863000 35.7707577000
 20 -78.5997508000 35.7790490000
 21 -78.5986717000 35.7929717000
 22 -78.5918161000 35.7704160000
 23 -78.5997859000 35.7932152000
 24 -78.5962737000 35.7726027000
 25 -78.5974394000 35.7893859000
 26 -78.5931683000 35.7710417000
 27 -78.6006291000 35.7952290000
 28 -78.5978864000 35.7897817000
 29 -78.6014483000 35.7886489000
 30 -78.5992831000 35.7696791000
TIME_WINDOW_SECTION
  0      0  36000
  1      0  32211
  2      0  32825
  3      0  34245
  4  26257  28257
  5      0  32168
  6      0  31735
  7      0  31602
  8      0  33228
  9      0  32915
 10      0  31434
 11      0  33548
 12  21022  25392
 13      0  32468
 14  24081  26081
 15      0  31839
 16      0  31899
 17      0  31574
 18      0  32901
 19      0  32336
 20      0  33296
 21      0  32301
 22      0  32368
 23      0  32008
 24      0  32235
 25      0  32838
 26      0  32176
 27      0  31672
 28  25412  29166
 29      0  32668
 30      0  31659
DEMAND_SECTION
  0      0
  1      9
  2     22
  3      6
  4     14
  5     12
  6     18
  7     13
  8     18
  9      6
 10     27
 11     19
 12     10
 13     18
 14     11
 15     28
 16      7
 17     22
 18     14
 19     27
 20     19
 21     29
 22     29
 23     15
 24     26
 25     17
 26     15
 27     23
 28     24
 29     30
 30     16
SERVICE_TIME_SECTION
  0      0
  1   1000
  2   1000
  3   1000
  4   1000
  5   1000
  6   1000
  7   1000
  8   1000
  9   1000
 10   1000
 11   1000
 12   1000
 13   1000
 14   1000
 15   1000
 16   1000
 17   1000
 18   1000
 19   1000
 20   1000
 21   1000
 22   1000
 23   1000
 24   1000
 25   1000
 26   1000
 27   1000
 28   1000
 29   1000
 30   1000
TRUCK_EDGE_WEIGHT_SECTION
     0  2834  2278  1186  2989  2934  3366  3500  1874  2130  3669  1498  1402  1922  2514  3206  3146  3528  2200  2766  1830  2744  2734  3036  2868  2208  2926  3372  2274  2378  3444
  2789     0  3472  2741  4184  4129  4562  4695  3069  1024  4864  1485  2598  4540  3709   551   490  4722  3395  3961  3026   574  3930   381  4062   696  4121   718   560   429  4639
  2175  3472     0  2480   826   486  1205  1338   725  2770  1506  2136  1131  1592   351  3845  3785  1365  1051   486  2470  3384   455  3676   705  2846   764  4011  2912  3016  1281
   755  2629  2072     0  2784  2730  3162  3295  1670  1926  3465  1292  1199  3145  2310  3001  2941  3324  1996  2562  1626  2540  2530  2832  2664  2004  2721  3169  2070  2172  3240
  2886  4184   826  3191     0  1066  1096  1230  1436  3481  1399  2848  1842  2172   475  4556  4496  1258  1762   470  3181  4095   582  4388   598  3558   369  4722  3624  3728  1174
  2832  4129   486  3138  1066     0  1444  1576  1382  3426  1746  2792  1788  1401   591  4501  4441  1605  1709   726  3126  4040   694  4332   945  3504  1002  4669  3570  3672  1521
  3265  4562  1205  3570  1096  1444     0   762  1815  3859   931  3226  2221  2551   852  4935  4875   790  2141  1135  2834  4472  1245  4765   500  3936  1034  5101  4002  4106   320
  3398  4695  1338  3702  1230  1576   762     0  1948  3992   169  3359  2354  2684   986  5068  5008    28  2274  1268  2572  4606  1378  4899   632  4069  1168  5234  4135  4239   839
  1772  3069   725  2078  1436  1382  1815  1948     0  2366  2116  1732   728  2240   962  3441  3381  1976   326  1214  2066  2980  1182  3272  1315  2444  1374  3609  2510  2612  1892
  2085  1024  2770  2038  3481  3426  3859  3992  2366     0  4161   782  1895  3838  3006  1396  1336  4020  2692  3259  1424   935  3226  1228  3360   399  3419  1564   464   568  3936
  3566  4864  1506  3871  1399  1746   931   169  2116  4161     0  3528  2522  2852  1155  5236  5176   141  2442  1436  2741  4775  1546  5068   802  4238  1336  5402  4304  4408  1008
  1452  1485  2136  1405  2848  2792  3226  3359  1732   782  3528     0  1261  3204  2372  1858  1798  3386  2059  2625  1690  1396  2594  1689  2726   860  2785  2025   926  1029  3302
  1300  2598  1131  1605  1842  1788  2221  2354   728  1895  2522  1261     0  2202  1368  2970  2910  2381  1054  1620   809  2509  1589  2801  1721  1972  1780  3138  2038  2141  2298
  2532  4898  1254  3325  1834  1064  2212  2345  2150  4195  2514  3561  2556     0  1360  5270  5210  2374  2476  1494  3895  4809  1462  5101  1712  4272  1771  5436  4338  4441  2289
  2411  3709   351  2716   475   591   852   986   962  3006  1155  2372  1368  1698     0  4081  4021  1014  1289   422  2706  3620   391  3912   354  3084   412  4249  3149  3252   930
  3161   551  3845  3114  4556  4501  4935  5068  3441  1396  5236  1858  2970  4912  4081     0   561  5095  3768  4334  3399   545  4302   256  4435  1069  4494   338   932   979  5011
  3101   490  3785  3054  4496  4441  4875  5008  3381  1336  5176  1798  2910  4852  4021   561     0  5035  3708  4274  3339   886  4242   694  4375  1009  4434  1030   872   919  4951
  3426  4722  1365  3731  1258  1605   790    28  1976  4020   141  3386  2381  2711  1014  5095  5035     0  2302  1295  2600  4634  1405  4926   661  4098  1195  5262  4162  4266   868
  2099  3395  1051  2404  1762  1709  2141  2274   326  2692  2442  2059  1054  2566  1289  3768  3708  2302     0  1540  2392  3306  1509  3599  1641  2770  1700  3935  2836  2939  2218
  2664  3961   486  2969   470   726  1135  1268  1214  3259  1436  2625  1620  1832   422  4334  4274  1295  1540     0  2959  3872   114  4165   635  3335   100  4500  3401  3505  1211
  1704  3000  2388  2008  3099  3044  3476  3610  1984  1396  3779  1664   734  3459  2624  3372  3312  3638  2310  2876     0  2911  2844  3204  2978  2375  3036  3540  2440  2544  3554
  2699   574  3384  2651  4095  4040  4472  4606  2980   935  4775  1396  2509  4451  3620   545   886  4634  3306  3872  2936     0  3840   376  3974   536  4032   712   730  1126  4550
  2632  3930   455  2938   582   694  1245  1378  1182  3226  1546  2594  1589  1801   391  4302  4242  1405  1509   114  2926  3840     0  4134   745  3304   215  4469  3370  3474  1321
  2992   381  3676  2945  4388  4332  4765  4899  3272  1228  5068  1689  2801  4744  3912   256   694  4926  3599  4165  3230   376  4134     0  4266   900  4325   422   764   810  4842
  2765  4062   705  3070   598   945   500   632  1315  3360   802  2726  1721  2051   354  4435  4375   661  1641   635  3060  3974   745  4266     0  3438   535  4601  3502  3606   578
  2162   696  2846  2115  3558  3504  3936  4069  2444   399  4238   860  1972  3915  3084  1069  1009  4098  2770  3335  2400   536  3304   900  3438     0  3495  1235   136   645  4014
  2824  4121   764  3129   369  1002  1034  1168  1374  3419  1336  2785  1780  2110   412  4494  4434  1195  1700   100  3119  4032   215  4325   535  3495     0  4660  3561  3665  1111
  3328   718  4011  3280  4722  4669  5101  5234  3609  1564  5402  2025  3138  5080  4249   338  1030  5262  3935  4500  3565   712  4469   422  4601  1235  4660     0  1099  1146  5179
  2229   560  2912  2181  3624  3570  4002  4135  2510   464  4304   926  2038  3980  3149   932   872  4164  2836  3401  2466   730  3370   764  3502   136  3561  1099     0   509  4079
  2332   429  3016  2285  3728  3672  4106  4239  2612   568  4408  1029  2141  4084  3252   979   919  4266  2939  3505  2570  1126  3474   810  3606   645  3665  1146   509     0  4182
  3341  4639  1281  3646  1174  1521   320   839  1892  3936  1008  3302  2298  2628   930  5011  4951   868  2218  1211  2911  4550  1321  4842   578  4014  1111  5178  4079  4182     0
DRONE_EDGE_WEIGHT_SECTION
     0  1076  1096   386  1468  1280  1327  1348   620   560  1471   567   424  1166  1281  1290  1191  1371   729  1325   589  1223  1360  1262  1152   835  1297  1484   882   841  1497
  1076     0  2074   697  2404  2276  2233  2214  1620   543  2333   520  1358  2212  2235   239   118  2236  1761  2290  1341   239  2331   249  2067   247  2254   464   204   271  2384
  1096  2074     0  1453   382   206   298   386   477  1534   477  1622   719   319   191  2309  2176   401   392   228   767  2264   264  2296   189  1862   205  2523  1908  1807   461
   386   697  1453     0  1813  1645  1658  1664   980   243  1787   181   742  1547  1630   905   813  1686  1104  1679   817   837  1717   876  1484   452  1648  1098   499   484  1823
  1468  2404   382  1813     0   279   185   267   849  1871   237  1976  1071   544   191  2642  2500   256   775   168  1066  2605   159  2634   337  2204   178  2860  2249  2134   161
  1280  2276   206  1645   279     0   311   425   666  1734   467  1817   918   266   157  2510  2379   429   556   122   973  2463   120  2496   317  2061   148  2722  2107  2009   416
  1327  2233   298  1658   185   311     0   115   718  1705   179  1817   918   558   155  2472  2327   118   671   197   893  2438   228  2466   175  2038   163  2692  2083  1963   172
  1348  2214   386  1664   267   425   115     0   756  1693   124  1816   930   667   268  2453  2304    23   732   312   874  2425   341  2451   221  2027   278  2675  2071  1943   174
   620  1620   477   980   849   666   718   756     0  1077   875  1152   268   600   661  1851  1726   777   160   704   423  1800   740  1834   545  1399   677  2060  1446  1358   890
   560   543  1534   243  1871  1734  1705  1693  1077     0  1815   197   816  1670  1698   775   650  1716  1219  1752   820   734  1792   764  1535   334  1717   990   378   286  1861
  1471  2333   477  1787   237   467   179   124   875  1815     0  1939  1053   726   322  2572  2423   101   842   345   995  2545   362  2571   333  2149   324  2795  2192  2063    85
   567   520  1622   181  1976  1817  1817  1816  1152   197  1939     0   905  1725  1796   725   638  1839  1280  1846   954   657  1885   696  1644   273  1814   918   319   334  1979
   424  1358   719   742  1071   918   918   930   268   816  1053   905     0   868   891  1591  1463   953   422   941   242  1545   981  1577   743  1143   909  1804  1189  1093  1085
  1166  2212   319  1547   544   266   558   667   600  1670   726  1725   868     0   405  2439  2320   675   451   386   987  2381   385  2417   502  1984   403  2642  2031  1953   681
  1281  2235   191  1630   191   157   155   268   661  1698   322  1796   891   405     0  2472  2334   273   584    63   907  2431   107  2462   192  2030    20  2688  2075  1966   286
  1290   239  2309   905  2642  2510  2472  2453  1851   775  2572   725  1591  2439  2472     0   172  2475  1989  2526  1580   116  2567    72  2305   456  2491   226   409   510  2623
  1191   118  2176   813  2500  2379  2327  2304  1726   650  2423   638  1463  2320  2334   172     0  2327  1869  2390  1435   229  2431   214  2163   365  2353   394   322   369  2476
  1371  2236   401  1686   256   429   118    23   777  1716   101  1839   953   675   273  2475  2327     0   751   313   897  2447   340  2473   240  2050   281  2698  2093  1965   153
   729  1761   392  1104   775   556   671   732   160  1219   842  1280   422   451   584  1989  1869   751     0   616   579  1933   647  1969   511  1535   597  2194  1582  1502   842
  1325  2290   228  1679   168   122   197   312   704  1752   345  1846   941   386    63  2526  2390   313   616     0   966  2484    44  2515   255  2082    44  2742  2128  2021   295
   589  1341   767   817  1066   973   893   874   423   820   995   954   242   987   907  1580  1435   897   579   966     0  1550  1008  1577   730  1154   927  1801  1197  1071  1043
  1223   239  2264   837  2605  2463  2438  2425  1800   734  2545   657  1545  2381  2431   116   229  2447  1933  2484  1550     0  2524    49  2269   402  2450   261   356   492  2593
  1360  2331   264  1717   159   120   228   341   740  1792   362  1885   981   385   107  2567  2431   340   647    44  1008  2524     0  2556   299  2122    87  2782  2168  2062   303
  1262   249  2296   876  2634  2496  2466  2451  1834   764  2571   696  1577  2417  2462    72   214  2473  1969  2515  1577    49  2556     0  2298   435  2481   226   389   512  2620
  1152  2067   189  1484   337   317   175   221   545  1535   333  1644   743   502   192  2305  2163   240   511   255   730  2269   299  2298     0  1869   212  2524  1913  1797   346
   835   247  1862   452  2204  2061  2038  2027  1399   334  2149   273  1143  1984  2030   456   365  2050  1535  2082  1154   402  2122   435  1869     0  2048   661    47   170  2195
  1297  2254   205  1648   178   148   163   278   677  1717   324  1814   909   403    20  2491  2353   281   597    44   927  2450    87  2481   212  2048     0  2707  2094  1985   283
  1484   464  2523  1098  2860  2722  2692  2675  2060   990  2795   918  1804  2642  2688   226   394  2698  2194  2742  1801   261  2782   226  2524   661  2707     0   615   733  2845
   882   204  1908   499  2249  2107  2083  2071  1446   378  2192   319  1189  2031  2075   409   322  2093  1582  2128  1197   356  2168   389  1913    47  2094   615     0   182  2238
   841   271  1807   484  2134  2009  1963  1943  1358   286  2063   334  1093  1953  1966   510   369  1965  1502  2021  1071   492  2062   512  1797   170  1985   733   182     0  2113
  1497  2384   461  1823   161   416   172   174   890  1861    85  1979  1085   681   286  2623  2476   153   842   295  1043  2593   303  2620   346  2195   283  2845  2238  2113     0
DEPOT_SECTION
0
-1
EOF
    