
NAME : WM-31-3
COMMENT : CVS
TYPE : RDVRP-TW
DIMENSION : 31
CAPACITY : 100
EDGE_WEIGHT_TYPE : EXPLICIT
EDGE_WEIGHT_FORMAT : FULL_MATRIX 
NODE_COORD_SECTION
  0 -78.5881280000 35.7825655000
  1 -78.5883762000 35.7762752000
  2 -78.6002335000 35.7879925000
  3 -78.5910885000 35.7772180000
  4 -78.6037359000 35.7733280000
  5 -78.6047101000 35.7925441000
  6 -78.6046020000 35.7892106000
  7 -78.5800436000 35.7807634000
  8 -78.5999239000 35.7924031000
  9 -78.5868307000 35.7704904000
 10 -78.5935544000 35.7765734000
 11 -78.5839463000 35.7810031000
 12 -78.6037626000 35.7908138000
 13 -78.5916579000 35.7691313000
 14 -78.5888883000 35.7875410000
 15 -78.6021794000 35.7915056000
 16 -78.5940826000 35.7728128000
 17 -78.5802304000 35.7740874000
 18 -78.5824524000 35.7725018000
 19 -78.5914739000 35.7832586000
 20 -78.5853209000 35.7885424000
 21 -78.5922389000 35.7727523000
 22 -78.6032853000 35.7762678000
 23 -78.5981024000 35.7731421000
 24 -78.5950682000 35.7699142000
 25 -78.6008896000 35.7959677000
 26 -78.5911421000 35.7715452000
 27 -78.5831534000 35.7701381000
 28 -78.5997182000 35.7815149000
 29 -78.5991323000 35.7916252000
 30 -78.5829941000 35.7690263000
TIME_WINDOW_SECTION
  0      0  36000
  1      0  32998
  2      0  32830
  3      0  33311
  4      0  31389
  5      0  31874
  6      0  32276
  7      0  33265
  8      0  32132
  9      0  31748
 10      0  33124
 11      0  33568
 12      0  32082
 13      0  32198
 14      0  34068
 15      0  32188
 16      0  32634
 17      0  32699
 18      0  32779
 19      0  34459
 20      0  33605
 21      0  32825
 22   5236   7236
 23      0  32016
 24      0  32255
 25      0  31552
 26      0  32409
 27      0  32508
 28      0  32992
 29      0  32278
 30      0  32354
DEMAND_SECTION
  0      0
  1     25
  2     16
  3     24
  4     21
  5     14
  6     28
  7     29
  8     12
  9     23
 10      7
 11     27
 12     30
 13     14
 14     30
 15     28
 16     14
 17     18
 18     11
 19      7
 20     10
 21     26
 22     26
 23     20
 24     20
 25      5
 26      8
 27     29
 28      6
 29     14
 30     18
SERVICE_TIME_SECTION
  0      0
  1   1000
  2   1000
  3   1000
  4   1000
  5   1000
  6   1000
  7   1000
  8   1000
  9   1000
 10   1000
 11   1000
 12   1000
 13   1000
 14   1000
 15   1000
 16   1000
 17   1000
 18   1000
 19   1000
 20   1000
 21   1000
 22   1000
 23   1000
 24   1000
 25   1000
 26   1000
 27   1000
 28   1000
 29   1000
 30   1000
TRUCK_EDGE_WEIGHT_SECTION
     0  2105  2214  1790  3691  3171  2769  1470  2912  2816  1968   880  2961  2905  1299  2858  2469  2062  2384   602  1375  2276  3575  3085  2848  3492  2692  2220  2056  2768  2375
  2002     0  2681   314  2370  3639  3235  2300  3379  2032   646  2288  3429  1584  2420  3324  1148  2610  2569  1461  2496   955  2806  1764  1526  3959  1372  2406  2522  3234  2560
  2170  2681     0  2366  4268  1132   554  3321   872  3930  2544  2731   748  3481  1594   819  3045  4061  4466  1629  1945  2852  4151  3661  3424  1454  3270  4304  2632   728  4458
  1689   314  2366     0  2055  3324  2920  1985  3064  1719   332  1972  3114  1269  2105  3010   832  2296  2254  1148  2181   641  2492  1450  1211  3645  1058  2091  2209  2919  2245
  3611  2392  4290  2078     0  4365  3749  4086  4988  2211  2135  3896  4629  1701  4029  4679  1298  3249  2746  3070  4105  1438   519   629  1302  5540  1550  2584  2276  4842  2738
  3126  3639  1132  3324  4388     0  1006  4279   820  4888  3501  3689   264  4439  2551   314  4002  5019  5422  2585  2902  3810  4234  4619  4380  1176  4226  5260  3590   675  5414
  2724  3235   554  2920  3768  1006     0  3875   972  4484  3099  3285   646  4035  2149   692  3599  4615  5020  2182  2499  3406  3612  4215  3978  1328  3824  4858  3186   828  5011
  1735  2764  3332  2450  4010  4290  3886     0  4030  2368  2628   988  4080  3106  2056  3976  3039  1235  1934  1902  1955  2899  4448  3404  3166  4611  2895  1771  3876  3885  1925
  2868  3379   872  3064  4965   820   972  4019     0  4628  3242  3429   942  4179  2292   506  3742  4759  5164  2326  2642  3550  4849  4359  4121   582  3968  5001  3330   145  5155
  3252  2032  3930  1719  2189  4888  4484  2420  4628     0  1776  2554  4678   689  3669  4574  1218  1582  1081  2711  3521  1078  2625  1582  1344  5209  1072   919  3772  4482  1072
  1876   656  2554   342  2101  3511  3109  2174  3252  1764     0  2161  3301  1315  2294  3198   879  2484  2300  1335  2369   686  2539  1495  1258  3832  1104  2138  2396  3108  2291
  1432  1979  3031  1665  3565  3988  3585   698  3729  2192  1842     0  3778  2779  1754  3674  2342  1438  1759  1600  1654  2150  4002  2959  2721  4309  2568  1596  3275  3584  1750
  2918  3429   748  3114  4652   264   646  4069   942  4678  3291  3479     0  4229  2341   436  3792  4809  5214  2376  2692  3600  4498  4409  4171  1298  4016  5050  3380   798  5205
  2802  1584  3481  1269  1679  4439  4035  3159  4179   689  1326  3088  4229     0  3220  4124   768  2321  1820  2261  3296   629  2116  1072   400  4759   341  1658  3322  4034  1811
   932  2079  1709  1764  3665  2666  2264  2164  2408  3328  1941  1575  2456  2879     0  2352  2442  2905  3225  1026   789  2250  3549  3059  2821  2988  2666  3062  2030  2262  3216
  2812  3324   819  3010  4702   314   692  3964   506  4574  3188  3375   436  4124  2238     0  3688  4704  5109  2271  2589  3496  4548  4305  4066   861  3912  4946  3276   361  5100
  2366  1148  3045   832  1275  4002  3599  2664  3742  1218   890  2651  3792   768  2784  3688     0  2255  1752  1825  2860   192  1711   669   524  4322   556  1590  2888  3598  1744
  2301  2596  4046  2281  3182  5004  4600  1235  4744  1540  2770  1701  4794  2279  2770  4690  2211     0  1106  2831  2669  2071  3620  2576  2339  5325  2068   944  3892  4599  1098
  2221  2681  3966  2368  2838  4924  4521  1489  4665  1194  2425  1621  4714  1934  2690  4610  1866   651     0  2751  2589  1726  3274  2231  1992  5245  1721   598  3812  4520   752
   541  1884  1994  1570  3470  2951  2548  1890  2691  3134  1748  1301  2741  2684  1079  2638  2249  2482  2804     0  1155  2056  3354  2865  2626  3272  2472  2641  1836  2546  2795
  1395  2541  1949  2226  4128  2906  2504  2195  2648  3790  2405  1605  2696  3341   672  2592  2905  2935  3256  1489     0  2712  4011  3521  3284  3228  3130  3092  2492  2502  3248
  2175   955  2852   641  1415  3810  3406  2471  3550  1078   699  2459  3600   629  2591  3496   192  2115  1614  1634  2668     0  1851   809   571  4131   416  1450  2695  3405  1605
  3471  2829  4150  2515   519  4195  3579  4522  4848  2648  2572  4751  4459  2139  3889  4509  1734  3685  3184  2930  3965  1874     0  1065  1739  5370  1988  3021  2041  4702  3175
  2984  1764  3661  1450   606  4619  4215  3458  4359  1582  1508  3268  4409  1072  3400  4305   669  2620  2118  2442  3476   809  1042     0   674  4940   921  1955  2760  4214  2109
  2745  1526  3424  1211  1280  4380  3978  3219  4121  1344  1269  3030  4171   400  3162  4066   524  2381  1880  2204  3239   571  1716   674     0  4701   684  1718  3265  3976  1871
  3448  3959  1454  3645  5545  1176  1328  4599   582  5209  3822  4010  1298  4759  2872   861  4322  5339  5744  2906  3224  4131  5409  4940  4701     0  4548  5581  3911   728  5735
  2591  1372  3270  1058  1528  4226  3824  2948  3968  1072  1115  2876  4016   341  3009  3912   556  2110  1609  2050  3084   416  1964   921   684  4548     0  1446  3111  3822  1600
  2492  2406  4304  2091  2561  5260  4858  1760  5001   919  2149  1892  5050  1658  2961  4946  1590   922   420  3084  2861  1450  2999  1955  1718  5581  1446     0  4145  4856   154
  2008  2519  2686  2205  2284  3642  3240  3592  3384  3769  2382  3288  3434  3319  2425  3329  2882  3904  4304  1466  2501  2691  2049  3500  3261  3964  3108  4141     0  3239  4295
  2722  3234   728  2919  4820   675   828  3874   145  4482  3098  3284   798  4034  2148   361  3598  4614  5019  2181  2498  3405  4704  4214  3976   728  3822  4856  3185     0  5010
  2646  2560  4458  2245  2715  5414  5011  1914  5155  1072  2302  2048  5205  1811  3116  5100  1744  1076   575  3238  3015  1605  3152  2109  1871  5735  1600   154  4299  5010     0
DRONE_EDGE_WEIGHT_SECTION
     0   700   755   606  1189  1271   962   366  1180  1345   698   235  1088  1502   555  1124  1109   991  1141   148   674  1104   908  1116  1433  1565  1232  1396   453  1089  1520
   700     0  1379   148   677  1912  1564   592  1847   647   201   553  1719   805  1254  1773   444   397   478   786  1370   420   572   512   754  2241   537   712   726  1756   833
   755  1379     0  1248  1638   533   211  1105   491  2014  1296   989   340  2125   425   398  1706  1723  1852   621   557  1723  1310  1655  2022   888  1863  2091   721   406  2211
   606   148  1248     0   652  1781  1429   577  1722   767   119   502  1587   900  1152  1644   504   544   622   673  1279   499   479   528   827  2119   631   846   580  1632   964
  1189   677  1638   652     0  2139  1768  1228  2128   729   533  1142  1946   663  1679  2024   378   912   830  1200  1832   450   328   219   508  2522   527   875   924  2044   939
  1271  1912   533  1781  2139     0   371  1602   176  2546  1826  1500   196  2653   807   148  2233  2252  2384  1145   843  2253  1813  2174  2545   406  2393  2624  1242   229  2744
   962  1564   211  1429  1768   371     0  1316   395  2191  1467  1197   181  2289   612   271  1868  1919  2041   824   718  1891  1442  1806  2178   764  2032  2274   876   336  2393
   366   592  1105   577  1228  1602  1316     0  1493  1173   695   150  1428  1370   824  1454  1036   743   924   513   888  1007  1018  1095  1339  1861  1111  1189   750  1404  1311
  1180  1847   491  1722  2128   176   395  1493     0  2489  1778  1402   226  2609   678   130  2192  2169  2311  1065   689  2207  1801  2145  2510   398  2345  2558  1212    91  2680
  1345   647  2014   767   729  2546  2191  1173  2489     0   725  1175  2352   242  1900  2410   382   475   281  1432  2010   328   905   528   328  2885   205   149  1323  2398   221
   698   201  1296   119   533  1826  1467   695  1778   725     0   614  1631   832  1234  1693   419   583   623   748  1368   428   375   420   744  2176   567   822   598  1689   934
   235   553   989   502  1142  1500  1197   150  1402  1175   614     0  1320  1354   751  1353   991   783   948   379   841   972   907  1029  1306  1780  1088  1210   600  1311  1334
  1088  1719   340  1587  1946   196   181  1428   226  2352  1631  1320     0  2457   660    97  2037  2063  2192   958   727  2057  1619  1979  2350   583  2197  2431  1046   193  2550
  1502   805  2125   900   663  2653  2289  1370  2609   242   832  1354  2457     0  2052  2522   421   708   519  1573  2174   404   913   512   159  3008   269   351  1413  2520   339
   555  1254   425  1152  1679   807   612   824   678  1900  1234   751   660  2052     0   661  1651  1533  1692   486   173  1651  1368  1641  1976  1037  1783  1950   784   592  2073
  1124  1773   398  1644  2024   148   271  1454   130  2410  1693  1353    97  2522   661     0  2103  2108  2243  1001   705  2121  1697  2050  2419   499  2261  2485  1116   113  2606
  1109   444  1706   504   378  2233  1868  1036  2192   382   419   991  2037   421  1651  2103     0   554   452  1167  1782    72   523   160   325  2590   181   519   992  2103   603
   991   397  1723   544   912  2252  1919   743  2169   475   583   783  2063   708  1533  2108   554     0   196  1107  1621   488   920   699   740  2556   509   454  1113  2078   574
  1141   478  1852   622   830  2384  2041   924  2311   281   623   948  2192   519  1692  2243   452   196     0  1246  1789   380   907   611   569  2702   354   265  1202  2220   387
   148   786   621   673  1200  1145   824   513  1065  1432   748   379   958  1573   486  1001  1167  1107  1246     0   632  1170   898  1154  1492  1457  1304  1495   367   974  1617
   674  1370   557  1279  1832   843   718   888   689  2010  1368   841   727  2174   173   705  1782  1621  1789   632     0  1777  1525  1781  2107  1005  1905  2050   950   615  2174
  1104   420  1723   499   450  2253  1891  1007  2207   328   428   972  2057   404  1651  2121    72   488   380  1170  1777     0   578   231   335  2605   141   458  1017  2117   549
   908   572  1310   479   328  1813  1442  1018  1801   905   375   907  1619   913  1368  1697   523   920   907   898  1525   578     0   401   776  2195   705  1036   600  1717  1126
  1116   512  1655   528   219  2174  1806  1095  2145   528   420  1029  1979   512  1641  2050   160   699   611  1154  1781   231   401     0   378  2543   323   670   934  2058   745
  1433   754  2022   827   508  2545  2178  1339  2510   328   744  1306  2350   159  1976  2419   325   740   569  1492  2107   335   776   378     0  2908   237   466  1304  2422   482
  1565  2241   888  2119  2522   406   764  1861   398  2885  2176  1780   583  3008  1037   499  2590  2556  2702  1457  1005  2605  2195  2543  2908     0  2743  2952  1609   488  3074
  1232   537  1863   631   527  2393  2032  1111  2345   205   567  1088  2197   269  1783  2261   181   509   354  1304  1905   141   705   323   237  2743     0   348  1158  2256   424
  1396   712  2091   846   875  2624  2274  1189  2558   149   822  1210  2431   351  1950  2485   519   454   265  1495  2050   458  1036   670   466  2952   348     0  1417  2467   124
   453   726   721   580   924  1242   876   750  1212  1323   598   600  1046  1413   784  1116   992  1113  1202   367   950  1017   600   934  1304  1609  1158  1417     0  1126  1532
  1089  1756   406  1632  2044   229   336  1404    91  2398  1689  1311   193  2520   592   113  2103  2078  2220   974   615  2117  1717  2058  2422   488  2256  2467  1126     0  2589
  1520   833  2211   964   939  2744  2393  1311  2680   221   934  1334  2550   339  2073  2606   603   574   387  1617  2174   549  1126   745   482  3074   424   124  1532  2589     0
DEPOT_SECTION
0
-1
EOF
    