
NAME : WM-31-1
COMMENT : CVS
TYPE : RDVRP-TW
DIMENSION : 31
CAPACITY : 100
EDGE_WEIGHT_TYPE : EXPLICIT
EDGE_WEIGHT_FORMAT : FULL_MATRIX 
NODE_COORD_SECTION
  0 -78.5881280000 35.7825655000
  1 -78.5879221000 35.7762756000
  2 -78.5980584000 35.7885108000
  3 -78.5920239000 35.7702304000
  4 -78.5995137000 35.7876439000
  5 -78.6025034000 35.7741615000
  6 -78.5740924000 35.7806658000
  7 -78.6026878000 35.7885335000
  8 -78.6029486000 35.7794798000
  9 -78.5997591000 35.7856928000
 10 -78.5923613000 35.7779916000
 11 -78.5863811000 35.7711771000
 12 -78.5764705000 35.7943300000
 13 -78.5948032000 35.7696627000
 14 -78.6007493000 35.7857611000
 15 -78.5978550000 35.7931102000
 16 -78.6039670000 35.7909336000
 17 -78.6005814000 35.7880988000
 18 -78.6036688000 35.7876768000
 19 -78.6020485000 35.7919661000
 20 -78.5991323000 35.7916252000
 21 -78.5926481000 35.7714022000
 22 -78.5994629000 35.7910568000
 23 -78.5851096000 35.7691903000
 24 -78.5959932000 35.7691332000
 25 -78.5926798000 35.7691979000
 26 -78.5992746000 35.7702359000
 27 -78.5871197000 35.7716501000
 28 -78.6012697000 35.7922380000
 29 -78.5975318000 35.7699229000
 30 -78.6008160000 35.7928393000
TIME_WINDOW_SECTION
  0      0  36000
  1      0  32946
  2      0  32978
  3      0  32346
  4      0  32779
  5      0  31474
  6      0  29782
  7      0  32336
  8      0  32875
  9      0  32571
 10      0  33555
 11      0  31718
 12      0  31232
 13      0  32220
 14      0  32484
 15      0  32270
 16      0  32065
 17      0  32642
 18      0  32226
 19      0  32184
 20      0  32278
 21      0  32536
 22      0  32456
 23      0  31410
 24      0  32016
 25      0  31979
 26      0  31735
 27      0  31914
 28      0  32136
 29      0  31571
 30      0  32122
DEMAND_SECTION
  0      0
  1     26
  2      6
  3     20
  4     29
  5     24
  6     14
  7      5
  8     25
  9     22
 10     28
 11      6
 12     18
 13     19
 14     24
 15     17
 16      7
 17     21
 18     26
 19     10
 20     15
 21     10
 22     29
 23     29
 24     12
 25     30
 26     27
 27     12
 28     24
 29      6
 30     14
SERVICE_TIME_SECTION
  0      0
  1   1000
  2   1000
  3   1000
  4   1000
  5   1000
  6   1000
  7   1000
  8   1000
  9   1000
 10   1000
 11   1000
 12   1000
 13   1000
 14   1000
 15   1000
 16   1000
 17   1000
 18   1000
 19   1000
 20   1000
 21   1000
 22   1000
 23   1000
 24   1000
 25   1000
 26   1000
 27   1000
 28   1000
 29   1000
 30   1000
TRUCK_EDGE_WEIGHT_SECTION
     0  2155  2068  2756  2266  3606  4288  2709  2220  2474  1546  2574  3490  2882  2561  2775  2980  2401  2795  2860  2768  2565  2589  2881  3086  3122  3368  2650  2909  3531  2922
  2054     0  2585  1485  2784  2335  5459  3226  2736  2990   609  2114  4661  1611  3079  3291  3496  2919  3311  3378  3284  1295  3106  2421  1815  1852  2098  1918  3426  2260  3439
  2022  2585     0  3185   394  4035  4710   836  2649   601  1976  3812  3912  3311   689   708  1209   529   921   794   700  2994   521  4120  3515  3552  3796  3616   841  3960   855
  2654  1485  3185     0  3384  1384  6060  3826  3338  3591  1209  1166  5262   372  3679  3892  4098  3520  3912  3979  3885   191  3706   994   576   398  1145   970  4026  1308  4040
  2221  2784   394  3384     0  4234  4909   374  2848   525  2175  4012  4111  3510   614  1101   979   136   526  1188  1094  3194   915  4320  3714  3751  3995  3816  1235  4159  1249
  3526  2358  4058  1406  4256     0  6932  4228  1682  3264  2081  2156  6135  1252  3351  4765  4696  4392  4312  4760  4758  1338  4579  2464  1456  1492   891  1959  4899  1055  4912
  5218  5180  6880  4234  7079  5200     0  7522  7032  7286  4905  3400  7315  4478  7375  7588  7792  7215  7608  7674  7580  4042  7401  3708  4680  4718  4962  3476  7722  5125  7735
  2664  3226   836  3826   374  4676  5352     0  3290   991  2618  4455  4555  3952   644  1035   605   239   152   636   768  3636   696  4762  4156  4194  4439  4259   684  4601   698
  2125  2686  2656  3288  2855  1811  5530  3298     0  1719  2079  3915  4732  3414  1808  3362  3568  2990  3382  3449  3355  3096  3178  4222  3618  3655  2704  3719  3498  2866  3510
  2429  2990   601  3591   525  3266  5116   985  1714     0  2382  4219  4319  3718   148  1308  1512   661  1070  1394  1301  3400  1122  4526  3921  3959  4202  4022  1442  4366  1455
  1445   609  1976  1209  2175  2059  4850  2618  2129  2382     0  1838  4052  1336  2470  2684  2889  2311  2704  2769  2676  1019  2498  2145  1539  1576  1821  1641  2818  1984  2831
  3282  2114  3812  1166  4012  2134  6368  4455  3965  4219  1838     0  7129  1410  4308  4520  4725  4148  4540  4606  4512   975  4335   308  1614  1650  1895   409  4655  2058  4668
  3768  4964  4079  5565  4278  6415  4252  4720  5028  4484  4355  6192     0  5691  4572  4785  4990  4412  4805  4871  4778  5374  4600  6500  5895  5931  6176  5996  4920  6339  4932
  2780  1611  3311   372  3510  1230  6186  3952  3464  3718  1336  1410  5389     0  3805  4019  4224  3646  4039  4105  4011   591  3832  1718   204   241   991  1214  4152  1155  4166
  2516  3079   689  3679   614  3354  5205   638  1801   148  2470  4308  4408  3805     0  1396  1175   749   722  1482  1389  3489  1210  4615  4009  4046  4291  4111  1530  4454  1544
  2730  3291   708  3892  1101  4742  5418  1035  3356  1308  2684  4520  4620  4019  1396     0  1046  1236  1120   631   271  3701   411  4828  4222  4260  4504  4324   535  4668   435
  2935  3496  1209  4098   979  4720  5622   605  3561  1512  2889  4725  4825  4224  1182  1046     0   844   690   415   780  3906   839  5032  4428  4465  4709  4529   696  4872   709
  2358  2919   529  3520   136  4370  5045   239  2984   661  2311  4148  4248  3646   749  1236   844     0   390   875  1229  3329  1051  4455  3850  3888  4131  3951   922  4295   936
  2774  3336   946  3938   608  2958  5462   234  2274   840  2728  4565  4665  4064   492  1202   772   472     0   804   935  3746   864  4872  4266  4304  4549  4369   852  4711   865
  2816  3378   794  3979  1188  4829  5504   636  3442  1394  2769  4606  4706  4105  1482   631   415   875   721     0   365  3788   424  4914  4309  4345  4590  4410   281  4754   294
  2722  3284   700  3885  1094  4735  5410   768  3349  1301  2676  4512  4612  4011  1389   271   780  1229   854   365     0  3694   330  4820  4215  4252  4496  4316   412  4660   300
  2464  1295  2994   191  3194  1315  5869  3636  3146  3400  1019   975  5071   591  3489  3701  3906  3329  3721  3788  3694     0  3516  1282   795   462  1076   779  3836  1240  3849
  2544  3106   521  3706   915  4556  5231   696  3170  1122  2498  4335  4434  3832  1210   411   839  1051   781   424   330  3516     0  4642  4036  4074  4318  4138   471  4481   485
  3590  2421  4120   994  4320  2441  6676  4762  4272  4526  2145   308  7436  1718  4615  4828  5032  4455  4848  4914  4820  1282  4642     0  1921   866  2202   584  4962  2366  4975
  2984  1815  3515   576  3714  1434  6390  4156  3668  3921  1539  1614  5592   204  4009  4222  4428  3850  4242  4309  4215   795  4036  1921     0   372  1195  1416  4356  1359  4370
  3021  1852  3552   398  3751  1470  6426  4194  3705  3959  1576  1650  5629   241  4046  4260  4465  3888  4280  4345  4252   462  4074   866   372     0  1232  1454  4394  1395  4408
  3265  2098  3796  1145  3995   869  6671  4439  2551  4202  1821  1895  5874   991  4291  4504  4709  4131  4524  4590  4496  1076  4318  2202  1195  1232     0  1699  4639   408  4651
  3086  1918  3616   970  3816  1936  6491  4259  3769  4022  1641   409  7205  1214  4111  4324  4529  3951  4344  4410  4316   779  4138   584  1416  1454  1699     0  4459  1861  4471
  2864  3426   841  4026  1235  4876  5552   684  3490  1442  2818  4655  4755  4152  1530   535   696   922   770   281   412  3836   471  4962  4356  4394  4639  4459     0  4801   100
  3429  2260  3960  1308  4159  1032  6835  4601  2715  4366  1984  2058  6038  1155  4454  4668  4872  4295  4688  4754  4660  1240  4481  2366  1359  1395   408  1861  4801     0  4815
  2878  3439   855  4040  1249  4890  5565   698  3504  1455  2831  4668  4768  4166  1544   435   709   936   784   294   300  3849   485  4975  4370  4408  4651  4471   100  4815     0
DRONE_EDGE_WEIGHT_SECTION
     0   700   759  1381   708  1085   571   859   658   559   534  1269  1379  1459   593  1228  1103   772   814  1168  1089  1255  1035  1493  1525  1498  1438  1216  1183  1453  1237
   700     0  1415   691  1339   609   719  1474   676  1140   256   571  2055   783  1162  1911  1740  1400  1402  1825  1760   572  1702   796   854   809   803   516  1846   799  1906
   759  1415     0  2048   111  1606  1253   172  1022   320  1190  1980  1025  2102   322   512   347   104   228   412   349  1916   288  2207  2158  2160  2035  1922   431  2069   492
  1381   691  2048     0  1959   597  1351  2077  1112  1746   864   244  2746   126  1761  2556  2349  2016  1992  2449  2397   133  2335   294   197   118   283   248  2475   218  2539
   708  1339   111  1959     0  1505  1231   154   918   217  1108  1900  1129  2010   215   612   402    64   155   490   443  1827   380  2126  2065  2070  1938  1842   516  1974   580
  1085   609  1606   597  1505     0  1306  1600   592  1288   577   708  2449   583  1293  2117  1868  1553  1505  1982  1948   490  1884   874   614   672   455   658  2013   510  2080
   571   719  1253  1351  1231  1306     0  1385  1104  1117   756  1157  1524  1461  1153  1644  1598  1293  1358  1634  1537  1253  1496  1346  1536  1464  1512  1121  1639  1498  1682
   859  1474   172  2077   154  1600  1385     0  1008   335  1236  2029  1161  2122   317   540   271    92   102   383   368  1945   305  2255  2175  2186  2041  1970   416  2081   484
   658   676  1022  1112   918   592  1104  1008     0   702   436  1123  1925  1137   704  1529  1276   964   913  1390  1360   983  1295  1336  1183  1211  1039  1063  1422  1084  1489
   559  1140   320  1746   217  1288  1117   335   702     0   902  1695  1290  1794    38   829   604   270   265   703   661  1614   597  1921  1849  1856  1721  1636   731  1758   796
   534   256  1190   864  1108   577   756  1236   436   902     0   793  1913   932   921  1695  1505  1167  1159  1597  1539   734  1479  1019   996   979   904   734  1621   920  1683
  1269   571  1980   244  1900   708  1157  2029  1123  1695   793     0  2604   369  1713  2480  2298  1960  1951  2389  2327   245  2268   227   439   330   513    60  2411   457  2472
  1379  2055  1025  2746  1129  2449  1524  1161  1925  1290  1913  2604     0  2832  1309   793  1077  1127  1246   973   883  2624   918  2817  2900  2864  2817  2556   937  2831   906
  1459   783  2102   126  2010   583  1461  2122  1137  1794   932   369  2832     0  1806  2613  2393  2064  2034  2498  2450   211  2388   383    75    98   186   372  2525   110  2590
   593  1162   322  1761   215  1293  1153   317   704    38   921  1713  1309  1806     0   825   588   260   239   692   656  1628   591  1939  1860  1869  1729  1654   721  1767   788
  1228  1911   512  2556   612  2117  1644   540  1529   829  1695  2480   793  2613   825     0   330   567   642   200   172  2424   236  2706  2670  2669  2547  2423   158  2581   113
  1103  1740   347  2349   402  1868  1598   271  1276   604  1505  2298  1077  2393   588   330     0   340   363   135   194  2216   167  2524  2446  2457  2311  2239   176  2352   242
   772  1400   104  2016    64  1553  1293    92   964   270  1167  1960  1127  2064   260   567   340     0   124   434   396  1883   332  2186  2118  2125  1989  1901   461  2027   528
   814  1402   228  1992   155  1505  1358   102   913   265  1159  1951  1246  2034   239   642   363   124     0   481   470  1859   407  2176  2085  2099  1949  1892   515  1990   584
  1168  1825   412  2449   490  1982  1634   383  1390   703  1597  2389   973  2498   692   200   135   434   481     0   114  2317   139  2615  2552  2559  2421  2331    42  2460   107
  1089  1760   349  2397   443  1948  1537   368  1360   661  1539  2327   883  2450   656   172   194   396   470   114     0  2264    64  2553  2507  2509  2381  2269   104  2417   149
  1255   572  1916   133  1827   490  1253  1945   983  1614   734   245  2624   211  1628  2424  2216  1883  1859  2317  2264     0  2203   384   284   245   289   217  2342   252  2406
  1035  1702   288  2335   380  1884  1496   305  1295   597  1479  2268   918  2388   591   236   167   332   407   139    64  2203     0  2494  2444  2447  2318  2210   147  2354   205
  1493   796  2207   294  2126   874  1346  2255  1336  1921  1019   227  2817   383  1939  2706  2524  2186  2176  2615  2553   384  2494     0   426   296   566   285  2638   492  2699
  1525   854  2158   197  2065   614  1536  2175  1183  1849   996   439  2900    75  1860  2670  2446  2118  2085  2552  2507   284  2444   426     0   130   177   445  2580   107  2645
  1498   809  2160   118  2070   672  1464  2186  1211  1856   979   330  2864    98  1869  2669  2457  2125  2099  2559  2509   245  2447   296   130     0   282   349  2585   206  2650
  1438   803  2035   283  1938   455  1512  2041  1039  1721   904   513  2817   186  1729  2547  2311  1989  1949  2421  2381   289  2318   566   177   282     0   499  2450    76  2517
  1216   516  1922   248  1842   658  1121  1970  1063  1636   734    60  2556   372  1654  2423  2239  1901  1892  2331  2269   217  2210   285   445   349   499     0  2353   449  2415
  1183  1846   431  2475   516  2013  1639   416  1422   731  1621  2411   937  2525   721   158   176   461   515    42   104  2342   147  2638  2580  2585  2450  2353     0  2488    69
  1453   799  2069   218  1974   510  1498  2081  1084  1758   920   457  2831   110  1767  2581  2352  2027  1990  2460  2417   252  2354   492   107   206    76   449  2488     0  2554
  1237  1906   492  2539   580  2080  1682   484  1489   796  1683  2472   906  2590   788   113   242   528   584   107   149  2406   205  2699  2645  2650  2517  2415    69  2554     0
DEPOT_SECTION
0
-1
EOF
    