
NAME : WM-31-10
COMMENT : CVS
TYPE : RDVRP-TW
DIMENSION : 31
CAPACITY : 100
EDGE_WEIGHT_TYPE : EXPLICIT
EDGE_WEIGHT_FORMAT : FULL_MATRIX 
NODE_COORD_SECTION
  0 -78.5881280000 35.7825655000
  1 -78.5973208000 35.7864826000
  2 -78.6041102000 35.7697567000
  3 -78.6013871000 35.7929098000
  4 -78.5856552000 35.7843831000
  5 -78.6008937000 35.7949184000
  6 -78.6001397000 35.7841565000
  7 -78.5985173000 35.7818811000
  8 -78.5803765000 35.7853832000
  9 -78.5756116000 35.7944240000
 10 -78.5988469000 35.7940095000
 11 -78.5876148000 35.7736408000
 12 -78.5984081000 35.7697821000
 13 -78.5810158000 35.7735559000
 14 -78.5746224000 35.7958584000
 15 -78.6009268000 35.7836707000
 16 -78.5921870000 35.7711317000
 17 -78.5821497000 35.7869386000
 18 -78.5822727000 35.7891767000
 19 -78.5896390000 35.7694314000
 20 -78.6025997000 35.7923480000
 21 -78.5992385000 35.7887680000
 22 -78.5875841000 35.7950645000
 23 -78.6013911000 35.7897406000
 24 -78.6033243000 35.7932869000
 25 -78.6034768000 35.7924152000
 26 -78.5930824000 35.7864243000
 27 -78.5988210000 35.7871527000
 28 -78.6000871000 35.7917027000
 29 -78.5923786000 35.7715320000
 30 -78.5816724000 35.7876421000
TIME_WINDOW_SECTION
  0      0  36000
  1   6659  10401
  2  21251  23251
  3  28237  30237
  4  24048  26494
  5  27886  29886
  6   1536   3536
  7  29168  31646
  8      0  32884
  9      0  31184
 10      0  31856
 11  21113  25525
 12   7607   9785
 13  24290  26894
 14  17960  19960
 15  13276  15276
 16  24501  27581
 17  16270  19308
 18   2901   4901
 19  21979  23979
 20  23827  25827
 21  17318  19318
 22      0  32585
 23  21454  26276
 24  25411  27411
 25      0  32012
 26      0  33652
 27  18252  20740
 28  11018  15176
 29      0  32541
 30  15757  17857
DEMAND_SECTION
  0      0
  1     27
  2     22
  3     30
  4     14
  5      6
  6     15
  7     22
  8     13
  9     20
 10     30
 11     19
 12     10
 13     15
 14     27
 15     16
 16     20
 17     13
 18     25
 19     13
 20     14
 21     22
 22     17
 23     27
 24     25
 25     17
 26     10
 27     14
 28      7
 29     27
 30      7
SERVICE_TIME_SECTION
  0      0
  1   1000
  2   1000
  3   1000
  4   1000
  5   1000
  6   1000
  7   1000
  8   1000
  9   1000
 10   1000
 11   1000
 12   1000
 13   1000
 14   1000
 15   1000
 16   1000
 17   1000
 18   1000
 19   1000
 20   1000
 21   1000
 22   1000
 23   1000
 24   1000
 25   1000
 26   1000
 27   1000
 28   1000
 29   1000
 30   1000
TRUCK_EDGE_WEIGHT_SECTION
     0  1909  4601  2946   390  3310  2371  2185  1655  3539  3189  2714  3411  1970  3399  2336  2621  1472  1868  3104  3058  2202  2460  2494  3305  3032  1391  2168  2709  2561  1985
  1846     0  4140  1441  2499  1805  1986  1799  2900  4330  1684  3504  3665  4189  4190  1950  2874  2718  2659  3356  1552   698  3251   989  1801  1528  1042   389  1204  2815  2775
  4422  4138     0  5710  4816  6074  3308  3121  5650  7080  5952  2988  1352  4035  6940  3272  2358  5468  5409  2804  5471  5089  6001  4910  5358  5220  4279  5054  5699  2298  5525
  2901  1441  5734     0  3010   525  3680  3492  3411  4841   404  4559  4720  4700  4701  3644  3929  3229  3170  4411   111   742  3762   772   225   490  1555  1174   392  3870  3288
   644  2501  4935  3012     0  3376  2705  2518  1670  3244  3255  2728  3744  1984  3105  2669  2954  1488  1574  3436  3124  2269  2166  2560  3372  3099  1459  2234  2775  2894  1690
  3265  1805  6098   525  3374     0  4042  3856  3775  5205   511  4922  5082  5064  5065  4008  4292  3592  3534  4775   636  1105  4126  1136   749   854  1918  1538   604  4232  3650
  2322  2038  3315  3732  2716  4096     0   522  3550  4980  3975  3980  4140  4125  4840    86  3350  3368  3309  3832  3844  2989  3901  3280  4092  3819  2179  2954  3495  3290  3425
  2136  1851  3129  3546  2530  3910   522     0  3364  4792  3788  3794  3954  3939  4652   488  3164  3181  3121  3646  3658  2802  3715  3092  3905  3632  1991  2768  3309  3104  3239
  2116  2890  5759  3401  1658  3765  3529  3341     0  3632  3644  3131  4568  2386  3492  3492  3778   419   755  3754  3512  2658  2555  2949  3761  3488  1848  2622  3164  3718   771
  3816  4495  7459  5006  3572  5370  5229  5042  3974     0  5249  6109  6269  5262   348  5194  5479  3791  3732  5961  5118  4262  2841  4554  5366  5092  3451  4228  4769  5419  3850
  3144  1684  5976   404  3251   511  3921  3735  3654  5082     0  4801  4961  4942  4942  3886  4171  3471  3411  4654   515   984  4005  1015   629   732  1796  1416   481  4111  3529
  3149  3521  2996  4559  2811  4922  3984  3798  3195  7318  4801     0  1805  1388  7179  3949   898  3012  3911   964  4670  3815  4728  4106  4919  4645  3005  3780  4322   838  4029
  3309  3681  1352  4720  3702  5082  4145  3958  4536  5966  4961  1805     0  2852  5826  4109  1175  4354  4295  1621  4830  3976  4888  4266  5079  4805  3165  3941  4482  1116  4412
  2208  4174  4000  4685  1969  5049  4114  3928  2351  4918  4928  1344  2810     0  4778  4079  1901  2169  3069  1968  4796  3941  3839  4232  5045  4771  3131  3906  4448  1842  3186
  3770  4449  7412  4960  3526  5324  5182  4996  3928   348  5201  6062  6222  5216     0  5148  5431  3745  3686  5915  5071  4216  2795  4508  5319  5046  3405  4181  4722  5372  3804
  2288  2002  3280  3698  2681  4061    86   488  3515  4944  3939  3945  4105  4090  4804     0  3315  3332  3272  3798  3809  2954  3865  3244  4056  3784  2142  2919  3460  3255  3390
  2519  2891  2366  3929  2912  4292  3354  3168  3746  5176  4171   898  1175  1945  5036  3319     0  3564  3505   482  4040  3185  4098  3476  4289  4015  2375  3150  3691    60  3622
  1934  2708  5576  3219  1475  3582  3346  3159   419  3450  3461  2949  4385  2204  3311  3310  3595     0  1036  3571  3330  2475  2372  2766  3579  3305  1665  2440  2981  3535  1052
  1889  2662  5531  3174  1645  3538  3301  3114   755  3034  3416  4180  4340  3004  2894  3265  3550  1036     0  4032  3285  2430  1955  2721  3534  3260  1620  2395  2936  3490   422
  3001  3374  2811  4411  3395  4775  3836  3650  3818  5659  4654   964  1621  2010  5519  3801   482  3635  3988     0  4522  3668  4580  3959  4771  4498  2858  3632  4175   542  4105
  3012  1552  5495   111  3121   636  3791  3604  3522  4952   515  4670  4830  4811  4812  3755  4040  3340  3281  4522     0   854  3874   884   114   386  1665  1285   504  3980  3398
  2158   698  5166   742  2266  1105  2936  2749  2668  4098   984  3815  3976  3956  3958  2900  3185  2485  2426  3668   854     0  3019   444  1101   829   811   430   505  3126  2542
  2415  3094  6058  3605  2171  3969  3828  3641  2572  2574  3848  4708  4868  3861  2434  3792  4078  2390  2331  4560  3716  2861     0  3152  3964  3691  2050  2826  3368  4018  2449
  2449   989  5456   772  2556  1136  3226  3040  2959  4388  1015  4106  4266  4248  4248  3191  3476  2776  2718  3959   884   444  3310     0  1132   859  1101   721   949  3416  2834
  3261  1801  5381   225  3369   749  4039  3852  3771  5200   629  4919  5079  5059  5060  4004  4289  3589  3529  4771   114  1101  4121  1132     0   274  1914  1534   751  4229  3646
  2988  1528  5244   490  3096   854  3766  3579  3498  4928   732  4645  4805  4786  4788  3730  4015  3315  3256  4498   386   829  3849   859   274     0  1640  1260   479  3955  3372
  1348  1042  4355  1555  1455  1918  2125  1939  1858  3286  1796  3005  3165  3145  3146  2090  2375  1675  1615  2858  1665   811  2208  1101  1914  1640     0   776  1318  2315  1732
  2122   389  5131  1174  2231  1538  2901  2714  2632  4062  1416  3780  3941  3921  3922  2865  3150  2450  2391  3632  1285   430  2984   721  1534  1260   776     0   936  3090  2508
  2664  1204  5672   392  2772   604  3442  3256  3174  4604   481  4322  4482  4462  4464  3406  3691  2991  2932  4175   504   505  3525   949   751   479  1318   936     0  3632  3050
  2459  2831  2306  3870  2852  4232  3295  3108  3686  5116  4111   838  1116  1885  4976  3259    60  3504  3445   542  3980  3126  4038  3416  4229  3955  2315  3090  3632     0  3562
  2005  2780  5648  3291  1761  3655  3418  3231   772  3151  3532  4298  4458  3020  3011  3382  3668  1054   422  4150  3402  2548  2072  2838  3650  3378  1736  2512  3054  3608     0
DRONE_EDGE_WEIGHT_SECTION
     0   556  1552  1253   223  1454   486   400   428  1399  1335   994  1477  1039  1562   498  1282   536   768  1463  1215   806  1391   940  1320  1236   468   649  1110  1239   615
   556     0  1880   731   495   948   280   514   645  1193   840  1476  1860  1567  1337   341  1720   568   635  1921   682   264  1021   393   789   699   158    93   590  1675   597
  1552  1880     0  2579  1775  2804  1610  1367  1962  2949  2707   773   223   992  3111  1554   489  2088  2316   567  2515  2124  2885  2227  2619  2522  1903  1947  2448   498  2167
  1253   731  2579     0  1114   224   975  1232  1143   957   154  2207  2577  2287  1030  1029  2449   973   818  2651    77   468   558   353    82    94   785   648   143  2404   935
   223   495  1775  1114     0  1301   544   559   227  1178  1178  1198  1697  1218  1341   579  1496   313   548  1671  1087   704  1191   836  1188  1112   359   581   975  1453   392
  1454   948  2804   224  1301     0  1198  1454  1304   923   126  2420  2800  2492   961  1252  2668  1125   936  2869   293   687   485   577   202   294   988   868   359  2623  1075
   486   280  1610   975   544  1198     0   261   753  1460  1098  1264  1601  1387  1608    62  1481   741   870  1688   916   514  1300   623  1023   928   365   337   840  1436   792
   400   514  1367  1232   559  1454   261     0   786  1635  1350  1008  1347  1143  1790   219  1221   833  1014  1427  1175   767  1523   881  1282  1187   545   587  1095  1176   900
   428   645  1962  1143   227  1304   753   786     0  1022  1178  1336  1869  1317  1185   794  1649   185   428  1811  1131   797  1110   920  1223  1160   489   716  1015  1608   256
  1399  1193  2949   957  1178   923  1460  1635  1022     0   849  2357  2875  2332   164  1521  2667   867   633  2832  1014  1073   442  1081  1021  1044  1099  1178   946  2625   787
  1335   840  2707   154  1178   126  1098  1350  1178   849     0  2306  2697  2373   906  1153  2559  1000   813  2758   230   584   427   484   182   245   871   763   261  2514   950
   994  1476   773  2207  1198  2420  1264  1008  1336  2357  2306     0   600   255  2521  1226   331  1495  1741   475  2158  1740  2385  1866  2265  2174  1438  1563  2065   299  1575
  1477  1860   223  2577  1697  2800  1601  1347  1869  2875  2697   600     0   796  3038  1549   285  2008  2244   345  2517  2114  2844  2225  2623  2527  1864  1934  2441   305  2088
  1039  1567   992  2287  1218  2492  1387  1143  1317  2332  2373   255   796     0  2494  1358   511  1490  1740   569  2244  1829  2407  1959  2351  2263  1504  1658  2144   495  1568
  1562  1337  3111  1030  1341   961  1608  1790  1185   164   906  2521  3038  2494     0  1669  2831  1031   795  2996  1094  1200   480  1194  1085  1121  1251  1316  1039  2789   951
   498   341  1554  1029   579  1252    62   219   794  1521  1153  1226  1549  1358  1669     0  1435   792   928  1643   968   571  1361   676  1074   978   425   396   895  1390   845
  1282  1720   489  2449  1496  2668  1481  1221  1649  2667  2559   331   285   511  2831  1435     0  1801  2044   214  2394  1981  2670  2101  2502  2407  1703  1801  2309    45  1881
   536   568  2088   973   313  1125   741   833   185   867  1000  1495  2008  1490  1031   792  1801     0   249  1970   967   667   926   779  1054   997   412   622   850  1759    80
   768   635  2316   818   548   936   870  1014   428   633   813  1741  2244  1740   795   928  2044   249     0  2216   828   630   684   710   900   861   505   655   715  2001   172
  1463  1921   567  2651  1671  2869  1688  1427  1811  2832  2758   475   345   569  2996  1643   214  1970  2216     0  2598  2183  2854  2304  2706  2612  1896  2004  2511   257  2050
  1215   682  2515    77  1087   293   916  1175  1131  1014   230  2158  2517  2244  1094   968  2394   967   828  2598     0   417   627   294   108    33   748   595   117  2349   934
   806   264  2124   468   704   687   514   767   797  1073   584  1740  2114  1829  1200   571  1981   667   630  2183   417     0   821   134   525   435   347   180   328  1936   664
  1391  1021  2885   558  1191   485  1300  1523  1110   442   427  2385  2844  2407   480  1361  2670   926   684  2854   627   821     0   780   608   651   983   973   591  2626   854
   940   393  2227   353   836   577   623   881   920  1081   484  1866  2225  1959  1194   676  2101   779   710  2304   294   134   780     0   401   307   481   303   224  2056   768
  1320   789  2619    82  1188   202  1023  1282  1223  1021   182  2265  2623  2351  1085  1074  2502  1054   900  2706   108   525   608   401     0    97   853   703   213  2457  1016
  1236   699  2522    94  1112   294   928  1187  1160  1044   245  2174  2527  2263  1121   978  2407   997   861  2612    33   435   651   307    97     0   770   611   148  2362   965
   468   158  1903   785   359   988   365   545   489  1099   871  1438  1864  1504  1251   425  1703   412   505  1896   748   347   983   481   853   770     0   229   642  1658   446
   649    93  1947   648   581   868   337   587   716  1178   763  1563  1934  1658  1316   396  1801   622   655  2004   595   180   973   303   703   611   229     0   509  1756   641
  1110   590  2448   143   975   359   840  1095  1015   946   261  2065  2441  2144  1039   895  2309   850   715  2511   117   328   591   224   213   148   642   509     0  2264   817
  1239  1675   498  2404  1453  2623  1436  1176  1608  2625  2514   299   305   495  2789  1390    45  1759  2001   257  2349  1936  2626  2056  2457  2362  1658  1756  2264     0  1839
   615   597  2167   935   392  1075   792   900   256   787   950  1575  2088  1568   951   845  1881    80   172  2050   934   664   854   768  1016   965   446   641   817  1839     0
DEPOT_SECTION
0
-1
EOF
    