
NAME : WM-31-9
COMMENT : CVS
TYPE : RDVRP-TW
DIMENSION : 31
CAPACITY : 100
EDGE_WEIGHT_TYPE : EXPLICIT
EDGE_WEIGHT_FORMAT : FULL_MATRIX 
NODE_COORD_SECTION
  0 -78.5881280000 35.7825655000
  1 -78.5994883000 35.7854929000
  2 -78.5997440000 35.7920700000
  3 -78.6022425000 35.7904201000
  4 -78.5844809000 35.7886696000
  5 -78.6003284000 35.7879327000
  6 -78.5967923000 35.7708186000
  7 -78.6018571000 35.7947434000
  8 -78.5868212000 35.7707913000
  9 -78.5968232000 35.7854726000
 10 -78.5896033000 35.7719754000
 11 -78.5808933000 35.7848193000
 12 -78.5890259000 35.7759566000
 13 -78.6001372000 35.7738824000
 14 -78.5806540000 35.7855753000
 15 -78.5996434000 35.7859881000
 16 -78.6035136000 35.7886355000
 17 -78.6038999000 35.7928126000
 18 -78.6036269000 35.7742965000
 19 -78.5905244000 35.7858320000
 20 -78.5883762000 35.7762752000
 21 -78.5874754000 35.7698272000
 22 -78.5835453000 35.7720983000
 23 -78.6035513000 35.7733609000
 24 -78.5839589000 35.7708157000
 25 -78.5976162000 35.7865644000
 26 -78.5868485000 35.7701863000
 27 -78.5978658000 35.7927003000
 28 -78.6049087000 35.7714010000
 29 -78.6045086000 35.7864917000
 30 -78.5906239000 35.7762471000
TIME_WINDOW_SECTION
  0      0  36000
  1   6902   8902
  2  30062  32062
  3  21690  27044
  4  21011  23011
  5   9181  12195
  6  29741  32319
  7      0  31779
  8  11235  14719
  9  26729  30745
 10   3626   7658
 11  30638  32638
 12  16173  18325
 13   6617   9175
 14  19151  21543
 15      0  32719
 16  13298  16282
 17  22559  24559
 18   3571   5633
 19   9099  11099
 20  14466  16466
 21  14150  18562
 22   7079   9079
 23  16600  19714
 24  23425  25425
 25  11427  13895
 26  26866  28866
 27  18781  21467
 28   5781   7781
 29      0  31989
 30  20329  24041
DEMAND_SECTION
  0      0
  1      6
  2     10
  3     17
  4     19
  5     28
  6      9
  7      7
  8     24
  9     24
 10     25
 11     10
 12      9
 13     23
 14     14
 15     10
 16     22
 17     16
 18     14
 19      8
 20      7
 21     24
 22     22
 23     25
 24     23
 25     19
 26     16
 27     24
 28     29
 29     21
 30     18
SERVICE_TIME_SECTION
  0      0
  1   1000
  2   1000
  3   1000
  4   1000
  5   1000
  6   1000
  7   1000
  8   1000
  9   1000
 10   1000
 11   1000
 12   1000
 13   1000
 14   1000
 15   1000
 16   1000
 17   1000
 18   1000
 19   1000
 20   1000
 21   1000
 22   1000
 23   1000
 24   1000
 25   1000
 26   1000
 27   1000
 28   1000
 29   1000
 30   1000
TRUCK_EDGE_WEIGHT_SECTION
     0  2431  2770  2714  1610  2366  3441  3266  2780  1879  2822  1788  2032  3632  1535  2325  2730  3261  3730  1075  2105  2974  1935  3679  2292  2116  2859  2705  4148  3056  1846
  2386     0  1261  1205  2398   584  4235  1758  4111   388  3616  3028  2826  3590  2776   305   965  1752  3222  2228  2898  4304  4151  3264  4409   351  4189  1196  3599   631  2640
  2725  1261     0   520  2735  1196  4572   499  4449  1294  3954  3366  3164  4764  3115  1155   792   768  4861  2565  3236  4642  4489  4810  4746   946  4526   199  5279  1182  2979
  2669  1205   520     0  2679   612  4516   791  4392  1238  3898  3310  3108  4708  3059   918   360   634  4126  2509  3180  4586  4432  4754  4691   890  4470   715  4504   751  2922
  1631  2401  2740  2684     0  2336  4112  3236  3989  2434  3494  1032  2705  4305   884  2295  2701  3231  4401  1119  2776  4182  3044  4350  3400  2086  4068  2675  4819  3026  2519
  2321   584  1196   612  2332     0  4170  1692  4046   616  3551  2962  2761  4361  2711   478   361  1688  4459  2162  2832  4239  4086  4408  4344   331  4124  1131  4875   752  2575
  3340  4235  4572  4516  4068  4170     0  5069  1902  3682  1408  4699  2049   970  4448  4129  4534  5064  1068  3532  2120  2095  2639  1016  2200  3919  1980  4508  1901  4860  1862
  3221  1758   499   791  3231  1692  5069     0  4945  1790  4450  3862  3660  5260  3611  1651  1064   660  5298  3061  3732  5139  4985  5306  5244  1442  5022   566  5675  1454  3475
  3216  4111  4449  4392  3720  4046  1902  4945     0  3559   495  3392  1925  2094  3141  4005  4410  4940  2191  3409  1996   194  1209  2140   771  3795    78  4385  3025  4736  1739
  1818   388  1294  1238  2430   616  3665  1790  3541     0  3046  3061  2256  3856  2809   338   998  1785  3414  2260  2329  3734  4184  3902  3839   384  3619  1229  3791  1069  2070
  2720  3616  3954  3898  3449  3551  1408  4450   495  3064     0  3415  1430  1599  3164  3510  3915  4445  1696  2914  1501   688  1231  1645   792  3300   572  3889  2530  4241  1244
  2248  3018  3356  3300  1031  2954  4730  3852  3329  3051  3351     0  3321  4921   251  2912  3318  3848  5019  1736  3392  3521  2484  4968  2841  2702  3406  3291  5435  3644  3135
  1931  2826  3164  3108  2659  2761  2049  3660  1925  2274  1430  3290     0  2240  3039  2720  3125  3655  2338  2124    72  2118  2411  2286  2222  2511  2002  3100  3171  3451   186
  3554  3588  4786  4730  4281  4384   992  5282  2116  3896  1621  4912  2262     0  4661  4342  4748  5048   491  3746  2334  2309  2852   439  2414  4134  2194  4722  1404  2975  2076
  1996  2766  3105  3049   882  2701  4479  3601  3078  2799  3100   251  3070  4670     0  2661  3066  3596  4768  1484  3141  3270  2232  4715  2590  2451  3155  3040  5184  3391  2884
  2281   305  1155   911  2291   478  4129  1651  4005   338  3510  2922  2720  4320  2670     0   660  1646  3331  2121  2792  4198  4045  3372  4302   245  4082  1090  3708   731  2534
  2686   972   792   360  2696   361  4534  1064  4410  1005  3915  3328  3125  4725  3076   668     0  1059  4144  2526  3198  4602  4450  4771  4708   908  4488   986  4520   500  2939
  3216  1752   768   634  3226  1688  5064   660  4940  1785  4445  3858  3655  5071  3606  1646  1059     0  4581  3056  3728  5134  4980  4745  5239  1438  5018   961  4958  1449  3470
  3651  3220  4884  4108  4379  4481  1090  5274  2214  3411  1719  5010  2360   491  4759  3329  4125  4558     0  3844  2431  2406  2950   164  2511  4231  2291  4820   914  2606  2174
   658  2130  2468  2411  1385  2065  3140  2964  3016  1578  2520  2016  1731  3331  1765  2024  2429  2959  3429     0  1802  3209  3060  3378  3314  1814  3094  2402  3845  2755  1545
  2002  2898  3236  3180  2731  2832  2120  3732  1996  2346  1501  3361    72  2311  3110  2792  3198  3728  2409  2196     0  2189  2484  2358  2294  2582  2074  3171  3242  3522   258
  3409  4304  4642  4586  3914  4239  2095  5139   194  3751   688  3585  2118  2286  3334  4198  4602  5134  2384  3601  2189     0  1402  2332   964  3989   115  4578  3219  4929  1931
  2520  4482  4821  4765  3124  4418  2274  5318   845  3930   868  2795  2296  2465  2544  4378  4782  5312  2562  3200  2369  1038     0  2511   358  4168   922  4756  3398  5108  2110
  3600  3261  4832  4271  4328  4430  1039  5329  2162  3452  1668  4959  2309   439  4708  3370  4289  4721   164  3792  2380  2355  2899     0  2460  4179  2240  4768  1078  2648  2122
  3514  4409  4746  4691  3232  4344  2200  5244   771  3856   792  2905  2222  2391  2654  4302  4708  5239  2489  3310  2294   964   721  2438     0  4094   849  4682  3322  5034  2036
  2071   351   946   890  2082   331  3919  1442  3795   384  3300  2712  2511  4111  2461   245   908  1438  4208  1911  2582  3989  3836  4156  4094     0  3874   881  4625   976  2325
  3294  4189  4526  4470  3798  4124  1980  5022    78  3636   572  3470  2002  2171  3219  4082  4488  5018  2269  3486  2074   115  1286  2218   849  3874     0  4462  3102  4814  1816
  2660  1196   199   715  2671  1131  4508   566  4385  1229  3889  3301  3100  4700  3050  1090   986   961  4798  2500  3171  4578  4425  4745  4682   881  4462     0  5214  1378  2914
  4044  3596  5380  4485  4772  4874  1922  5651  3048  3789  2551  5402  3192  1404  5151  3705  4502  4934   914  4238  3265  3240  3782  1078  3345  4624  3125  5575     0  2982  3008
  3011   631  1175   744  3022   745  4860  1446  4736  1069  4241  3654  3451  2998  3401   731   494  1441  2629  2852  3522  4929  4776  2671  5034   976  4814  1370  3006     0  3265
  1745  2640  2979  2922  2474  2575  1862  3475  1739  2088  1244  3104   186  2054  2852  2534  2939  3470  2151  1938   258  1931  2226  2100  2036  2325  1816  2914  2985  3265     0
DRONE_EDGE_WEIGHT_SECTION
     0   537  1143  1021   693   752  1349  1448  1312   460  1180   370   736  1070   437   576   888  1283  1094   375   700  1418  1178  1182  1318   570  1379  1185  1399   754   710
   537     0   732   558   662   273  1637  1033  1707   100  1551   700  1133  1293   705    55   381   831  1256   337  1109  1803  1610  1359  1738   138  1771   805  1582   218  1083
  1143   732     0   205   679   461  2368   307  2419   742  2269  1068  1838  2025  1012   677   407   173  1984   774  1809  2519  2306  2088  2440   618  2484    98  2309   646  1794
  1021   558   205     0   685   286  2192   481  2262   586  2108  1010  1685  1843   967   503   204   273  1796   671  1659  2360  2159  1900  2290   462  2327   301  2120   445  1637
   693   662   679   685     0   594  2041   930  1992   581  1868   449  1426  1749   373   639   706   852  1756   388  1388  2101  1845  1851  1988   542  2059   667  2073   783  1402
   752   273   461   286   594     0  1910   760  1976   303  1822   804  1400  1564   779   218   142   559  1523   434  1374  2074  1874  1627  2005   183  2041   538  1848   224  1351
  1349  1637  2368  2192  2041  1910     0  2670   388  1631   308  1673   646   365  1754  1692  2000  2463   469  1688   689   380   534   386   500  1753   394  2436   322  1769   650
  1448  1033   307   481   930   760  2670     0  2726  1049  2576  1349  2146  2323  1286   978   683   228  2277  1077  2117  2826  2613  2381  2748   924  2792   270  2601   924  2101
  1312  1707  2419  2262  1992  1976   388  2726     0  1678   171  1578   581   621  1662  1761  2085  2535   759  1680   613   110   193   710   112  1803    67  2474   707  1873   625
   460   100   742   586   581   303  1631  1049  1678     0  1527   601  1100  1296   605   120   431   858  1271   239  1073  1778  1572  1372  1704   125  1744   805  1596   309  1053
  1180  1551  2269  2108  1868  1822   308  2576   171  1527     0  1468   444   460  1552  1606  1928  2381   601  1543   481   253   236   562   255  1652   226  2328   598  1713   477
   370   700  1068  1010   449   804  1673  1349  1578   601  1468     0  1034  1421    85   714   944  1232  1456   378   993  1688  1420  1540  1563   655  1645  1080  1753   903  1023
   736  1133  1838  1685  1426  1400   646  2146   581  1100   444  1034     0   486  1117  1187  1514  1958   592  1101    43   685   479   630   605  1225   648  1893   796  1311    69
  1070  1293  2025  1843  1749  1564   365  2323   621  1296   460  1421   486     0  1498  1348  1647  2112   142  1379   525   668   673   144   714  1415   660  2096   332  1413   451
   437   705  1012   967   373   779  1754  1286  1662   605  1552    85  1117  1498     0   711   917  1179  1529   370  1076  1772  1504  1615  1648   643  1729  1018  1829   897  1105
   576    55   677   503   639   218  1692   978  1761   120  1606   714  1187  1348   711     0   328   776  1310   341  1162  1858  1663  1413  1792    99  1826   750  1636   190  1137
   888   381   407   204   706   142  2000   683  2085   431  1928   944  1514  1647   917   328     0   465  1596   576  1490  2181  1991  1700  2118   318  2149   498  1919   241  1462
  1283   831   173   273   852   559  2463   228  2535   858  2381  1232  1958  2112  1179   776   465     0  2061   921  1931  2633  2430  2165  2562   733  2600   222  2384   704  1910
  1094  1256  1984  1796  1756  1523   469  2277   759  1271   601  1456   592   142  1529  1310  1596  2061     0  1377   627   800   815   104   855  1385   796  2060   326  1358   546
   375   337   774   671   388   434  1688  1077  1680   239  1543   378  1101  1379   370   341   576   921  1377     0  1067  1785  1552  1474  1690   277  1747   811  1697   527  1067
   700  1109  1809  1659  1388  1374   689  2117   613  1073   481   993    43   525  1076  1162  1490  1931   627  1067     0   719   501   669   631  1198   680  1863   838  1291    86
  1418  1803  2519  2360  2101  2074   380  2826   110  1778   253  1688   685   668  1772  1858  2181  2633   800  1785   719     0   296   738   176  1903    47  2576   702  1966   725
  1178  1610  2306  2159  1845  1874   534  2613   193  1572   236  1420   479   673  1504  1663  1991  2430   815  1552   501   296     0   788   144  1697   249  2356   834  1790   537
  1182  1359  2088  1900  1851  1627   386  2381   710  1372   562  1540   630   144  1615  1413  1700  2165   104  1474   669   738   788     0   812  1487   739  2163   224  1462   593
  1318  1738  2440  2290  1988  2005   500  2748   112  1704   255  1563   605   714  1648  1792  2118  2562   855  1690   631   176   144   812     0  1829   133  2492   818  1913   657
   570   138   618   462   542   183  1753   924  1803   125  1652   655  1225  1415   643    99   318   733  1385   277  1198  1903  1697  1487  1829     0  1869   683  1711   257  1179
  1379  1771  2484  2327  2059  2041   394  2792    67  1744   226  1645   648   660  1729  1826  2149  2600   796  1747   680    47   249   739   133  1869     0  2541   716  1936   690
  1185   805    98   301   667   538  2436   270  2474   805  2328  1080  1893  2096  1018   750   498   222  2060   811  1863  2576  2356  2163  2492   683  2541     0  2386   733  1852
  1399  1582  2309  2120  2073  1848   322  2601   707  1596   598  1753   796   332  1829  1636  1919  2384   326  1697   838   702   834   224   818  1711   716  2386     0  1680   772
   754   218   646   445   783   224  1769   924  1873   309  1713   903  1311  1413   897   190   241   704  1358   527  1291  1966  1790  1462  1913   257  1936   733  1680     0  1256
   710  1083  1794  1637  1402  1351   650  2101   625  1053   477  1023    69   451  1105  1137  1462  1910   546  1067    86   725   537   593   657  1179   690  1852   772  1256     0
DEPOT_SECTION
0
-1
EOF
    