
NAME : WM-41-2
COMMENT : CVS
TYPE : RDVRP-TW
DIMENSION : 41
CAPACITY : 100
EDGE_WEIGHT_TYPE : EXPLICIT
EDGE_WEIGHT_FORMAT : FULL_MATRIX 
NODE_COORD_SECTION
  0 -78.5881280000 35.7825655000
  1 -78.5989107000 35.7883176000
  2 -78.5896200000 35.7708301000
  3 -78.5837983000 35.7702115000
  4 -78.6003661000 35.7891615000
  5 -78.5927919000 35.7859268000
  6 -78.6019147000 35.7872340000
  7 -78.6012423000 35.7871175000
  8 -78.5974220000 35.7824151000
  9 -78.5960384000 35.7697863000
 10 -78.6017358000 35.7872869000
 11 -78.6025360000 35.7813006000
 12 -78.5978639000 35.7928958000
 13 -78.6029491000 35.7901754000
 14 -78.5918435000 35.7698859000
 15 -78.5910880000 35.7771201000
 16 -78.5992646000 35.7720769000
 17 -78.6012168000 35.7880364000
 18 -78.5857928000 35.7707570000
 19 -78.6023615000 35.7908736000
 20 -78.5854671000 35.7697597000
 21 -78.5856989000 35.7696496000
 22 -78.6031468000 35.7900143000
 23 -78.5992092000 35.7855940000
 24 -78.6015714000 35.7874450000
 25 -78.5799205000 35.7855976000
 26 -78.5890947000 35.7734869000
 27 -78.5825467000 35.7728371000
 28 -78.5899218000 35.7749622000
 29 -78.5979811000 35.7886006000
 30 -78.5941698000 35.7839107000
 31 -78.5932766000 35.7763648000
 32 -78.5924188000 35.7701139000
 33 -78.6042838000 35.7691245000
 34 -78.5990980000 35.7792726000
 35 -78.6004497000 35.7831380000
 36 -78.5844672000 35.7775446000
 37 -78.5996479000 35.7804965000
 38 -78.6014830000 35.7818345000
 39 -78.6016555000 35.7887006000
 40 -78.5856896000 35.7721073000
TIME_WINDOW_SECTION
  0      0  36000
  1      0  32885
  2      0  32166
  3      0  32479
  4      0  32716
  5      0  33845
  6      0  32418
  7      0  32494
  8      0  32716
  9      0  32009
 10      0  32434
 11  14696  16718
 12  27029  29029
 13      0  32269
 14      0  32280
 15      0  33311
 16      0  31912
 17      0  32581
 18  11126  13126
 19  18826  20826
 20      0  31479
 21  25494  31924
 22      0  32252
 23      0  32610
 24      0  32578
 25      0  32910
 26      0  31555
 27  18995  23145
 28      0  32851
 29      0  32962
 30  10602  12602
 31      0  33155
 32      0  32312
 33  18945  20945
 34      0  33372
 35  20447  22447
 36  31772  34836
 37      0  33149
 38  17203  23379
 39      0  32644
 40  16169  18169
DEMAND_SECTION
  0      0
  1     18
  2      7
  3      5
  4     19
  5     29
  6     19
  7     24
  8     20
  9      6
 10     16
 11     28
 12      8
 13     27
 14      9
 15     13
 16      5
 17     16
 18     28
 19     23
 20      8
 21      8
 22      6
 23     20
 24     14
 25     18
 26     19
 27     24
 28     17
 29     14
 30     15
 31     11
 32     14
 33     25
 34     20
 35     22
 36     20
 37      9
 38     12
 39     17
 40      8
SERVICE_TIME_SECTION
  0      0
  1   1000
  2   1000
  3   1000
  4   1000
  5   1000
  6   1000
  7   1000
  8   1000
  9   1000
 10   1000
 11   1000
 12   1000
 13   1000
 14   1000
 15   1000
 16   1000
 17   1000
 18   1000
 19   1000
 20   1000
 21   1000
 22   1000
 23   1000
 24   1000
 25   1000
 26   1000
 27   1000
 28   1000
 29   1000
 30   1000
 31   1000
 32   1000
 33   1000
 34   1000
 35   1000
 36   1000
 37   1000
 38   1000
 39   1000
 40   1000
TRUCK_EDGE_WEIGHT_SECTION
     0  2160  2935  2208  2329  1200  2626  2551  2332  3094  2611  2265  2738  2776  2821  1791  3189  2464  2639  3041  2814  2971  2792  2435  2468  1629  3009  2374  2250  2082  1206  1936  2790  4749  1906  2251  1035  1900  2964  2401  2361
  2115     0  3458  4221   236   960   846   771  2855  3615   831  2788   835   685  3344  2312  3711   792  3970   880  4145  4200   701   655   790  2599  4068  4402  2772   302  1728  2458  3311  5271  2428  2774  3225  2421  3486   309  3785
  2834  3458     0  1310  3626  2498  3924  3849  3630  1172  3909  3562  4035  4074   466  1300  1269  3761  1060  4339   860   699  4090  3732  3765  3691  1158  1491   682  3380  2504  1326   751  2828  3204  3549  2414  3198  4262  3699   875
  2521  4221  1310     0  4390  3261  4688  4612  4394  1936  4672  4326  4799  4838  1546  2064  2032  4525   712  5102   888  1045  4854  4496  4529  2639  1084   440  1390  4144  3268  2090  1515  3591  3968  4312  1494  3961  5025  4462   436
  2284   236  3626  4390     0  1129   806   939  3022  3784   821  2956  1071   596  3511  2481  3880   704  4139   704  4314  4369   612   822   701  2768  4236  4570  2940   470  1896  2626  3480  5439  2596  2941  3394  2590  3655   220  3954
  1155   960  2498  3261  1129     0  1426  1351  1895  2655  1411  1828  1538  1576  2384  1352  2751  1264  3011  1841  3185  3240  1592  1235  1268  1878  3109  3442  1812   882   768  1498  2351  4311  1469  1814  2022  1462  2526  1201  2825
  2582   846  3924  4688   799  1426     0    76  2195  4082    15  2128  1269   672  3810  2780  4178   514  4438   781  4612  4666   689   609   510  3066  4535  4869  3239   769  1312  2925  3779  4535  1769  2114  3692  1762  1940   579  4252
  2506   771  3849  4612   939  1351    76     0  2119  4006    60  2051  1349   749  3734  2704  4102   590  4361   858  4536  4591   765   532   586  2990  4459  4792  3162   692  1236  2849  3702  4460  1692  2038  3616  1686  2015   655  4176
  2284  2908  3626  4390  3076  1948  2246  2171     0  3785  2231  1016  3485  3524  3512  2481  2961  3211  4140  3789  4315  4369  3540  1840  3215  3485  4238  4571  2941  2830  1621  2628  3480  3424   656   551  3151   516  1715  3149  3954
  2991  3615  1172  1936  3784  2655  4082  4006  3789     0  4066  3721  4192  4232   588  1459  1025  3920  1686  4496  1861  1152  4249  3890  3922  4194  1784  2118  1275  3538  2661  1484   551  2584  3362  3708  2571  3356  4420  3856  1500
  2566   831  3909  4672   815  1411    15    60  2179  4066     0  2112  1284   689  3795  2764  4162   529  4422   798  4596  4651   705   594   526  3050  4520  4854  3224   754  1296  2909  3762  4520  1752  2098  3676  1746  1955   594  4236
  2218  2841  3560  4324  3010  1881  2180  2104  1064  3718  2165     0  3419  3458  3446  2415  2296  3145  4072  3722  4248  4302  3474  1772  3149  3419  4170  4505  2875  2764  1555  2560  3414  2759   590   982  3085   631   699  3082  3888
  2692   835  4035  4799  1071  1538  1275  1349  3432  4192  1291  3365     0   882  3921  2890  4289  1174  4548   774  4722  4778   866  1232  1170  3176  4645  4980  3350   655  2305  3035  3889  5849  3005  3351  3802  3000  4064  1144  4362
  2731   685  4074  4838   596  1576   680   756  3471  4232   695  3404   882     0  3960  2929  4328   579  4588   109  4762  4816    16  1271   575  3215  4685  5019  3389   919  2345  3075  3928  5092  3045  3390  3842  3039  2324   375  4402
  2720  3344   466  1546  3511  2384  3810  3734  3516   588  3795  3449  3921  3960     0  1186  1154  3648  1296  4225   872   711  3976  3618  3651  3921  1394  1728  1002  3265  2390  1211   225  2714  3090  3435  2300  3084  4148  3585  1111
  1689  2312  1300  2064  2481  1352  2780  2704  2485  1459  2764  2419  2890  2929  1186     0  1554  2616  1814  3194  1989  2042  2945  2588  2620  2890  1911  2245   615  2235  1359   301  1155  3114  2059  2404  1269  2052  3118  2554  1629
  3088  3711  1269  2032  3880  2751  4178  4102  2955  1025  4162  2289  4289  4328  1154  1554     0  4015  1781  4592  1956  2011  4344  3986  4019  4289  1879  2212  1370  3634  2758  1580   932  1560  2481  2874  2668  2522  2988  3952  1596
  2419   792  3761  4525   704  1264   521   596  3159  3920   536  3091  1174   579  3648  2616  4015     0  4275   686  4450  4504   595   684     4  2902  4372  4706  3076   606  2031  2762  3615  5201  2732  3078  3530  2726  2164   484  4090
  3348  3970  1060   712  4139  3011  4438  4361  4144  1686  4422  4076  4548  4588  1296  1814  1781  4275     0  4851   175   336  4604  4245  4279  3094   834   894  1140  3892  3016  1839  1264  3341  3718  4062  1949  3711  4775  4212   278
  2996   880  4339  5102   704  1841   789   865  3735  4496   804  3669   774   109  4225  3194  4592   686  4851     0  5026  5081    92  1535   682  3480  4949  5282  3652   959  2609  3339  4192  5625  3309  3655  4106  3302  2432   484  4666
  3521  4145   860   888  4314  3185  4612  4536  4319  1861  4596  4251  4722  4762   872  1989  1956  4450   175  5026     0   161  4779  4420  4452  3268  1008  1069  1315  4068  3191  2014  1439  3516  3892  4238  2124  3886  4950  4386   452
  3576  4200   699  1045  4369  3240  4666  4591  4372  1152  4651  4305  4778  4816   711  2042  2011  4504   336  5081   161     0  4832  4475  4508  3425  1062  1226  1369  4122  3246  2069   936  3570  3946  4291  2281  3940  5005  4441   610
  2748   701  4090  4854   612  1592   696   772  3488  4249   711  3420   866    16  3976  2945  4344   595  4604    92  4779  4832     0  1288   591  3231  4701  5035  3405  1051  2360  3091  3944  5109  3061  3406  3859  3055  2340   391  4419
  2390   655  3732  4496   822  1235   609   532  1788  3890   594  1720  1232  1271  3618  2588  3986   684  4245  1535  4420  4475  1288     0   688  2874  4342  4676  3046   576  1065  2732  3586  4129  1361  1706  3500  1355  2420   896  4060
  2422   790  3765  4529   701  1268   518   594  3162  3922   532  3095  1170   575  3651  2620  4019     4  4279   682  4452  4508   591   688     0  2906  4376  4710  3080   610  2035  2766  3619  5198  2736  3081  3534  2730  2161   480  4092
  2090  2589  3628  2599  2758  1868  3056  2980  3464  4225  3040  3396  3166  3206  3952  2921  4320  2892  3030  3470  3204  3361  3221  2864  2896     0  3400  2765  3381  2511  2336  3068  3920  5880  3038  3382  1672  3031  4095  2830  2752
  3445  4068  1158  1084  4236  3109  4535  4459  4241  1784  4520  4174  4645  4685  1394  1911  1879  4372   834  4949  1008  1062  4701  4342  4376  3464     0  1265  1238  3990  3114  1936  1361  3439  3815  4160  2319  3809  4872  4310   648
  2212  3902  1605   576  4071  2948  4370  4294  4080  2230  4354  4012  4480  4520  1841  2359  2326  4208  1008  4784  1181  1339  4536  4178  4211  2330  1378     0  1684  3825  2952  2384  1809  3886  3654  3999  1185  3648  4711  4145   730
  2149  2772   682  1390  2940  1812  3239  3162  2945  1275  3224  2878  3350  3389  1002   615  1370  3076  1140  3652  1315  1369  3405  3046  3080  3350  1238  1571     0  2694  1819   640   971  2930  2519  2864  1729  2512  3576  3014   954
  2038   302  3380  4144   470   882   769   692  2776  3538   754  2710   655   919  3265  2235  3634   606  3892   959  4068  4122  1051   576   610  2521  3990  4324  2694     0  1650  2380  3234  5192  2350  2696  3148  2344  3409   544  3708
  1144  1768  2486  3250  1936   808  1312  1236  1562  2644  1296  1495  2345  2384  2372  1341  2740  1388  3000  2649  3174  3229  2400  1065  1391  2345  3098  3431  1801  1690     0  1486  2340  3902  1136  1481  2011  1130  2194  2009  2814
  1845  2468  1314  2078  2636  1509  2935  2859  2641  1472  2919  2574  3045  3085  1200   311  1568  2772  1828  3349  2002  2056  3101  2742  2776  3046  1925  2259   629  2390  1514     0  1168  3128  2215  2560  1424  2209  3272  2710  1642
  2688  3311   751  1515  3480  2351  3779  3702  3484   551  3762  3418  3889  3928   225  1155   932  3615  1264  4192  1439   936  3944  3586  3619  3889  1361  1696   971  3234  2358  1180     0  2492  3058  3402  2268  3051  4116  3552  1079
  4101  4725  2282  3046  4894  3765  4521  4445  3405  2039  4506  2739  5302  5062  2169  2569  1014  5171  2796  5590  2971  3025  5079  4115  5168  5304  2894  3228  2385  4648  3896  2594  1948     0  2931  3324  3681  2972  3438  4969  2610
  1628  2251  2970  3734  2419  1291  1590  1514  1169  3128  1575  1102  2829  2868  2856  1825  3224  2555  3482  3132  3658  3712  2884  1182  2559  2829  3580  3915  2285  2174   965  1970  2824  3510     0  1089  2495   736  1801  2492  3298
  2202  2826  3545  4309  2995  1866  2165  2090   551  3704  2150   935  3404  3444  3431  2400  2880  3131  4059  3708  4234  4288  3460  1759  3134  3404  4156  4490  2860  2749  1540  2546  3399  3342   575     0  3070   436  1634  3068  3874
  1288  2982  2199  1170  3151  2022  3449  3374  3155  2571  3434  3088  3560  3599  2300  1269  2668  3286  1601  3864  1776  1934  3615  3258  3290  1689  1971  1336  1729  2905  2029  1414  2268  4228  2729  3074     0  2722  3788  3224  1324
  1851  2475  3194  3958  2644  1515  1814  1738   516  3351  1799   584  3052  3091  3080  2049  2529  2779  3708  3356  3881  3936  3108  1408  2782  3052  3805  4139  2509  2398  1189  2195  3048  2991   224   436  2719     0  1282  2716  3521
  2916  3540  4259  5022  3709  2580  1940  2015  1762  4416  1955   699  4118  2316  4145  3114  2996  2158  4772  2425  4946  5001  2332  2472  2154  4118  4870  5204  3574  3462  2254  3259  4112  3458  1289  1681  3784  1330     0  2222  4586
  2356   309  3699  4462   220  1201   586   661  3096  3856   601  3029  1144   375  3585  2554  3952   484  4212   484  4386  4441   391   896   480  2840  4310  4644  3014   544  1969  2700  3552  5512  2670  3015  3468  2664  2229     0  4026
  3161  3785   875   436  3954  2825  4252  4176  3959  1500  4236  3891  4362  4402  1111  1629  1596  4090   278  4666   452   610  4419  4060  4092  2816   648   616   954  3708  2831  1654  1079  3156  3531  3878  1671  3526  4590  4026     0
DRONE_EDGE_WEIGHT_SECTION
     0   757  1308  1385   865   413   733   706   351  1455   732   562  1206  1012  1419   617  1243   782  1318  1066  1429  1441  1001   536   741   457  1011  1104   849   766   272   718  1396  1620   554   469   576   493   511   850  1168
   757     0  1978  2096   108   350   164   159   659  2066   156   793   511   255  2069  1281  1808    91  2017   312  2128  2138   246   303   139   770  1692  1832  1525    47   522  1347  2041  2146  1007   579  1317   871   728   110  1873
  1308  1978     0   237  2081  1685  1885  1866  1324   276  1889  1267  2476  2212   136   702   400  1966   149  2283   201   202  2196  1684  1905  1685   296   354   460  2004  1466   632   135   603  1008  1431   773  1143  1307  2041   209
  1385  2096   237     0  2201  1783  2017  1996  1456   480  2020  1429  2581  2338   316   819   637  2092    99  2405    82    97  2324  1811  2034  1719   419   296   580  2117  1576   777   337   810  1168  1574   817  1297  1461  2167   224
   865   108  2081  2201     0   457   222   230   759  2163   215   879   426   148  2170  1385  1902   129  2122   204  2233  2243   140   399   196   858  1796  1938  1629   108   629  1449  2142  2235  1102   671  1425   965   817    70  1978
   413   350  1685  1783   457     0   370   342   428  1801   366   632   798   605  1786   982  1561   392  1710   655  1821  1832   596   243   368   483  1392  1508  1225   355   230  1065  1760  1921   778   423   985   657   561   452  1562
   733   164  1885  2017   222   370     0    28   562  1955     9   661   648   330  1969  1198  1690    93  1934   405  2044  2053   313   209    27   841  1606  1763  1440   211   470  1253  1940  2018   893   459  1264   755   601   164  1793
   706   159  1866  1996   230   342    28     0   543  1939    26   649   655   346  1951  1177  1676   102  1914   420  2024  2033   330   186    38   814  1586  1741  1419   205   444  1234  1922  2006   877   444  1240   739   588   177  1772
   351   659  1324  1456   759   428   562   543     0  1407   566   230  1167   888  1411   637  1153   642  1372   959  1482  1491   873   360   581   747  1044  1208   878   689   207   692  1383  1503   356   140   732   230   166   717  1232
  1455  2066   276   480  2163  1801  1955  1939  1407     0  1960  1306  2573  2285   164   839   284  2041   414  2360   413   404  2268  1764  1977  1865   492   625   623  2096  1574   740   146   331  1063  1496   973  1200  1357  2116   479
   732   156  1889  2020   215   366     9    26   566  1960     0   667   641   325  1973  1201  1696    86  1938   400  2047  2056   308   211    19   836  1609  1766  1443   202   470  1257  1944  2024   898   464  1265   760   607   157  1796
   562   793  1267  1429   879   632   661   649   230  1306   667     0  1302   988  1336   638  1034   751  1338  1066  1443  1450   970   494   685   976  1010  1214   854   830   429   653  1305  1357   261   219   805   141    72   824  1210
  1206   511  2476  2581   426   798   648   655  1167  2573   641  1302     0   356  2571  1774  2318   555  2506   279  2618  2628   375   814   622  1049  2186  2306  2018   478  1010  1848  2544  2657  1517  1090  1781  1382  1239   487  2359
  1012   255  2212  2338   148   605   330   346   888  2285   325   988   356     0  2298  1520  2019   247  2257    81  2368  2377    19   529   308   996  1930  2079  1763   254   770  1580  2269  2344  1222   789  1568  1084   930   171  2115
  1419  2069   136   316  2170  1786  1969  1951  1411   164  1973  1336  2571  2298     0   806   378  2052   255  2370   249   241  2281  1771  1989  1807   415   489   570  2096  1564   723    34   494  1082  1512   899  1219  1381  2127   344
   617  1281   702   819  1385   982  1198  1177   637   839  1201   638  1774  1520   806     0   644  1274   737  1588   848   857  1505   992  1216  1034   412   579   244  1304   765   119   782  1026   389   758   258   498   657  1349   596
  1243  1808   400   637  1902  1561  1690  1676  1153   284  1696  1034  2318  2019   378   644     0  1778   544  2096   596   593  2002  1505  1713  1676   424   654   483  1840  1332   530   345   382   801  1232   834   937  1090  1853   527
   782    91  1966  2092   129   392    93   102   642  2041    86   751   555   247  2052  1274  1778     0  2011   319  2121  2130   231   282    67   839  1684  1834  1517   136   529  1333  2023  2108   979   546  1328   841   690    76  1869
  1318  2017   149    99  2122  1710  1934  1914  1372   414  1938  1338  2506  2257   255   737   544  2011     0  2326   112   123  2242  1729  1952  1667   330   264   495  2040  1499   688   268   744  1078  1488   757  1208  1372  2086   150
  1066   312  2283  2405   204   655   405   420   959  2360   400  1066   279    81  2370  1588  2096   319  2326     0  2436  2446   100   599   383  1019  1999  2143  1832   300   833  1651  2341  2422  1297   864  1629  1160  1007   243  2182
  1429  2128   201    82  2233  1821  2044  2024  1482   413  2047  1443  2618  2368   249   848   596  2121   112  2436     0    15  2353  1839  2062  1776   438   361   604  2151  1610   795   274   739  1182  1596   867  1314  1478  2197   261
  1441  2138   202    97  2243  1832  2053  2033  1491   404  2056  1450  2628  2377   241   857   593  2130   123  2446    15     0  2362  1849  2071  1789   447   375   614  2161  1620   803   267   729  1189  1605   880  1322  1486  2206   274
  1001   246  2196  2324   140   596   313   330   873  2268   308   970   375    19  2281  1505  2002   231  2242   100  2353  2362     0   513   292   994  1915  2065  1748   248   757  1564  2252  2326  1205   772  1556  1068   913   156  2100
   536   303  1684  1811   399   243   209   186   360  1764   211   494   814   529  1771   992  1505   282  1729   599  1839  1849   513     0   224   722  1402  1555  1235   338   266  1052  1743  1844   704   277  1055   568   427   358  1587
   741   139  1905  2034   196   368    27    38   581  1977    19   685   622   308  1989  1216  1713    67  1952   383  2062  2071   292   224     0   834  1624  1779  1458   185   481  1273  1961  2042   914   481  1277   777   625   140  1811
   457   770  1685  1719   858   483   841   814   747  1865   836   976  1049   996  1807  1034  1676   839  1667  1019  1776  1789   994   722   834     0  1393  1424  1243   751   566  1146  1789  2057  1010   818   913   935   913   880  1518
  1011  1692   296   419  1796  1392  1606  1586  1044   492  1609  1010  2186  1930   415   412   424  1684   330  1999   438   447  1915  1402  1624  1393     0   264   167  1716  1176   359   397   765   750  1158   485   879  1043  1759   202
  1104  1832   354   296  1938  1508  1763  1741  1208   625  1766  1214  2306  2079   489   579   654  1834   264  2143   361   375  2065  1555  1779  1424   264     0   370  1850  1310   570   489   942   958  1335   529  1076  1236  1909   146
   849  1525   460   580  1629  1225  1440  1419   878   623  1443   854  2018  1763   570   244   483  1517   495  1832   604   614  1748  1235  1458  1243   167   370     0  1548  1009   203   548   856   595   995   356   720   883  1592   357
   766    47  2004  2117   108   355   211   205   689  2096   202   830   478   254  2096  1304  1840   136  2040   300  2151  2161   248   338   185   751  1716  1850  1548     0   541  1374  2069  2181  1039   615  1332   904   765   137  1894
   272   522  1466  1576   629   230   470   444   207  1574   470   429  1010   770  1564   765  1332   529  1499   833  1610  1620   757   266   481   566  1176  1310  1009   541     0   841  1537  1691   549   251   798   433   360   602  1353
   718  1347   632   777  1449  1065  1253  1234   692   740  1257   653  1848  1580   723   119   530  1333   688  1651   795   803  1564  1052  1273  1146   359   570   203  1374   841     0   697   912   393   802   362   520   684  1409   557
  1396  2041   135   337  2142  1760  1940  1922  1383   146  1944  1305  2544  2269    34   782   345  2023   268  2341   274   267  2252  1743  1961  1789   397   489   548  2069  1537   697     0   477  1052  1482   882  1189  1350  2099   343
  1620  2146   603   810  2235  1921  2018  2006  1503   331  2024  1357  2657  2344   494  1026   382  2108   744  2422   739   729  2326  1844  2042  2057   765   942   856  2181  1691   912   477     0  1147  1567  1211  1278  1419  2181   797
   554  1007  1008  1168  1102   778   893   877   356  1063   898   261  1517  1222  1082   389   801   979  1078  1297  1182  1189  1205   704   914  1010   750   958   595  1039   549   393  1052  1147     0   433   591   138   299  1054   950
   469   579  1431  1574   671   423   459   444   140  1496   464   219  1090   789  1512   758  1232   546  1488   864  1596  1605   772   277   481   818  1158  1335   995   615   251   802  1482  1567   433     0   869   296   150   621  1351
   576  1317   773   817  1425   985  1264  1240   732   973  1265   805  1781  1568   899   258   834  1328   757  1629   867   880  1556  1055  1277   913   485   529   356  1332   798   362   882  1211   591   869     0   665   804  1400   607
   493   871  1143  1297   965   657   755   739   230  1200   760   141  1382  1084  1219   498   937   841  1208  1160  1314  1322  1068   568   777   935   879  1076   720   904   433   520  1189  1278   138   296   665     0   164   916  1077
   511   728  1307  1461   817   561   601   588   166  1357   607    72  1239   930  1381   657  1090   690  1372  1007  1478  1486   913   427   625   913  1043  1236   883   765   360   684  1350  1419   299   150   804   164     0   764  1240
   850   110  2041  2167    70   452   164   177   717  2116   157   824   487   171  2127  1349  1853    76  2086   243  2197  2206   156   358   140   880  1759  1909  1592   137   602  1409  2099  2181  1054   621  1400   916   764     0  1944
  1168  1873   209   224  1978  1562  1793  1772  1232   479  1796  1210  2359  2115   344   596   527  1869   150  2182   261   274  2100  1587  1811  1518   202   146   357  1894  1353   557   343   797   950  1351   607  1077  1240  1944     0
DEPOT_SECTION
0
-1
EOF
    