
NAME : WM-41-3
COMMENT : CVS
TYPE : RDVRP-TW
DIMENSION : 41
CAPACITY : 100
EDGE_WEIGHT_TYPE : EXPLICIT
EDGE_WEIGHT_FORMAT : FULL_MATRIX 
NODE_COORD_SECTION
  0 -78.5881280000 35.7825655000
  1 -78.5883762000 35.7762752000
  2 -78.6002335000 35.7879925000
  3 -78.5910885000 35.7772180000
  4 -78.6037359000 35.7733280000
  5 -78.6047101000 35.7925441000
  6 -78.6046020000 35.7892106000
  7 -78.5800436000 35.7807634000
  8 -78.5999239000 35.7924031000
  9 -78.5868307000 35.7704904000
 10 -78.5935544000 35.7765734000
 11 -78.5839463000 35.7810031000
 12 -78.6037626000 35.7908138000
 13 -78.5916579000 35.7691313000
 14 -78.5888883000 35.7875410000
 15 -78.6021794000 35.7915056000
 16 -78.5940826000 35.7728128000
 17 -78.5802304000 35.7740874000
 18 -78.5824524000 35.7725018000
 19 -78.5914739000 35.7832586000
 20 -78.5853209000 35.7885424000
 21 -78.5922389000 35.7727523000
 22 -78.6032853000 35.7762678000
 23 -78.5981024000 35.7731421000
 24 -78.5950682000 35.7699142000
 25 -78.6008896000 35.7959677000
 26 -78.5911421000 35.7715452000
 27 -78.5831534000 35.7701381000
 28 -78.5997182000 35.7815149000
 29 -78.5991323000 35.7916252000
 30 -78.5829941000 35.7690263000
 31 -78.6017571000 35.7877127000
 32 -78.5997854000 35.7693174000
 33 -78.6015282000 35.7911127000
 34 -78.5880543000 35.7777263000
 35 -78.6031867000 35.7923731000
 36 -78.6045407000 35.7933900000
 37 -78.6028670000 35.7925593000
 38 -78.5915257000 35.7858377000
 39 -78.6006291000 35.7952290000
 40 -78.5971064000 35.7880595000
TIME_WINDOW_SECTION
  0      0  36000
  1  24838  26838
  2      0  32830
  3      0  33311
  4      0  31389
  5      0  31874
  6      0  32276
  7      0  33265
  8      0  32132
  9      0  31748
 10      0  33124
 11      0  33568
 12      0  32082
 13      0  32198
 14      0  34068
 15      0  32188
 16      0  32634
 17  18910  24208
 18      0  32779
 19      0  34459
 20      0  33605
 21      0  32825
 22      0  31529
 23      0  32016
 24      0  32255
 25      0  31552
 26      0  32409
 27      0  32508
 28      0  32992
 29  22771  25603
 30   7805   9805
 31      0  32544
 32      0  31599
 33      0  32238
 34      0  32980
 35      0  32045
 36  14990  16990
 37      0  31950
 38      0  34245
 39      0  31672
 40      0  33126
DEMAND_SECTION
  0      0
  1      5
  2     12
  3     22
  4     14
  5      5
  6      5
  7     15
  8      6
  9     10
 10     20
 11     16
 12     24
 13     19
 14     16
 15     15
 16      6
 17     27
 18     29
 19     11
 20      5
 21     10
 22     12
 23     27
 24      8
 25     14
 26     22
 27     23
 28     22
 29     26
 30     21
 31     10
 32     19
 33     24
 34     11
 35      5
 36      8
 37     15
 38     10
 39     15
 40     13
SERVICE_TIME_SECTION
  0      0
  1   1000
  2   1000
  3   1000
  4   1000
  5   1000
  6   1000
  7   1000
  8   1000
  9   1000
 10   1000
 11   1000
 12   1000
 13   1000
 14   1000
 15   1000
 16   1000
 17   1000
 18   1000
 19   1000
 20   1000
 21   1000
 22   1000
 23   1000
 24   1000
 25   1000
 26   1000
 27   1000
 28   1000
 29   1000
 30   1000
 31   1000
 32   1000
 33   1000
 34   1000
 35   1000
 36   1000
 37   1000
 38   1000
 39   1000
 40   1000
TRUCK_EDGE_WEIGHT_SECTION
     0  2105  2214  1790  3691  3171  2769  1470  2912  2816  1968   880  2961  2905  1299  2858  2469  2062  2384   602  1375  2276  3575  3085  2848  3492  2692  2220  2056  2768  2375  2501  3504  2808  1328  2999  3279  3094  1186  3372  1919
  2002     0  2681   314  2370  3639  3235  2300  3379  2032   646  2288  3429  1584  2420  3324  1148  2610  2569  1461  2496   955  2806  1764  1526  3960  1372  2406  2522  3234  2560  2969  2182  3274  1244  3466  3745  3561  2308  3839  2386
  2170  2681     0  2366  4268  1132   554  3321   872  3930  2544  2731   748  3481  1594   819  3045  4061  4466  1629  1945  2852  4151  3661  3424  1454  3270  4304  2632   728  4458   634  4080   618  2698   960  1240  1055  2122  1334   451
  1689   314  2366     0  2055  3324  2920  1985  3064  1719   332  1972  3114  1269  2105  3010   832  2296  2254  1148  2181   641  2492  1450  1211  3645  1058  2091  2209  2919  2245  2654  1868  2959   929  3151  3431  3246  1994  3525  2071
  3611  2392  4290  2078     0  4365  3749  4086  4988  2211  2135  3896  4629  1701  4029  4679  1298  3249  2746  3070  4105  1438   519   629  1302  5540  1550  2584  2276  4842  2738  4281  1112  4855  2852  4536  4615  4718  3916  5420  3995
  3126  3639  1132  3324  4388     0  1006  4279   820  4888  3501  3689   264  4439  2551   314  4002  5019  5422  2585  2902  3810  4234  4619  4380  1176  4226  5260  3590   675  5414  1086  5038   490  3655   172   250   354  3079  1056  1409
  2724  3235   554  2920  3768  1006     0  3875   972  4484  3099  3285   646  4035  2149   692  3599  4615  5020  2182  2499  3406  3612  4215  3978  1328  3824  4858  3186   828  5011   532  4634   516  3251   834  1114   929  2676  1208  1005
  1735  2764  3332  2450  4010  4290  3886     0  4030  2368  2628   988  4080  3106  2056  3976  3039  1235  1934  1902  1955  2899  4448  3404  3166  4611  2895  1771  3876  3885  1925  3620  3822  3925  1825  4118  4398  4212  2380  4491  3038
  2868  3379   872  3064  4965   820   972  4019     0  4628  3242  3429   942  4179  2292   506  3742  4759  5164  2326  2642  3550  4849  4359  4121   584  3968  5001  3330   145  5155  1051  4778   456  3395   649   654   441  2820   464  1149
  3252  2032  3930  1719  2189  4888  4484  2420  4628     0  1776  2554  4678   689  3669  4574  1218  1582  1081  2711  3521  1078  2625  1582  1344  5209  1072   919  3772  4482  1072  4218  2001  4522  2492  4715  4995  4810  3558  5089  3635
  1876   656  2554   342  2101  3511  3109  2174  3252  1764     0  2161  3301  1315  2294  3198   879  2484  2300  1335  2369   686  2539  1495  1258  3832  1104  2138  2396  3108  2291  2841  1914  3148  1116  3339  3619  3434  2181  3712  2259
  1432  1979  3031  1665  3565  3988  3585   698  3729  2192  1842     0  3778  2779  1754  3674  2342  1438  1759  1600  1654  2150  4002  2959  2721  4309  2568  1596  3275  3584  1750  3318  3378  3624  1040  3816  4095  3910  2078  4189  2735
  2918  3429   748  3114  4652   264   646  4069   942  4678  3291  3479     0  4229  2341   436  3792  4809  5214  2376  2692  3600  4498  4409  4171  1298  4016  5050  3380   798  5205   726  4828   612  3445   294   371   475  2870  1178  1199
  2802  1584  3481  1269  1679  4439  4035  3159  4179   689  1326  3088  4229     0  3220  4124   768  2321  1820  2261  3296   629  2116  1072   400  4760   341  1658  3322  4034  1811  3769  1491  4074  2044  4266  4545  4361  3108  4639  3186
   932  2079  1709  1764  3665  2666  2264  2164  2408  3328  1941  1575  2456  2879     0  2352  2442  2905  3225  1026   789  2250  3549  3059  2821  2988  2666  3062  2030  2262  3216  1996  3478  2302  2095  2494  2774  2589   532  2868  1414
  2812  3324   819  3010  4702   314   692  3964   506  4574  3188  3375   436  4124  2238     0  3688  4704  5109  2271  2589  3496  4548  4305  4066   862  3912  4946  3276   361  5100   771  4722   176  3341   141   421   525  2765   741  1095
  2366  1148  3045   832  1275  4002  3599  2664  3742  1218   890  2651  3792   768  2784  3688     0  2255  1752  1825  2860   192  1711   669   524  4324   556  1590  2888  3598  1744  3332  1088  3638  1608  3830  4109  3925  2671  4202  2750
  2301  2596  4046  2281  3182  5004  4600  1235  4744  1540  2770  1701  4794  2279  2770  4690  2211     0  1106  2831  2669  2071  3620  2576  2339  5325  2068   944  3892  4599  1098  4334  2995  4639  1658  4831  5111  4926  3092  5205  3751
  2221  2681  3966  2368  2838  4924  4521  1489  4665  1194  2425  1621  4714  1934  2690  4610  1866   651     0  2751  2589  1726  3274  2231  1992  5245  1721   598  3812  4520   752  4254  2650  4560  1578  4751  5031  4846  3014  5125  3671
   541  1884  1994  1570  3470  2951  2548  1890  2691  3134  1748  1301  2741  2684  1079  2638  2249  2482  2804     0  1155  2056  3354  2865  2626  3272  2472  2641  1836  2546  2795  2281  3284  2586  1901  2779  3059  2874   966  3152  1699
  1395  2541  1949  2226  4128  2906  2504  2195  2648  3790  2405  1605  2696  3341   672  2592  2905  2935  3256  1489     0  2712  4011  3521  3284  3228  3130  3092  2492  2502  3248  2236  3940  2542  2558  2734  3014  2829   996  3108  1654
  2175   955  2852   641  1415  3810  3406  2471  3550  1078   699  2459  3600   629  2591  3496   192  2115  1614  1634  2668     0  1851   809   571  4131   416  1450  2695  3405  1605  3140  1228  3445  1415  3638  3918  3732  2480  4011  2558
  3471  2829  4150  2515   519  4195  3579  4522  4848  2648  2572  4751  4459  2139  3889  4509  1734  3685  3184  2930  3965  1874     0  1065  1739  5371  1988  3021  2041  4702  3175  4111  1550  4685  3289  4368  4445  4549  3776  5250  3854
  2984  1764  3661  1450   606  4619  4215  3458  4359  1582  1508  3268  4409  1072  3400  4305   669  2620  2118  2442  3476   809  1042     0   674  4940   921  1955  2760  4214  2109  3949   485  4254  2224  4446  4726  4541  3289  4820  3366
  2745  1526  3424  1211  1280  4380  3978  3219  4121  1344  1269  3030  4171   400  3162  4066   524  2381  1880  2204  3239   571  1716   674     0  4702   684  1718  3265  3976  1871  3710  1092  4016  1986  4209  4488  4304  3050  4581  3128
  3448  3960  1454  3645  5546  1176  1328  4600   584  5209  3822  4010  1298  4760  2872   862  4324  5340  5745  2908  3224  4131  5410  4940  4702     0  4548  5581  3911   729  5735  1408  5359   811  3976  1004   905   856  3400   120  1730
  2591  1372  3270  1058  1528  4226  3824  2948  3968  1072  1115  2876  4016   341  3009  3912   556  2110  1609  2050  3084   416  1964   921   684  4548     0  1446  3111  3822  1600  3556  1340  3862  1831  4054  4334  4149  2896  4428  2974
  2492  2406  4304  2091  2561  5260  4858  1760  5001   919  2149  1892  5050  1658  2961  4946  1590   922   420  3084  2861  1450  2999  1955  1718  5581  1446     0  4145  4856   154  4590  2374  4896  1849  5088  5368  5182  3285  5461  4008
  2008  2519  2686  2205  2284  3642  3240  3592  3384  3769  2382  3288  3434  3319  2425  3329  2882  3904  4304  1466  2501  2691  2049  3500  3261  3964  3108  4141     0  3239  4295  2972  3918  3279  2536  3471  3750  3566  2312  3844  2390
  2722  3234   728  2919  4820   675   828  3874   145  4482  3098  3284   798  4034  2148   361  3598  4614  5019  2181  2498  3405  4704  4214  3976   729  3822  4856  3185     0  5010   906  4632   311  3250   504   782   599  2675   609  1004
  2646  2560  4458  2245  2715  5414  5011  1914  5155  1072  2302  2048  5205  1811  3116  5100  1744  1076   575  3238  3015  1605  3152  2109  1871  5735  1600   154  4299  5010     0  4744  2528  5050  2002  5242  5521  5338  3439  5615  4161
  2456  2969   634  2654  4555  1086   532  3609  1051  4218  2831  3019   726  3769  1881   771  3332  4349  4754  1916  2232  3140  4145  3949  3710  1408  3556  4590  2920   906  4744     0  4368   595  2985   914  1192  1009  2409  1286   739
  3401  2182  4080  1868  1090  5038  4634  3876  4778  2001  1925  3686  4828  1491  3819  4722  1088  3039  2536  2860  3895  1228  1528   485  1092  5359  1340  2374  3922  4632  2528  4368     0  4672  2642  4865  5144  4960  3706  5238  3785
  2762  3274   618  2959  4860   490   516  3914   456  4522  3138  3324   612  4074  2188   176  3638  4654  5059  2221  2538  3445  4724  4254  4016   811  3862  4896  3225   311  5050   595  4672     0  3290   318   598   412  2715   691  1044
  2020  1244  2698   929  2830  3655  3251  1361  3395  2492  1106  1349  3445  2044  2436  3341  1608  1672  1992  1479  2316  1415  3266  2224  1986  3976  1831  1830  2540  3250  1984  2985  2642  3290     0  3482  3762  3578  2325  3856  2402
  2955  3466   960  3151  4560   172   834  4106   649  4715  3329  3516   294  4266  2379   141  3830  4846  5251  2414  2730  3638  4406  4446  4209  1004  4054  5088  3418   504  5242   914  4865   318  3482     0   280   382  2908   884  1236
  3234  3745  1240  3431  4638   250  1114  4385   654  4995  3609  3796   371  4545  2659   421  4109  5125  5530  2692  3010  3918  4484  4726  4488   905  4334  5368  3698   782  5521  1192  5144   598  3762   280     0   212  3186   785  1516
  3050  3561  1055  3246  4741   354   929  4201   441  4810  3424  3611   475  4361  2474   525  3925  4941  5346  2509  2825  3732  4588  4541  4304   856  4149  5182  3512   599  5338  1009  4960   412  3578   382   212     0  3002   736  1331
   755  1900  2010  1586  3488  2968  2564  2624  2708  3150  1764  2035  2758  2700  1172  2654  2265  3285  3685   848  1248  2072  3371  2881  2642  3289  2489  3522  1852  2562  3676  2298  3300  2602  1918  2795  3075  2890     0  3169  1715
  3328  3839  1334  3525  5425  1056  1208  4479   464  5089  3702  3890  1178  4639  2752   741  4202  5219  5624  2786  3104  4011  5289  4820  4581   120  4428  5461  3791   609  5615  1286  5238   691  3856   884   785   736  3280     0  1610
  1874  2386   451  2071  3972  1409  1005  3026  1149  3635  2249  2436  1199  3186  1299  1095  2750  3766  4170  1332  1650  2558  3856  3366  3128  1730  2974  4008  2338  1004  4161   739  3785  1044  2402  1236  1516  1331  1826  1610     0
DRONE_EDGE_WEIGHT_SECTION
     0   700   755   606  1189  1271   962   366  1180  1345   698   235  1088  1502   555  1124  1109   991  1141   148   674  1104   908  1116  1433  1565  1232  1396   453  1089  1520   767  1541  1075   539  1227  1350  1240   386  1484   698
   700     0  1379   148   677  1912  1564   592  1847   647   201   553  1719   805  1254  1773   444   397   478   786  1370   420   572   512   754  2241   537   712   726  1756   833  1370   892  1724   162  1876  1999  1892  1071  2159  1353
   755  1379     0  1248  1638   533   211  1105   491  2014  1296   989   340  2125   425   398  1706  1723  1852   621   557  1723  1310  1655  2022   888  1863  2091   721   406  2211    65  2079   351  1232   500   621   518   404   806   116
   606   148  1248     0   652  1781  1429   577  1722   767   119   502  1587   900  1152  1644   504   544   622   673  1279   499   479   528   827  2119   631   846   580  1632   964  1236   942  1596   129  1747  1869  1764   960  2036  1228
  1189   677  1638   652     0  2139  1768  1228  2128   729   533  1142  1946   663  1679  2024   378   912   830  1200  1832   450   328   219   508  2522   527   875   924  2044   939  1603   472  1981   777  2120  2233  2141  1468  2441  1659
  1271  1912   533  1781  2139     0   371  1602   176  2546  1826  1500   196  2653   807   148  2233  2252  2384  1145   843  2253  1813  2174  2545   406  2393  2624  1242   229  2744   549  2592   198  1763    59    94    68   892   334   573
   962  1564   211  1429  1768   371     0  1316   395  2191  1467  1197   181  2289   612   271  1868  1919  2041   824   718  1891  1442  1806  2178   764  2032  2274   876   336  2393   197  2222   240  1422   356   465   378   615   686   306
   366   592  1105   577  1228  1602  1316     0  1493  1173   695   150  1428  1370   824  1454  1036   743   924   513   888  1007  1018  1095  1339  1861  1111  1189   750  1404  1311  1124  1484  1404   455  1554  1676  1565   711  1783  1034
  1180  1847   491  1722  2128   176   395  1493     0  2489  1778  1402   226  2609   678   130  2192  2169  2311  1065   689  2207  1801  2145  2510   398  2345  2558  1212    91  2680   526  2570   155  1693   120   202   109   794   316   495
  1345   647  2014   767   729  2546  2191  1173  2489     0   725  1175  2352   242  1900  2410   382   475   281  1432  2010   328   905   528   328  2885   205   149  1323  2398   221  2000   522  2362   807  2513  2635  2530  1718  2802  1994
   698   201  1296   119   533  1826  1467   695  1778   725     0   614  1631   832  1234  1693   419   583   623   748  1368   428   375   420   744  2176   567   822   598  1689   934  1278   843  1646   247  1796  1917  1813  1034  2093  1286
   235   553   989   502  1142  1500  1197   150  1402  1175   614     0  1320  1354   751  1353   991   783   948   379   841   972   907  1029  1306  1780  1088  1210   600  1311  1334  1002  1437  1303   397  1455  1578  1467   609  1700   928
  1088  1719   340  1587  1946   196   181  1428   226  2352  1631  1320     0  2457   660    97  2037  2063  2192   958   727  2057  1619  1979  2350   583  2197  2431  1046   193  2550   353  2398    89  1572   175   288   197   716   505   393
  1502   805  2125   900   663  2653  2289  1370  2609   242   832  1354  2457     0  2052  2522   421   708   519  1573  2174   404   913   512   159  3008   269   351  1413  2520   339  2104   319  2475   967  2624  2744  2642  1860  2925  2117
   555  1254   425  1152  1679   807   612   824   678  1900  1234   751   660  2052     0   661  1651  1533  1692   486   173  1651  1368  1641  1976  1037  1783  1950   784   592  2073   479  2071   614  1093   754   870   761   214   959   311
  1124  1773   398  1644  2024   148   271  1454   130  2410  1693  1353    97  2522   661     0  2103  2108  2243  1001   705  2121  1697  2050  2419   499  2261  2485  1116   113  2606   423  2472    50  1623   103   227   120   744   418   427
  1109   444  1706   504   378  2233  1868  1036  2192   382   419   991  2037   421  1651  2103     0   554   452  1167  1782    72   523   160   325  2590   181   519   992  2103   603  1684   448  2056   594  2204  2324  2223  1453  2507  1701
   991   397  1723   544   912  2252  1919   743  2169   475   583   783  2063   708  1533  2108   554     0   196  1107  1621   488   920   699   740  2556   509   454  1113  2078   574  1722   927  2058   504  2211  2335  2226  1377  2475  1682
  1141   478  1852   622   830  2384  2041   924  2311   281   623   948  2192   519  1692  2243   452   196     0  1246  1789   380   907   611   569  2702   354   265  1202  2220   387  1845   762  2194   620  2346  2470  2362  1524  2620  1819
   148   786   621   673  1200  1145   824   513  1065  1432   748   379   958  1573   486  1001  1167  1107  1246     0   632  1170   898  1154  1492  1457  1304  1495   367   974  1617   628  1584   951   629  1104  1228  1119   287  1375   574
   674  1370   557  1279  1832   843   718   888   689  2010  1368   841   727  2174   173   705  1782  1621  1789   632     0  1777  1525  1781  2107  1005  1905  2050   950   615  2174   617  2210   664  1208   785   890   787   380   933   441
  1104   420  1723   499   450  2253  1891  1007  2207   328   428   972  2057   404  1651  2121    72   488   380  1170  1777     0   578   231   335  2605   141   458  1017  2117   549  1704   482  2074   577  2223  2344  2241  1457  2522  1714
   908   572  1310   479   328  1813  1442  1018  1801   905   375   907  1619   913  1368  1697   523   920   907   898  1525   578     0   401   776  2195   705  1036   600  1717  1126  1275   785  1654   606  1793  1907  1814  1155  2113  1333
  1116   512  1655   528   219  2174  1806  1095  2145   528   420  1029  1979   512  1641  2050   160   699   611  1154  1781   231   401     0   378  2543   323   670   934  2058   745  1628   431  2005   640  2149  2267  2169  1435  2460  1661
  1433   754  2022   827   508  2545  2178  1339  2510   328   744  1306  2350   159  1976  2419   325   740   569  1492  2107   335   776   378     0  2908   237   466  1304  2422   482  1998   196  2372   911  2519  2638  2538  1778  2826  2021
  1565  2241   888  2119  2522   406   764  1861   398  2885  2176  1780   583  3008  1037   499  2590  2556  2702  1457  1005  2605  2195  2543  2908     0  2743  2952  1609   488  3074   919  2967   541  2086   409   316   386  1179    83   891
  1232   537  1863   631   527  2393  2032  1111  2345   205   567  1088  2197   269  1783  2261   181   509   354  1304  1905   141   705   323   237  2743     0   348  1158  2256   424  1844   418  2213   698  2363  2484  2381  1591  2660  1852
  1396   712  2091   846   875  2624  2274  1189  2558   149   822  1210  2431   351  1950  2485   519   454   265  1495  2050   458  1036   670   466  2952   348     0  1417  2467   124  2081   656  2437   866  2589  2712  2605  1777  2870  2064
   453   726   721   580   924  1242   876   750  1212  1323   598   600  1046  1413   784  1116   992  1113  1202   367   950  1017   600   934  1304  1609  1158  1417     0  1126  1532   694  1358  1071   612  1216  1334  1235   571  1527   735
  1089  1756   406  1632  2044   229   336  1404    91  2398  1689  1311   193  2520   592   113  2103  2078  2220   974   615  2117  1717  2058  2422   488  2256  2467  1126     0  2589   446  2483   105  1602   171   279   172   703   405   404
  1520   833  2211   964   939  2744  2393  1311  2680   221   934  1334  2550   339  2073  2606   603   574   387  1617  2174   549  1126   745   482  3074   424   124  1532  2589     0  2200   658  2557   988  2709  2832  2726  1900  2992  2186
   767  1370    65  1236  1603   549   197  1124   526  2000  1278  1002   353  2104   479   423  1684  1722  1845   628   617  1704  1275  1628  1998   919  1844  2081   694   446  2200     0  2049   379  1226   521   640   541   435   838   177
  1541   892  2079   942   472  2592  2222  1484  2570   522   843  1437  2398   319  2071  2472   448   927   762  1584  2210   482   785   431   196  2967   418   656  1358  2483   658  2049     0  2427  1040  2570  2686  2590  1866  2885  2089
  1075  1724   351  1596  1981   198   240  1404   155  2362  1646  1303    89  2475   614    50  2056  2058  2194   951   664  2074  1654  2005  2372   541  2213  2437  1071   105  2557   379  2427     0  1574   153   277   168   695   459   377
   539   162  1232   129   777  1763  1422   455  1693   807   247   397  1572   967  1093  1623   594   504   620   629  1208   577   606   640   911  2086   698   866   612  1602   988  1226  1040  1574     0  1726  1849  1742   912  2004  1200
  1227  1876   500  1747  2120    59   356  1554   120  2513  1796  1455   175  2624   754   103  2204  2211  2346  1104   785  2223  1793  2149  2519   409  2363  2589  1216   171  2709   521  2570   153  1726     0   124    24   846   331   530
  1350  1999   621  1869  2233    94   465  1676   202  2635  1917  1578   288  2744   870   227  2324  2335  2470  1228   890  2344  1907  2267  2638   316  2484  2712  1334   279  2832   640  2686   277  1849   124     0   111   969   250   654
  1240  1892   518  1764  2141    68   378  1565   109  2530  1813  1467   197  2642   761   120  2223  2226  2362  1119   787  2241  1814  2169  2538   386  2381  2605  1235   172  2726   541  2590   168  1742    24   111     0   858   308   544
   386  1071   404   960  1468   892   615   711   794  1718  1034   609   716  1860   214   744  1453  1377  1524   287   380  1457  1155  1435  1778  1179  1591  1777   571   703  1900   435  1866   695   912   846   969   858     0  1098   323
  1484  2159   806  2036  2441   334   686  1783   316  2802  2093  1700   505  2925   959   418  2507  2475  2620  1375   933  2522  2113  2460  2826    83  2660  2870  1527   405  2992   838  2885   459  2004   331   250   308  1098     0   809
   698  1353   116  1228  1659   573   306  1034   495  1994  1286   928   393  2117   311   427  1701  1682  1819   574   441  1714  1333  1661  2021   891  1852  2064   735   404  2186   177  2089   377  1200   530   654   544   323   809     0
DEPOT_SECTION
0
-1
EOF
    