
NAME : WM-41-5
COMMENT : CVS
TYPE : RDVRP-TW
DIMENSION : 41
CAPACITY : 100
EDGE_WEIGHT_TYPE : EXPLICIT
EDGE_WEIGHT_FORMAT : FULL_MATRIX 
NODE_COORD_SECTION
  0 -78.5881280000 35.7825655000
  1 -78.6039252000 35.7876452000
  2 -78.5968377000 35.7884284000
  3 -78.5916129000 35.7815917000
  4 -78.5921350000 35.7696872000
  5 -78.5820059000 35.7855340000
  6 -78.6027009000 35.7870395000
  7 -78.5936068000 35.7698825000
  8 -78.5928061000 35.7809295000
  9 -78.5963887000 35.7724516000
 10 -78.5899352000 35.7770782000
 11 -78.5839463000 35.7810031000
 12 -78.5999149000 35.7868315000
 13 -78.6031783000 35.7922119000
 14 -78.5818580000 35.7704138000
 15 -78.5934726000 35.7713937000
 16 -78.5954248000 35.7882376000
 17 -78.5998408000 35.7870454000
 18 -78.5935544000 35.7765734000
 19 -78.5975318000 35.7699229000
 20 -78.5972855000 35.7896029000
 21 -78.6044835000 35.7946602000
 22 -78.5914432000 35.7795598000
 23 -78.6003346000 35.7936818000
 24 -78.6026114000 35.7815466000
 25 -78.5882027000 35.7710387000
 26 -78.5992385000 35.7887680000
 27 -78.6012168000 35.7880364000
 28 -78.6023916000 35.7810486000
 29 -78.5994178000 35.7733344000
 30 -78.6000949000 35.7876201000
 31 -78.5756396000 35.7956926000
 32 -78.6032457000 35.7773672000
 33 -78.6010696000 35.7804042000
 34 -78.5884023000 35.7743728000
 35 -78.5967571000 35.7822691000
 36 -78.6005623000 35.7949556000
 37 -78.5982386000 35.7904923000
 38 -78.5857882000 35.7718091000
 39 -78.6008429000 35.7699447000
 40 -78.5905232000 35.7762381000
TIME_WINDOW_SECTION
  0      0  36000
  1      0  32194
  2      0  33048
  3      0  34045
  4   7211   9575
  5      0  33158
  6      0  32348
  7      0  32081
  8   9142  11270
  9      0  32229
 10      0  33189
 11      0  33568
 12      0  32782
 13      0  32052
 14      0  32464
 15      0  32586
 16      0  33014
 17      0  32779
 18      0  33124
 19      0  31571
 20      0  32802
 21      0  31601
 22      0  33770
 23      0  31979
 24      0  32750
 25      0  31999
 26      0  32842
 27      0  32581
 28      0  32818
 29      0  31629
 30   4793   6793
 31      0  31315
 32      0  31564
 33      0  32778
 34      0  31642
 35      0  33360
 36      0  31721
 37      0  32562
 38      0  31808
 39      0  31424
 40   6347   8347
DEMAND_SECTION
  0      0
  1     29
  2      6
  3     10
  4     12
  5     29
  6     15
  7     28
  8     15
  9     19
 10     15
 11     16
 12     18
 13     11
 14     27
 15     30
 16      5
 17      7
 18     11
 19     23
 20     21
 21     12
 22     12
 23     15
 24     22
 25     21
 26     17
 27     26
 28     27
 29      6
 30      7
 31     27
 32     24
 33      8
 34     25
 35     14
 36     16
 37     29
 38     16
 39     21
 40      9
SERVICE_TIME_SECTION
  0      0
  1   1000
  2   1000
  3   1000
  4   1000
  5   1000
  6   1000
  7   1000
  8   1000
  9   1000
 10   1000
 11   1000
 12   1000
 13   1000
 14   1000
 15   1000
 16   1000
 17   1000
 18   1000
 19   1000
 20   1000
 21   1000
 22   1000
 23   1000
 24   1000
 25   1000
 26   1000
 27   1000
 28   1000
 29   1000
 30   1000
 31   1000
 32   1000
 33   1000
 34   1000
 35   1000
 36   1000
 37   1000
 38   1000
 39   1000
 40   1000
TRUCK_EDGE_WEIGHT_SECTION
     0  2851  1998   712  2969  1382  2698  3021  1122  2872  1912   880  2262  2992  2265  2515  2031  2266  1968  3531  2242  3444  1332  3066  2298  3104  2202  2464  2230  3236  2325  3246  3539  1910  2922  1692  3324  2482  2485  3678  1995
  2806     0  1168  2270  4182  3044   154  4234  2335  4086  3126  3369   644   968  4984  3729  1200   640  3181  4744  1154  1419  2545  1041  1530  4316   859   442  1598  4449   581  4454  2670  1996  4672  1286  1299  1394  4508  4891  3209
  1952  1168     0  1416  3329  2190  1014  3380  1481  3232  2272  2515   578  1308  4130  2875    88   582  2328  3890   558  1759  1691  1382  2658  3462   519   780  2590  3596   641  3600  3899  2270  3819  1202  1640   798  3655  4038  2355
   955  2270  1416     0  2046  1909  2116  2098   199  1949   990  1510  1681  2411  2848  1592  1449  1685  1045  2608  1660  2861   409  2485  1716  2180  1621  1882  1649  2312  1744  3320  2958  1329  2536  1111  2742  1900  2371  2755  1072
  2868  4182  3329  2046     0  3822  4029   161  1848   796  1456  3152  3594  4324  1766   666  3362  3598  1391  1454  3574  4774  1638  4398  3629   660  3534  3795  3561  1159  3656  5232  2161  3241  1454  3024  4655  3812  1290  1601  1244
  1842  3034  2180  1940  3854     0  2880  3905  2006  3756  2796   878  2445  3175  2409  3400  2214  2449  2852  4415  2425  3625  2216  3249  3181  3109  2385  2646  3115  4120  2508  3068  4424  2794  3066  2576  3506  2664  2629  4562  2879
  2652   154  1014  2116  4029  2890     0  4080  2181  3932  2972  3215   746   969  4830  3575  1046   750  3028  4590  1000  1419  2391  1042  1618  4162   860   442  2164  4295   582  4300  3472  1842  4519  1132  1300  1240  4355  4738  3055
  2919  4234  3380  2098   161  3874  4080     0  1899   635  1508  3204  3645  4375  1935   505  3414  3649  1442  1292  3625  4826  1689  4449  3680  1268  3585  3846  3614   999  3708  5284  2000  3292  1622  3075  4706  3865  1459  1440  1295
  1020  2335  1481   199  1848  1975  2181  1899     0  1751   791  1311  1746  2476  2649  1394  1515  1750   846  2409  1726  2928   210  2550  1781  1981  1686  1948  1715  2114  1809  3385  3024  1394  2338  1176  2808  1966  2172  2556   874
  2771  4086  3232  1949   796  3725  3932   635  1751     0  1360  3055  3496  4228  1786   358  3265  3501  1295   659  3476  4678  1541  4301  2615  1119  3438  3699  2549   364  3560  5135  1366  3145  1475  2928  4559  3716  1311   806  1146
  1811  3126  2272   990  1456  2765  2972  1508   791  1360     0  2095  2538  3268  2258  1002  2305  2541   455  2018  2516  3718   581  3341  2572  1590  2478  2739  2505  1722  2600  4176  2725  2185  1946  1968  3599  2756  1782  2165   482
  1432  3668  2814  1934  2844  1156  3514  2895  1735  2746  1786     0  3079  3809  1640  2390  2848  3082  1842  3405  3059  4260  1525  3882  3516  2340  3019  3280  3449  3110  3141  3702  4112  3129  2298  2911  4140  3299  1860  3552  1869
  2218   651   578  1681  3594  2455   746  3645  1746  3496  2538  2780     0  1315  4395  3140   611     4  2592  4155   565  1766  1956  1389  2921  3728   525   201  2855  3860    62  3865  4164  2535  4084   935  1646   805  3919  4302  2620
  2948   975  1308  2411  4324  3185   975  4375  2476  4228  3268  3510  1315     0  5125  3870  1341  1319  3322  4885   890   451  2686   570  3652  4458   789   944  3585  4590  1378  4595  4378  3265  4814  1940   828  1129  4649  5032  3350
  2536  4984  4130  2848  1766  2408  4830  1935  2649  1786  2258  1938  4395  5125     0  1430  4164  4399  2192  2445  4375  5576  2439  5199  4430  1110  4335  4596  4364  2150  4458  6168  3152  4042  1068  3825  5456  4615   630  2592  2045
  2414  3729  2875  1592   666  3369  3575   505  1394   358  1002  2699  3140  3870  1430     0  2909  3144   938  1015  3120  4321  1184  3944  3175   762  3080  3341  3108   720  3202  4779  1722  2788  1118  2570  4201  3360   954  1162   790
  1986  1200    88  1449  3362  2224  1046  3414  1515  3265  2305  2548   611  1341  4164  2909     0   615  2361  3924   591  1792  1725  1415  2690  3496   551   812  2624  3629   674  3634  3932  2302  3851  1236  1672   831  3688  4071  2388
  2221   646   582  1685  3598  2459   750  3649  1750  3501  2541  2784     4  1319  4399  3144   615     0  2596  4159   569  1770  1960  1394  2926  3731   529   198  2859  3865    59  3869  4168  2539  4088   939  1651   809  3924  4306  2624
  1876  3191  2338  1055  1380  2831  3038  1431   856  1282   465  2161  2602  3332  2181   926  2371  2606     0  1941  2582  3784   646  3406  2638  1514  2542  2804  2570  1646  2665  4241  2649  2250  1869  2032  3664  2822  1705  2088   405
  3429  4744  3890  2608  1454  4384  4590  1292  2409   659  2018  3714  4155  4885  2445  1015  3924  4159  1952     0  4135  5336  2199  4959  2914  1778  4095  4356  2846   662  4218  5794  1665  3802  2134  3585  5216  4375  1969  1105  1805
  2198  1154   558  1660  3574  2434  1000  3625  1726  3476  2516  2759   565   890  4375  3120   591   569  2572  4135     0  1340  1936   964  2901  3708   351   766  2835  3840   628  3845  4144  2514  4062  1189  1221   240  3899  4281  2599
  3399  1425  1759  2861  4774  3635  1426  4826  2928  4678  3718  3960  1766   451  5576  4321  1792  1770  3772  5336  1340     0  3138   522  4102  4909  1239  1395  4036  5041  1829  5046  4612  3715  5264  2390   671  1580  5100  5482  3800
  1230  2545  1691   409  1638  2185  2391  1689   210  1541   581  1451  1956  2686  2439  1184  1725  1960   636  2199  1936  3138     0  2760  1991  1771  1896  2158  1925  1904  2019  3595  2906  1604  2128  1386  3018  2176  1964  2346   664
  3021  1049  1382  2485  4398  3259  1050  4449  2550  4301  3341  3584  1389   570  5199  3944  1415  1394  3396  4959   964   522  2760     0  3726  4531   862  1019  3659  4665  1451  4669  4948  3339  4888  2014   258   740  4724  5106  3424
  2250  1530  2711  1712  3625  3204  1618  3678  1779  2646  2569  3529  2975  3706  4428  3171  2744  2980  2624  2945  2955  4156  1989  3780     0  3760  2916  1905    68  2452  3039  4614  1656   674  4115  1151  4038  3195  3951  2674  2651
  3001  4316  3462  2180   660  3172  4162  1268  1981  1119  1590  2701  3728  4458  1110   762  3496  3731  1525  1778  3708  4909  1771  4531  3762     0  3668  3929  3696  1482  3790  5366  2485  3375   799  3158  4789  3948   634  1925  1378
  2158   866   519  1621  3534  2395   868  3585  1686  3438  2478  2720   525   789  4335  3080   551   529  2532  4095   351  1239  1896   862  2862  3668     0   836  2795  3800   588  3805  4104  2475  4024  1150  1120   591  3860  4242  2560
  2419   449   780  1882  3795  2656   450  3846  1948  3699  2739  2981   201   944  4596  3341   812   198  2794  4356   766  1395  2158  1019  3124  3929   836     0  3056  4062   139  4066  4365  2736  4285  1136  1276  1006  4121  4504  2821
  2182  1598  2644  1645  3559  3138  1684  3610  1711  2579  2502  3462  2909  3639  4360  3105  2678  2912  2558  2878  2889  4090  1921  3712    68  3692  2849  3110     0  2385  2971  4548  1590   606  4048  1084  3970  3129  3884  2608  2585
  3371  4686  3832  2550  1396  4326  4532  1235  2351   601  1960  3656  4098  4828  2388   958  3866  4101  1895   900  4078  5234  2141  4901  2251  1720  4038  4299  2184     0  4160  5736  1002  2462  2075  2940  5159  4318  1911   630  1748
  2280   589   641  1744  3656  2518   589  3708  1809  3560  2600  2842    62  1378  4458  3202   674    59  2655  4218   628  1829  2019  1451  2985  3790   588   139  2918  3922     0  3928  4226  2598  4146   998  1709   868  3981  4365  2682
  3685  4780  3926  3782  5695  3570  4626  5748  3849  5599  4639  3895  4191  4921  6851  5242  3960  4195  4694  6258  4171  5372  4059  4995  5024  5830  4131  4392  4958  5962  4254     0  6265  4636  6185  4419  5252  4411  6021  6404  4721
  3436  2648  3898  2899  2184  4390  3469  2022  2965  1389  2748  4715  4162  4339  3175  1745  3931  4166  2682  1688  4141  4574  2929  4909  1649  2508  4102  4364  1581  1195  4225  5801     0  1860  2862  2338  5166  4381  2699  1416  2535
  2222  2410  2684  1685  3599  3178  2256  3650  1751  2620  2542  3502  2949  3679  4400  3145  2718  2952  2598  2918  2929  4130  1961  3752   388  3732  2889  3150   321  2426  3011  4588  1630     0  4089  1124  4010  3169  3924  2648  2625
  3358  4672  3819  2536  1454  3130  4519  1622  2338  1475  1946  2659  4084  4814  1068  1118  3851  4088  1881  2134  4062  5264  2128  4888  4119   799  4024  4285  4051  1839  4146  7234  2840  3731     0  3514  5145  4302   591  2280  1732
  1640  1286  1202  1102  3015  2594  1132  3068  1169  2919  1959  2919   935  1940  3818  2561  1236   939  2014  3578  1189  2390  1379  2014  1099  3150  1150  1136  1031  3282   998  4004  2340   711  3505     0  2271  1429  3341  3358  2041
  3279  1306  1640  2742  4655  3516  1306  4706  2808  4559  3599  3841  1646   828  5456  4201  1672  1651  3654  5216  1221   671  3018   258  3984  4789  1120  1276  3916  4921  1709  4926  5205  3596  5145  2271     0   998  4981  5364  3681
  2438  1394   798  1900  3812  2674  1240  3865  1966  3716  2756  2999   805  1129  4615  3360   831   809  2811  4375   240  1580  2176   740  3141  3948   591  1006  3075  4080   868  4085  4382  2754  4302  1429   998     0  4139  4521  2839
  3192  4508  3655  2371  1290  2692  4355  1459  2172  1311  1782  2222  3919  4649   630   954  3688  3924  1716  1969  3899  5100  1964  4724  3955   634  3860  4121  3888  1674  3981  6798  2676  3568   591  3349  4981  4139     0  2116  1569
  3576  4891  4038  2755  1601  4530  4738  1440  2556   806  2165  3861  4302  5032  2592  1162  4071  4306  2100  1105  4281  5482  2346  5106  2666  1925  4242  4504  2599   612  4365  5941  1416  2878  2280  3355  5364  4521  2116     0  1952
  1894  3209  2355  1072  1244  2848  3055  1295   874  1146   482  2178  2620  3350  2045   790  2388  2624   418  1805  2599  3800   664  3424  2655  1378  2560  2821  2588  1510  2682  4259  2512  2268  1732  2050  3681  2839  1569  1952     0
DRONE_EDGE_WEIGHT_SECTION
     0   818   729   171  1442   403   739  1427   254  1169   615   235   649  1211  1374  1260   688   664   698  1453   855  1477   357  1318   559  1283   806   782   565  1114   719  1533   815   546   912   327  1454   960  1201  1487   710
   818     0   277   817  2049   851    81  2016   856  1715  1289  1053   175   509  2094  1852   323   166  1293  1988   329   781  1015   685   681  1943   214   110   737  1602   142  1373  1144   813  1590   656   823   381  1893  1974  1367
   729   277     0   786  2094   640   267  2068   848  1779  1290   958   211   482  2085  1901    57   190  1325  2060   132   749  1008   599   796  1963    97   168   847  1683   151  1123  1255   907  1597   686   739   236  1897  2063  1378
   171   817   786     0  1325   569   736  1306    86  1034   506   298   661  1258  1299  1137   753   681   563  1319   917  1531   226  1384   416  1182   848   803   412   966   743  1678   646   382   813   209  1524  1021  1112  1344   597
  1442  2049  2094  1325     0  1806  1973    61  1252   349   827  1298  1931  2542   409   197  2069  1955   769   212  2226  2819  1099  2689  1380   215  2141  2072  1325   495  2019  2961   957  1242   541  1412  2831  2328   342   341   732
   403   851   640   569  1806     0   791  1798   654  1556   988   510   684  1081  1683  1634   584   687  1089  1836   727  1312   754  1132   893  1631   736   769   916  1511   714  1155  1213   918  1266   663  1253   818  1535  1879  1084
   739    81   267   736  1973   791     0  1941   775  1642  1209   974   106   576  2014  1777   302   107  1215  1916   349   851   934   745   611  1865   231   124   667  1531   117  1385  1077   741  1511   576   885   418  1813  1904  1288
  1427  2016  2068  1306    61  1798  1941     0  1230   306   813  1292  1902  2512   462   168  2044  1925   745   153  2200  2789  1080  2661  1344   247  2113  2042  1288   446  1990  2952   913  1206   539  1384  2803  2301   372   283   717
   254   856   848    86  1252   654   775  1230     0   954   442   336   709  1314  1244  1062   819   730   486  1239   980  1589   161  1447   378  1115   905   852   363   883   793  1763   562   319   749   211  1588  1084  1050  1261   529
  1169  1715  1779  1034   349  1556  1642   306   954     0   572  1065  1606  2215   609   163  1758  1630   472   285  1910  2491   814  2368  1040   355  1820  1745   984   153  1694  2702   608   903   376  1093  2510  2009   418   329   478
   615  1289  1290   506   827   988  1209   813   442   572     0   493  1149  1756   805   647  1259  1171   150   849  1421  2031   282  1889   693   676  1348  1292   648   554  1235  2140   511   563   307   633  2029  1525   608   899    96
   235  1053   958   298  1298   510   974  1292   336  1065   493     0   884  1439  1182  1130   913   899   614  1340  1080  1701   327  1538   709  1121  1037  1016   699  1039   954  1664   839   653   757   505  1671  1184  1026  1392   587
   649   175   211   661  1931   684   106  1902   709  1606  1149   884     0   611  1953  1736   229    24  1167  1884   324   888   870   763   597  1814   217   143   650  1503    88  1331  1061   717  1454   522   905   412  1757  1880  1232
  1211   509   482  1258  2542  1081   576  2512  1314  2215  1756  1439   611     0  2557  2346   527   588  1778  2490   363   277  1475   194  1187  2424   410   470  1243  2106   524  1078  1652  1317  2062  1132   320   264  2364  2480  1841
  1374  2094  2085  1299   409  1683  2014   462  1244   609   805  1182  1953  2557     0   465  2050  1974   821   614  2215  2831  1083  2682  1474   257  2147  2096  1423   756  2037  2824  1132  1335   509  1438  2821  2320   218   743   730
  1260  1852  1901  1137   197  1634  1777   168  1062   163   647  1130  1736  2346   465     0  1876  1759   577   228  2032  2623   912  2495  1183   209  1946  1876  1128   316  1824  2787   764  1045   385  1217  2636  2134   302   329   551
   688   323    57   753  2069   584   302  2044   819  1758  1259   913   229   527  2050  1876     0   211  1300  2040   167   789   978   632   792  1934   153   216   842  1666   187  1103  1245   897  1566   666   771   272  1865  2047  1349
   664   166   190   681  1955   687   107  1925   730  1630  1171   899    24   588  1974  1759   211     0  1190  1908   300   865   891   739   621  1836   193   122   674  1526    65  1311  1085   741  1476   544   881   388  1778  1904  1254
   698  1293  1325   563   769  1089  1215   745   486   472   150   614  1167  1778   821   577  1300  1190     0   756  1457  2054   342  1921   652   650  1374  1308   601   425  1254  2231   382   514   315   646  2063  1559   609   790   122
  1453  1988  2060  1319   212  1836  1916   153  1239   285   849  1340  1884  2490   614   228  2040  1908   756     0  2191  2766  1098  2647  1309   384  2099  2021  1253   387  1972  2985   858  1175   609  1375  2789  2290   503   129   754
   855   329   132   917  2226   727   349  2200   980  1910  1421  1080   324   363  2215  2032   167   300  1457  2191     0   622  1139   468   919  2095   118   227   971  1813   244  1044  1380  1034  1728   817   608   105  2028  2192  1509
  1477   781   749  1531  2819  1312   851  2789  1589  2491  2031  1701   888   277  2831  2623   789   865  2054  2766   622     0  1750   187  1461  2700   684   747  1517  2382   800  1056  1926  1592  2337  1409   147   517  2639  2755  2116
   357  1015  1008   226  1099   754   934  1080   161   814   282   327   870  1475  1083   912   978   891   342  1098  1139  1750     0  1607   478   957  1066  1013   447   758   954  1890   512   378   589   363  1747  1243   890  1130   371
  1318   685   599  1384  2689  1132   745  2661  1447  2368  1889  1538   763   194  2682  2495   632   739  1921  2647   468   187  1607     0  1354  2562   548   629  1408  2265   675   928  1819  1478  2196  1277   142   363  2496  2642  1976
   559   681   796   416  1380   893   611  1344   378  1040   693   709   597  1187  1474  1183   792   621   652  1309   919  1461   478  1354     0  1294   814   724    56   922   683  1865   466   140   966   235  1495  1009  1261  1293   749
  1283  1943  1963  1182   215  1631  1865   247  1115   355   676  1121  1814  2424   257   209  1934  1836   650   384  2095  2700   957  2562  1294     0  2018  1956  1240   505  1900  2785   913  1154   371  1292  2703  2199   127   508   586
   806   214    97   848  2141   736   231  2113   905  1820  1348  1037   217   410  2147  1946   153   193  1374  2099   118   684  1066   548   814  2018     0   110   867  1718   132  1160  1278   934  1654   729   691   195  1956  2096  1433
   782   110   168   803  2072   769   124  2042   852  1745  1292  1016   143   470  2096  1876   216   122  1308  2021   227   747  1013   629   724  1956   110     0   779  1638    62  1269  1190   850  1596   663   771   295  1899  2014  1374
   565   737   847   412  1325   916   667  1288   363   984   648   699   650  1243  1423  1128   842   674   601  1253   971  1517   447  1408    56  1240   867   779     0   866   737  1909   411    88   916   253  1550  1063  1210  1237   701
  1114  1602  1683   966   495  1511  1531   446   883   153   554  1039  1503  2106   756   316  1666  1526   425   387  1813  2382   758  2265   922   505  1718  1638   866     0  1590  2644   472   790   441  1000  2407  1910   555   381   471
   719   142   151   743  2019   714   117  1990   793  1694  1235   954    88   524  2037  1824   187    65  1254  1972   244   800   954   675   683  1900   132    62   737  1590     0  1271  1147   804  1540   609   817   327  1842  1968  1318
  1533  1373  1123  1678  2961  1155  1385  2952  1763  2702  2140  1664  1331  1078  2824  2787  1103  1311  2231  2985  1044  1056  1890   928  1865  2785  1160  1269  1909  2644  1271     0  2285  1946  2421  1687   911  1010  2686  3019  2236
   815  1144  1255   646   957  1213  1077   913   562   608   511   839  1061  1652  1132   764  1245  1085   382   858  1380  1926   512  1819   466   913  1278  1190   411   472  1147  2285     0   348   661   599  1960  1473   914   831   504
   546   813   907   382  1242   918   741  1206   319   903   563   653   717  1317  1335  1045   897   741   514  1175  1034  1592   378  1478   140  1154   934   850    88   790   804  1946   348     0   828   264  1620  1128  1122  1164   614
   912  1590  1597   813   541  1266  1511   539   749   376   307   757  1454  2062   509   385  1566  1476   315   609  1728  2337   589  2196   966   371  1654  1596   916   441  1540  2421   661   828     0   935  2336  1832   303   690   223
   327   656   686   209  1412   663   576  1384   211  1093   633   505   522  1132  1438  1217   666   544   646  1375   817  1409   363  1277   235  1292   729   663   253  1000   609  1687   599   264   935     0  1419   917  1238  1381   712
  1454   823   739  1524  2831  1253   885  2803  1588  2510  2029  1671   905   320  2821  2636   771   881  2063  2789   608   147  1747   142  1495  2703   691   771  1550  2407   817   911  1960  1620  2336  1419     0   504  2636  2784  2117
   960   381   236  1021  2328   818   418  2301  1084  2009  1525  1184   412   264  2320  2134   272   388  1559  2290   105   517  1243   363  1009  2199   195   295  1063  1910   327  1010  1473  1128  1832   917   504     0  2133  2289  1613
  1201  1893  1897  1112   342  1535  1813   372  1050   418   608  1026  1757  2364   218   302  1865  1778   609   503  2028  2639   890  2496  1261   127  1956  1899  1210   555  1842  2686   914  1122   303  1238  2636  2133     0   622   526
  1487  1974  2063  1344   341  1879  1904   283  1261   329   899  1392  1880  2480   743   329  2047  1904   790   129  2192  2755  1130  2642  1293   508  2096  2014  1237   381  1968  3019   831  1164   690  1381  2784  2289   622     0   806
   710  1367  1378   597   732  1084  1288   717   529   478    96   587  1232  1841   730   551  1349  1254   122   754  1509  2116   371  1976   749   586  1433  1374   701   471  1318  2236   504   614   223   712  2117  1613   526   806     0
DEPOT_SECTION
0
-1
EOF
    