
NAME : WM-41-7
COMMENT : CVS
TYPE : RDVRP-TW
DIMENSION : 41
CAPACITY : 100
EDGE_WEIGHT_TYPE : EXPLICIT
EDGE_WEIGHT_FORMAT : FULL_MATRIX 
NODE_COORD_SECTION
  0 -78.5881280000 35.7825655000
  1 -78.6017762000 35.7910805000
  2 -78.5914349000 35.7727814000
  3 -78.5915257000 35.7858377000
  4 -78.5951654000 35.7696031000
  5 -78.5893775000 35.7710757000
  6 -78.5973580000 35.7710740000
  7 -78.6002869000 35.7711983000
  8 -78.5903400000 35.7770463000
  9 -78.5978152000 35.7863865000
 10 -78.6010462000 35.7701205000
 11 -78.5933537000 35.7873417000
 12 -78.5934202000 35.7792075000
 13 -78.5833755000 35.7722212000
 14 -78.5933928000 35.7712048000
 15 -78.6017446000 35.7932280000
 16 -78.6039416000 35.7918617000
 17 -78.6003932000 35.7709961000
 18 -78.5874326000 35.7760211000
 19 -78.5923863000 35.7707577000
 20 -78.5997508000 35.7790490000
 21 -78.5986717000 35.7929717000
 22 -78.5918161000 35.7704160000
 23 -78.5997859000 35.7932152000
 24 -78.5962737000 35.7726027000
 25 -78.5974394000 35.7893859000
 26 -78.5931683000 35.7710417000
 27 -78.6006291000 35.7952290000
 28 -78.5978864000 35.7897817000
 29 -78.6014483000 35.7886489000
 30 -78.5992831000 35.7696791000
 31 -78.5990399000 35.7833429000
 32 -78.5855078000 35.7694955000
 33 -78.5715316000 35.7870418000
 34 -78.6031439000 35.7807101000
 35 -78.6046302000 35.7950393000
 36 -78.5974786000 35.7918907000
 37 -78.5849082000 35.7887415000
 38 -78.5939993000 35.7698982000
 39 -78.6025034000 35.7741615000
 40 -78.5957329000 35.7878203000
TIME_WINDOW_SECTION
  0      0  36000
  1  29498  32634
  2  25484  27484
  3      0  34245
  4      0  32114
  5  12352  16718
  6      0  31735
  7      0  31602
  8  18871  20871
  9      0  32915
 10      0  31434
 11  24613  27675
 12      0  33700
 13  25698  29838
 14      0  32589
 15      0  31839
 16      0  31899
 17  17469  19469
 18  10177  12177
 19  14739  16739
 20      0  33296
 21      0  32301
 22      0  32368
 23      0  32008
 24  12415  14415
 25  21986  23986
 26      0  32176
 27      0  31672
 28   3191   5929
 29  16204  21328
 30      0  31659
 31  24271  29361
 32  22332  28936
 33      0  29188
 34      0  32846
 35      0  31512
 36  22997  27759
 37      0  33366
 38  19771  25203
 39  13744  17658
 40   1480   7930
DEMAND_SECTION
  0      0
  1     26
  2     22
  3     14
  4     24
  5      7
  6     17
  7     20
  8     11
  9      5
 10     19
 11     11
 12      7
 13      7
 14     17
 15     17
 16      6
 17     24
 18     18
 19      8
 20     20
 21     17
 22     15
 23     28
 24     15
 25     16
 26      7
 27     13
 28     26
 29     25
 30     27
 31     11
 32     15
 33     26
 34     15
 35      7
 36      7
 37     30
 38      7
 39     22
 40     13
SERVICE_TIME_SECTION
  0      0
  1   1000
  2   1000
  3   1000
  4   1000
  5   1000
  6   1000
  7   1000
  8   1000
  9   1000
 10   1000
 11   1000
 12   1000
 13   1000
 14   1000
 15   1000
 16   1000
 17   1000
 18   1000
 19   1000
 20   1000
 21   1000
 22   1000
 23   1000
 24   1000
 25   1000
 26   1000
 27   1000
 28   1000
 29   1000
 30   1000
 31   1000
 32   1000
 33   1000
 34   1000
 35   1000
 36   1000
 37   1000
 38   1000
 39   1000
 40   1000
TRUCK_EDGE_WEIGHT_SECTION
     0  2834  2278  1186  2989  2934  3366  3500  1874  2130  3669  1498  1402  1922  2514  3206  3146  3528  2200  2766  1830  2744  2734  3036  2868  2208  2926  3372  2274  2378  3444  2334  2878  5756  2201  3532  2580  1612  2851  3606  2031
  2789     0  3472  2741  4184  4129  4562  4695  3069  1024  4864  1485  2598  4540  3709   551   490  4722  3395  3961  3026   574  3930   381  4062   696  4121   718   560   429  4639  3529  4882  6945  3396   878   612  2801  4046  4801  1182
  2175  3472     0  2480   826   486  1205  1338   725  2770  1506  2136  1131  1592   351  3845  3785  1365  1051   486  2470  3384   455  3676   705  2846   764  4011  2912  3016  1281  2972  1239  7050  2840  4171  3219  2906   689  1444  2670
   755  2629  2072     0  2784  2730  3162  3295  1670  1926  3465  1292  1199  3145  2310  3001  2941  3324  1996  2562  1626  2540  2530  2832  2664  2004  2721  3169  2070  2172  3240  2130  3482  5630  1998  3328  2376  1486  2646  3402  1828
  2886  4184   826  3191     0  1066  1096  1230  1436  3481  1399  2848  1842  2172   475  4556  4496  1258  1762   470  3181  4095   582  4388   598  3558   369  4722  3624  3728  1174  3684  1819  7761  3552  4882  3930  3618   138  1336  3381
  2832  4129   486  3138  1066     0  1444  1576  1382  3426  1746  2792  1788  1401   591  4501  4441  1605  1709   726  3126  4040   694  4332   945  3504  1002  4669  3570  3672  1521  3630   794  7706  3498  4828  3875  3562   928  1684  3326
  3265  4562  1205  3570  1096  1444     0   762  1815  3859   931  3226  2221  2551   852  4935  4875   790  2141  1135  2834  4472  1245  4765   500  3936  1034  5101  4002  4106   320  4062  2198  8140  2654  5261  4309  3996   959   869  3760
  3398  4695  1338  3702  1230  1576   762     0  1948  3992   169  3359  2354  2684   986  5068  5008    28  2274  1268  2572  4606  1378  4899   632  4069  1168  5234  4135  4239   839  3122  2330  8272  2391  5394  4441  4129  1091   606  3892
  1772  3069   725  2078  1436  1382  1815  1948     0  2366  2116  1732   728  2240   962  3441  3381  1976   326  1214  2066  2980  1182  3272  1315  2444  1374  3609  2510  2612  1892  2570  2135  6648  2438  3768  2816  2502  1299  2054  2268
  2085  1024  2770  2038  3481  3426  3859  3992  2366     0  4161   782  1895  3838  3006  1396  1336  4020  2692  3259  1424   935  3226  1228  3360   399  3419  1564   464   568  3936  1928  4180  6242  1795  1722   770  2099  3342  4099   479
  3566  4864  1506  3871  1399  1746   931   169  2116  4161     0  3528  2522  2852  1155  5236  5176   141  2442  1436  2741  4775  1546  5068   802  4238  1336  5402  4304  4408  1008  3291  2499  8441  2560  5562  4610  4298  1261   775  4061
  1452  1485  2136  1405  2848  2792  3226  3359  1732   782  3528     0  1261  3204  2372  1858  1798  3386  2059  2625  1690  1396  2594  1689  2726   860  2785  2025   926  1029  3302  2192  3546  5610  2060  2184  1232  1465  2710  3465   682
  1300  2598  1131  1605  1842  1788  2221  2354   728  1895  2522  1261     0  2202  1368  2970  2910  2381  1054  1620   809  2509  1589  2801  1721  1972  1780  3138  2038  2141  2298  1311  2541  6175  1180  3296  2344  2031  1705  2460  1795
  2532  4898  1254  3325  1834  1064  2212  2345  2150  4195  2514  3561  2556     0  1360  5270  5210  2374  2476  1494  3895  4809  1462  5101  1712  4272  1771  5436  4338  4441  2289  4399   954  9018  4266  5596  4644  3139  1696  2451  4095
  2411  3709   351  2716   475   591   852   986   962  3006  1155  2372  1368  1698     0  4081  4021  1014  1289   422  2706  3620   391  3912   354  3084   412  4249  3149  3252   930  3210  1344  7286  3078  4408  3455  3142   338  1092  2906
  3161   551  3845  3114  4556  4501  4935  5068  3441  1396  5236  1858  2970  4912  4081     0   561  5095  3768  4334  3399   545  4302   256  4435  1069  4494   338   932   979  5011  3901  5255  7319  3769   471   618  3174  4419  5174  1555
  3101   490  3785  3054  4496  4441  4875  5008  3381  1336  5176  1798  2910  4852  4021   561     0  5035  3708  4274  3339   886  4242   694  4375  1009  4434  1030   872   919  4951  3841  5195  7258  3709   478   925  3114  4359  4590  1495
  3426  4722  1365  3731  1258  1605   790    28  1976  4020   141  3386  2381  2711  1014  5095  5035     0  2302  1295  2600  4634  1405  4926   661  4098  1195  5262  4162  4266   868  3151  2358  8300  2420  5421  4469  4156  1120   634  3920
  2099  3395  1051  2404  1762  1709  2141  2274   326  2692  2442  2059  1054  2566  1289  3768  3708  2302     0  1540  2392  3306  1509  3599  1641  2770  1700  3935  2836  2939  2218  2896  2461  6972  2764  4094  3142  2829  1625  2380  2592
  2664  3961   486  2969   470   726  1135  1268  1214  3259  1436  2625  1620  1832   422  4334  4274  1295  1540     0  2959  3872   114  4165   635  3335   100  4500  3401  3505  1211  3462  1010  7539  3330  4660  3708  3395   332  1374  3159
  1704  3000  2388  2008  3099  3044  3476  3610  1984  1396  3779  1664   734  3459  2624  3372  3312  3638  2310  2876     0  2911  2844  3204  2978  2375  3036  3540  2440  2544  3554  1246  3798  6578  1114  3699  2746  2434  2960  2685  2198
  2699   574  3384  2651  4095  4040  4472  4606  2980   935  4775  1396  2509  4451  3620   545   886  4634  3306  3872  2936     0  3840   376  3974   536  4032   712   730  1126  4550  3440  4794  6856  3308  1272   165  2712  3956  4712  1092
  2632  3930   455  2938   582   694  1245  1378  1182  3226  1546  2594  1589  1801   391  4302  4242  1405  1509   114  2926  3840     0  4134   745  3304   215  4469  3370  3474  1321  3430   895  7508  3298  4629  3676  3364   445  1484  3128
  2992   381  3676  2945  4388  4332  4765  4899  3272  1228  5068  1689  2801  4744  3912   256   694  4926  3599  4165  3230   376  4134     0  4266   900  4325   422   764   810  4842  3732  5086  7149  3600   728   449  3005  4250  5005  1386
  2765  4062   705  3070   598   945   500   632  1315  3360   802  2726  1721  2051   354  4435  4375   661  1641   635  3060  3974   745  4266     0  3438   535  4601  3502  3606   578  3564  1698  7640  2525  4761  3809  3496   460   740  3260
  2162   696  2846  2115  3558  3504  3936  4069  2444   399  4238   860  1972  3915  3084  1069  1009  4098  2770  3335  2400   536  3304   900  3438     0  3495  1235   136   645  4014  2904  4256  6320  2771  1395   372  2176  3420  4175   556
  2824  4121   764  3129   369  1002  1034  1168  1374  3419  1336  2785  1780  2110   412  4494  4434  1195  1700   100  3119  4032   215  4325   535  3495     0  4660  3561  3665  1111  3621  1110  7699  3489  4820  3868  3555   231  1274  3319
  3328   718  4011  3280  4722  4669  5101  5234  3609  1564  5402  2025  3138  5080  4249   338  1030  5262  3935  4500  3565   712  4469   422  4601  1235  4660     0  1099  1146  5179  4069  5421  7485  3936   810   785  3341  4585  5340  1721
  2229   560  2912  2181  3624  3570  4002  4135  2510   464  4304   926  2038  3980  3149   932   872  4164  2836  3401  2466   730  3370   764  3502   136  3561  1099     0   509  4079  2970  4322  6386  2838  1259   531  2242  3486  4241   622
  2332   429  3016  2285  3728  3672  4106  4239  2612   568  4408  1029  2141  4084  3252   979   919  4266  2939  3505  2570  1126  3474   810  3606   645  3665  1146   509     0  4182  3072  4426  6489  2940  1305   929  2345  3590  4345   726
  3341  4639  1281  3646  1174  1521   320   839  1892  3936  1008  3302  2298  2628   930  5011  4951   868  2218  1211  2911  4550  1321  4842   578  4014  1111  5178  4079  4182     0  4140  2274  8216  2731  5338  4385  4072  1036   945  3836
  2285  3582  2969  2590  3680  3626  4059  3130  2566  1979  3299  2246  1316  4041  3206  3955  3895  3158  2892  3458   582  3494  3426  3786  3559  2956  3618  4121  3022  3126  4135     0  4379  7160   952  4281  3329  3016  3542  2524  2780
  3585  4882  1239  3890  1819   794  2198  2330  2135  4180  2499  3546  2541  1292  1344  5255  5195  2358  2461  1010  3880  4794   895  5086  1698  4256  1110  5421  4322  4426  2274  4382     0  9699  4250  5581  4629  3820  1681  2436  4080
  5812  6889  7130  5412  7841  7788  8220  8352  6728  6186  8521  5552  6255  7211  7366  7261  7201  8381  7054  7619  6684  6800  7588  7092  7720  6264  7779  7429  6329  6432  8296  7188  8540     0  7055  7588  6635  5474  7704  8459  6086
  2154  3450  2838  2459  3549  3494  2685  2400  2434  1848  2569  2114  1184  3909  3074  3822  3762  2428  2760  3326   450  3361  3295  3654  2556  2825  3486  3990  2891  2994  2761  1001  4248  7029     0  4149  3198  2884  3411  1794  2649
  3488   878  4171  3440  4882  4828  5261  5394  3768  1722  5562  2184  3296  5239  4408   471   478  5421  4094  4660  3725  1272  4629   728  4761  1395  4820   810  1259  1305  5338  4228  5581  7645  4095     0  1311  3500  4745  4976  1881
  2535   612  3219  2488  3930  3875  4309  4441  2816   770  4610  1232  2344  4286  3455   618   925  4469  3142  3708  2772   165  3676   449  3809   372  3868   785   531   929  4385  3276  4629  6692  3144  1311     0  2549  3792  4548   929
  1634  2806  2951  1234  3662  3609  4041  4174  2549  2102  4342  1470  2076  3032  3188  3179  3119  4202  2875  3440  2505  2716  3409  3010  3541  2180  3600  3345  2246  2350  4118  3009  4361  4996  2876  3505  2552     0  3525  4280  2004
  2749  4046   689  3054   138   928   959  1091  1299  3342  1261  2710  1705  2035   338  4419  4359  1120  1625   332  3044  3956   445  4250   460  3420   231  4585  3486  3590  1036  3546  1681  7624  3414  4745  3792  3480     0  1198  3244
  3526  4324  1466  3831  1359  1706   891   606  2076  4121   775  3488  2482  2812  1115  5038  4566   634  2402  1396  1966  4735  1506  5028   762  4198  1296  5362  4264  4368   968  2516  2459  8401  1785  4952  4570  4258  1221     0  4021
  1986  1182  2670  1939  3381  3326  3760  3892  2268   479  4061   682  1795  3738  2906  1555  1495  3920  2592  3159  2224  1092  3128  1386  3260   556  3319  1721   622   726  3836  2726  4080  6144  2595  1881   929  2000  3244  3999     0
DRONE_EDGE_WEIGHT_SECTION
     0  1076  1096   386  1468  1280  1327  1348   620   560  1471   567   424  1166  1281  1290  1191  1371   729  1325   589  1223  1360  1262  1152   835  1297  1484   882   841  1497   420  1458   797   604  1517  1095   698  1428  1085   651
  1076     0  2074   697  2404  2276  2233  2214  1620   543  2333   520  1358  2212  2235   239   118  2236  1761  2290  1341   239  2331   249  2067   247  2254   464   204   271  2384   867  2481  1207  1156   453   182   676  2376  1884   426
  1096  2074     0  1453   382   206   298   386   477  1534   477  1622   719   319   191  2309  2176   401   392   228   767  2264   264  2296   189  1862   205  2523  1908  1807   461  1211   432  1758   990  2527  2139  1794   336   455  1682
   386   697  1453     0  1813  1645  1658  1664   980   243  1787   181   742  1547  1630   905   813  1686  1104  1679   817   837  1717   876  1484   452  1648  1098   499   484  1823   396  1834   758   719  1133   709   406  1777  1365   271
  1468  2404   382  1813     0   279   185   267   849  1871   237  1976  1071   544   191  2642  2500   256   775   168  1066  2605   159  2634   337  2204   178  2860  2249  2134   161  1537   378  2140  1274  2854  2483  2166    56   582  2028
  1280  2276   206  1645   279     0   311   425   666  1734   467  1817   918   266   157  2510  2379   429   556   122   973  2463   120  2496   317  2061   148  2722  2107  2009   416  1415   232  1903  1196  2729  2337  1974   223   614  1880
  1327  2233   298  1658   185   311     0   115   718  1705   179  1817   918   558   155  2472  2327   118   671   197   893  2438   228  2466   175  2038   163  2692  2083  1963   172  1367   495  2031  1095  2682  2317  2023   185   397  1865
  1348  2214   386  1664   267   425   115     0   756  1693   124  1816   930   667   268  2453  2304    23   732   312   874  2425   341  2451   221  2027   278  2675  2071  1943   174  1353   607  2076  1064  2659  2306  2038   285   341  1858
   620  1620   477   980   849   666   718   756     0  1077   875  1152   268   600   661  1851  1726   777   160   704   423  1800   740  1834   545  1399   677  2060  1446  1358   890   775   861  1320   636  2073  1674  1318   808   567  1216
   560   543  1534   243  1871  1734  1705  1693  1077     0  1815   197   816  1670  1698   775   650  1716  1219  1752   820   734  1792   764  1535   334  1717   990   378   286  1861   342  1938   983   663   995   613   547  1841  1372   177
  1471  2333   477  1787   237   467   179   124   875  1815     0  1939  1053   726   322  2572  2423   101   842   345   995  2545   362  2571   333  2149   324  2795  2192  2063    85  1474   611  2194  1182  2777  2427  2162   276   453  1981
   567   520  1622   181  1976  1817  1817  1816  1152   197  1939     0   905  1725  1796   725   638  1839  1280  1846   954   657  1885   696  1644   273  1814   918   319   334  1979   493  2009   813   825   952   529   350  1942  1508   103
   424  1358   719   742  1071   918   918   930   268   816  1053   905     0   868   891  1591  1463   953   422   941   242  1545   981  1577   743  1143   909  1804  1189  1093  1085   507  1123  1200   406  1811  1420  1108  1037   661   963
  1166  2212   319  1547   544   266   558   667   600  1670   726  1725   868     0   405  2439  2320   675   451   386   987  2381   385  2417   502  1984   403  2642  2031  1953   681  1375   315  1710  1212  2663  2253  1840   488   771  1799
  1281  2235   191  1630   191   157   155   268   661  1698   322  1796   891   405     0  2472  2334   273   584    63   907  2431   107  2462   192  2030    20  2688  2075  1966   286  1368   362  1950  1122  2687  2308  1979   147   483  1852
  1290   239  2309   905  2642  2510  2472  2453  1851   775  2572   725  1591  2439  2472     0   172  2475  1989  2526  1580   116  2567    72  2305   456  2491   226   409   510  2623  1105  2712  1311  1394   227   216   796  2613  2123   642
  1191   118  2176   813  2500  2379  2327  2304  1726   650  2423   638  1463  2320  2334   172     0  2327  1869  2390  1435   229  2431   214  2163   365  2353   394   322   369  2476   966  2586  1314  1242   355   238   784  2474  1971   543
  1371  2236   401  1686   256   429   118    23   777  1716   101  1839   953   675   273  2475  2327     0   751   313   897  2447   340  2473   240  2050   281  2698  2093  1965   153  1375   604  2097  1086  2681  2329  2061   278   362  1881
   729  1761   392  1104   775   556   671   732   160  1219   842  1280   422   451   584  1989  1869   751     0   616   579  1933   647  1969   511  1535   597  2194  1582  1502   842   927   730  1366   795  2213  1806  1419   727   616  1350
  1325  2290   228  1679   168   122   197   312   704  1752   345  1846   941   386    63  2526  2390   313   616     0   966  2484    44  2515   255  2082    44  2742  2128  2021   295  1424   303  1979  1183  2742  2360  2022   115   545  1904
   589  1341   767   817  1066   973   893   874   423   820   995   954   242   987   907  1580  1435   897   579   966     0  1550  1008  1577   730  1154   927  1801  1197  1071  1043   479  1197  1386   225  1789  1432  1215  1043   554   988
  1223   239  2264   837  2605  2463  2438  2425  1800   734  2545   657  1545  2381  2431   116   229  2447  1933  2484  1550     0  2524    49  2269   402  2450   261   356   492  2593  1072  2660  1200  1375   317   128   692  2575  2099   584
  1360  2331   264  1717   159   120   228   341   740  1792   362  1885   981   385   107  2567  2431   340   647    44  1008  2524     0  2556   299  2122    87  2782  2168  2062   303  1465   267  2006  1226  2783  2400  2057   103   588  1943
  1262   249  2296   876  2634  2496  2466  2451  1834   764  2571   696  1577  2417  2462    72   214  2473  1969  2515  1577    49  2556     0  2298   435  2481   226   389   512  2620  1099  2695  1249  1398   269   170   741  2605  2123   619
  1152  2067   189  1484   337   317   175   221   545  1535   333  1644   743   502   192  2305  2163   240   511   255   730  2269   299  2298     0  1869   212  2524  1913  1797   346  1200   543  1862   940  2517  2148  1847   314   297  1694
   835   247  1862   452  2204  2061  2038  2027  1399   334  2149   273  1143  1984  2030   456   365  2050  1535  2082  1154   402  2122   435  1869     0  2048   661    47   170  2195   675  2260   997   989   682   279   470  2173  1706   185
  1297  2254   205  1648   178   148   163   278   677  1717   324  1814   909   403    20  2491  2353   281   597    44   927  2450    87  2481   212  2048     0  2707  2094  1985   283  1388   345  1962  1142  2706  2327  1995   131   502  1870
  1484   464  2523  1098  2860  2722  2692  2675  2060   990  2795   918  1804  2642  2688   226   394  2698  2194  2742  1801   261  2782   226  2524   661  2707     0   615   733  2845  1324  2921  1407  1619   147   389   925  2831  2346   844
   882   204  1908   499  2249  2107  2083  2071  1446   378  2192   319  1189  2031  2075   409   322  2093  1582  2128  1197   356  2168   389  1913    47  2094   615     0   182  2238   718  2307  1025  1029   635   235   494  2218  1748   232
   841   271  1807   484  2134  2009  1963  1943  1358   286  2063   334  1093  1953  1966   510   369  1965  1502  2021  1071   492  2062   512  1797   170  1985   733   182     0  2113   597  2217  1126   886   721   389   613  2106  1613   231
  1497  2384   461  1823   161   416   172   174   890  1861    85  1979  1085   681   286  2623  2476   153   842   295  1043  2593   303  2620   346  2195   283  2845  2238  2113     0  1521   539  2204  1237  2830  2473  2191   208   514  2024
   420   867  1211   396  1537  1415  1367  1353   775   342  1474   493   507  1375  1368  1105   966  1375   927  1424   479  1072  1465  1099  1200   675  1388  1324   718   597  1521     0  1627  1109   332  1318   953   800  1509  1031   514
  1458  2481   432  1834   378   232   495   607   861  1938   611  2009  1123   315   362  2712  2586   604   730   303  1197  2660   267  2695   543  2260   345  2921  2307  2217   539  1627     0  2025  1421  2934  2534  2143   335   840  2077
   797  1207  1758   758  2140  1903  2031  2076  1320   983  2194   813  1200  1710  1950  1311  1314  2097  1366  1979  1386  1200  2006  1249  1862   997  1962  1407  1025  1126  2204  1109  2025     0  1382  1510  1101   532  2092  1853   905
   604  1156   990   719  1274  1196  1095  1064   636   663  1182   825   406  1212  1122  1394  1242  1086   795  1183   225  1375  1226  1398   940   989  1142  1619  1029   886  1237   332  1421  1382     0  1596  1262  1126  1254   729   839
  1517   453  2527  1133  2854  2729  2682  2659  2073   995  2777   952  1811  2663  2687   227   355  2681  2213  2742  1789   317  2783   269  2517   682  2706   147   635   721  2830  1318  2934  1510  1596     0   437  1008  2827  2325   868
  1095   182  2139   709  2483  2337  2317  2306  1674   613  2427   529  1420  2253  2308   216   238  2329  1806  2360  1432   128  2400   170  2148   279  2327   389   235   389  2473   953  2534  1101  1262   437     0   582  2452  1983   458
   698   676  1794   406  2166  1974  2023  2038  1318   547  2162   350  1108  1840  1979   796   784  2061  1419  2022  1215   692  2057   741  1847   470  1995   925   494   613  2191   800  2143   532  1126  1008   582     0  2126  1754   415
  1428  2376   336  1777    56   223   185   285   808  1841   276  1942  1037   488   147  2613  2474   278   727   115  1043  2575   103  2605   314  2173   131  2831  2218  2106   208  1509   335  2092  1254  2827  2452  2126     0   578  1996
  1085  1884   455  1365   582   614   397   341   567  1372   453  1508   661   771   483  2123  1971   362   616   545   554  2099   588  2123   297  1706   502  2346  1748  1613   514  1031   840  1853   729  2325  1983  1754   578     0  1542
   651   426  1682   271  2028  1880  1865  1858  1216   177  1981   103   963  1799  1852   642   543  1881  1350  1904   988   584  1943   619  1694   185  1870   844   232   231  2024   514  2077   905   839   868   458   415  1996  1542     0
DEPOT_SECTION
0
-1
EOF
    