
NAME : WM-41-10
COMMENT : CVS
TYPE : RDVRP-TW
DIMENSION : 41
CAPACITY : 100
EDGE_WEIGHT_TYPE : EXPLICIT
EDGE_WEIGHT_FORMAT : FULL_MATRIX 
NODE_COORD_SECTION
  0 -78.5881280000 35.7825655000
  1 -78.5973208000 35.7864826000
  2 -78.6041102000 35.7697567000
  3 -78.6013871000 35.7929098000
  4 -78.5856552000 35.7843831000
  5 -78.6008937000 35.7949184000
  6 -78.6001397000 35.7841565000
  7 -78.5985173000 35.7818811000
  8 -78.5803765000 35.7853832000
  9 -78.5756116000 35.7944240000
 10 -78.5988469000 35.7940095000
 11 -78.5876148000 35.7736408000
 12 -78.5984081000 35.7697821000
 13 -78.5810158000 35.7735559000
 14 -78.5746224000 35.7958584000
 15 -78.6009268000 35.7836707000
 16 -78.5921870000 35.7711317000
 17 -78.5821497000 35.7869386000
 18 -78.5822727000 35.7891767000
 19 -78.5896390000 35.7694314000
 20 -78.6025997000 35.7923480000
 21 -78.5992385000 35.7887680000
 22 -78.5875841000 35.7950645000
 23 -78.6013911000 35.7897406000
 24 -78.6033243000 35.7932869000
 25 -78.6034768000 35.7924152000
 26 -78.5930824000 35.7864243000
 27 -78.5988210000 35.7871527000
 28 -78.6000871000 35.7917027000
 29 -78.5923786000 35.7715320000
 30 -78.5816724000 35.7876421000
 31 -78.6021811000 35.7894563000
 32 -78.6032296000 35.7807037000
 33 -78.5929549000 35.7872495000
 34 -78.5974741000 35.7820801000
 35 -78.6006339000 35.7921413000
 36 -78.5903718000 35.7694345000
 37 -78.5978152000 35.7863865000
 38 -78.5925919000 35.7789496000
 39 -78.5719316000 35.7701561000
 40 -78.6005684000 35.7930708000
TIME_WINDOW_SECTION
  0      0  36000
  1   3322   5322
  2   9610  11610
  3  23464  26468
  4  11298  13304
  5      0  31735
  6   5143   7143
  7  14000  17134
  8  17514  19514
  9      0  31184
 10  24500  27086
 11      0  31851
 12  12154  14154
 13  18064  20064
 14  19149  21149
 15      0  32712
 16   3434   7974
 17      0  33066
 18  30723  34129
 19      0  31999
 20  13652  16584
 21   3146   5146
 22  31467  33467
 23      0  32551
 24  21917  23947
 25      0  32012
 26   3543   5543
 27      0  32878
 28  17755  20053
 29      0  32541
 30  22681  25187
 31      0  32455
 32  20310  22310
 33      0  33541
 34      0  32716
 35  18143  20143
 36      0  32081
 37  24863  29197
 38  23507  25507
 39   5160  11470
 40  25954  27954
DEMAND_SECTION
  0      0
  1     15
  2     26
  3     18
  4     29
  5     25
  6      9
  7     30
  8     24
  9     21
 10     25
 11     30
 12     11
 13     30
 14     26
 15     10
 16     24
 17     19
 18     20
 19     29
 20      6
 21      7
 22     26
 23     15
 24     24
 25     20
 26     20
 27     24
 28     19
 29     14
 30     24
 31      7
 32     11
 33     14
 34     17
 35     26
 36      9
 37     27
 38     30
 39     22
 40      8
SERVICE_TIME_SECTION
  0      0
  1   1000
  2   1000
  3   1000
  4   1000
  5   1000
  6   1000
  7   1000
  8   1000
  9   1000
 10   1000
 11   1000
 12   1000
 13   1000
 14   1000
 15   1000
 16   1000
 17   1000
 18   1000
 19   1000
 20   1000
 21   1000
 22   1000
 23   1000
 24   1000
 25   1000
 26   1000
 27   1000
 28   1000
 29   1000
 30   1000
 31   1000
 32   1000
 33   1000
 34   1000
 35   1000
 36   1000
 37   1000
 38   1000
 39   1000
 40   1000
TRUCK_EDGE_WEIGHT_SECTION
     0  1909  4601  2949   390  3310  2371  2185  1655  3539  3189  2714  3411  1970  3399  2336  2621  1472  1868  3104  3059  2202  2460  2494  3305  3032  1391  2168  2709  2561  1985  2590  2202  1504  2332  2850  3021  2130  1439  4694  3026
  1846     0  4140  1444  2499  1805  1986  1799  2900  4330  1684  3504  3665  4189  4190  1950  2874  2718  2659  3356  1555   698  3251   989  1801  1528  1042   389  1204  2815  2775  1085  1818  1094  1948  1345  3274   340  1691  6452  1521
  4422  4138     0  5712  4816  6074  3308  3121  5650  7080  5952  2988  1352  4035  6940  3272  2358  5468  5409  2804  5471  5089  6001  4910  5358  5220  4279  5054  5699  2298  5525  4740  2540  4390  3269  5614  2720  4116  3282  5936  5790
  2904  1444  5736     0  3012   526  3681  3495  3414  4842   404  4561  4721  4702  4704  3646  3931  3231  3172  4414   111   744  3765   775   225   492  1556  1176   394  3871  3289   509  3512  1608  3644    99  4331  1139  2749  7510   242
   644  2501  4935  3015     0  3376  2705  2518  1670  3244  3255  2728  3744  1984  3105  2669  2954  1488  1574  3436  3126  2269  2166  2560  3372  3099  1459  2234  2775  2894  1690  2656  2535  1570  2666  2916  3354  2198  1771  4708  3092
  3265  1805  6098   526  3374     0  4044  3856  3775  5205   511  4922  5084  5064  5065  4008  4292  3592  3534  4775   636  1106  4126  1136   749   854  1919  1538   604  4234  3650   870  3874  1969  4005   462  4692  1501  3110  7871   284
  2322  2038  3315  3735  2716  4096     0   522  3550  4980  3975  3980  4140  4125  4840    86  3350  3368  3309  3832  3846  2989  3901  3280  4092  3819  2179  2954  3495  3290  3425  3376   991  2290   671  3636  3750  2016  2168  6929  3812
  2136  1851  3129  3549  2530  3910   522     0  3364  4792  3788  3794  3954  3939  4652   488  3164  3181  3121  3646  3659  2802  3715  3092  3905  3632  1991  2768  3309  3104  3239  3190   805  2104   148  3449  3564  1830  1981  6742  3626
  2116  2890  5759  3404  1658  3765  3529  3341     0  3632  3644  3131  4568  2386  3492  3492  3778   419   755  3754  3515  2658  2555  2949  3761  3488  1848  2622  3164  3718   771  3045  3359  1959  3490  3305  4178  2585  2595  5110  3481
  3816  4495  7459  5009  3572  5370  5229  5042  3974     0  5249  6109  6269  5262   348  5194  5479  3791  3732  5961  5120  4262  2841  4554  5366  5092  3451  4228  4769  5419  3850  4650  5060  3564  5190  4910  5879  4190  4296  7635  5086
  3144  1684  5976   404  3251   511  3921  3735  3654  5082     0  4801  4961  4942  4942  3886  4171  3471  3411  4654   515   984  4005  1015   629   732  1796  1416   481  4111  3529   749  3752  1848  3882   341  4571  1379  2989  7750   228
  3149  3521  2996  4561  2811  4922  3984  3798  3195  7318  4801     0  1805  1388  7179  3949   898  3012  3911   964  4672  3815  4728  4106  4919  4645  3005  3780  4322   838  4029  4202  3815  3116  3946  4462  1126  3744  1940  3289  4639
  3309  3681  1352  4721  3702  5084  4145  3958  4536  5966  4961  1805     0  2852  5826  4109  1175  4354  4295  1621  4832  3976  4888  4266  5079  4805  3165  3941  4482  1116  4412  4362  2699  3278  4106  4622  1539  3904  2100  4754  4800
  2208  4174  4000  4688  1969  5049  4114  3928  2351  4918  4928  1344  2810     0  4778  4079  1901  2169  3069  1968  4799  3941  3839  4232  5045  4771  3131  3906  4448  1842  3186  4329  3945  3242  4076  4589  2131  3870  2070  3322  4765
  3770  4449  7412  4962  3526  5324  5182  4996  3928   348  5201  6062  6222  5216     0  5148  5431  3745  3686  5915  5072  4216  2795  4508  5319  5046  3405  4181  4722  5372  3804  4604  5014  3518  5144  4862  5831  4144  4250  7589  5040
  2288  2002  3280  3700  2681  4061    86   488  3515  4944  3939  3945  4105  4090  4804     0  3315  3332  3272  3798  3810  2954  3865  3244  4056  3784  2142  2919  3460  3255  3390  3341   956  2255   635  3600  3715  1981  2132  6894  3778
  2519  2891  2366  3931  2912  4292  3354  3168  3746  5176  4171   898  1175  1945  5036  3319     0  3564  3505   482  4042  3185  4098  3476  4289  4015  2375  3150  3691    60  3622  3572  3185  2486  3315  3832   400  3114  1310  3846  4009
  1934  2708  5576  3221  1475  3582  3346  3159   419  3450  3461  2949  4385  2204  3311  3310  3595     0  1036  3571  3332  2475  2372  2766  3579  3305  1665  2440  2981  3535  1052  2862  3176  1776  3308  3122  3995  2404  2412  4928  3299
  1889  2662  5531  3176  1645  3538  3301  3114   755  3034  3416  4180  4340  3004  2894  3265  3550  1036     0  4032  3288  2430  1955  2721  3534  3260  1620  2395  2936  3490   422  2818  3131  1731  3262  3078  3950  2358  2368  7116  3254
  3001  3374  2811  4414  3395  4775  3836  3650  3818  5659  4654   964  1621  2010  5519  3801   482  3635  3988     0  4525  3668  4580  3959  4771  4498  2858  3632  4175   542  4105  4055  3668  2969  3799  4315    82  3596  1792  3911  4491
  3015  1555  5495   111  3122   636  3792  3606  3525  4954   515  4672  4832  4812  4814  3758  4042  3342  3282  4525     0   855  3875   886   114   386  1668  1288   505  3982  3400   620  3624  1719  3754   210  4442  1250  2860  7621   352
  2158   698  5166   744  2266  1106  2936  2749  2668  4098   984  3815  3976  3956  3958  2900  3185  2485  2426  3668   855     0  3019   444  1101   829   811   430   505  3126  2542   540  2766   861  2898   645  3585   394  2002  6764   822
  2415  3094  6058  3608  2171  3969  3828  3641  2572  2574  3848  4708  4868  3861  2434  3792  4078  2390  2331  4560  3718  2861     0  3152  3964  3691  2050  2826  3368  4018  2449  3249  3659  2162  3789  3509  4476  2789  2895  6656  3685
  2449   989  5456   775  2556  1136  3226  3040  2959  4388  1015  4106  4266  4248  4248  3191  3476  2776  2718  3959   886   444  3310     0  1132   859  1101   721   949  3416  2834   266  3058  1152  3188   676  3876   684  2294  7055   852
  3261  1801  5381   225  3369   749  4039  3852  3771  5200   629  4919  5079  5059  5060  4004  4289  3589  3529  4771   114  1101  4121  1132     0   274  1914  1534   751  4229  3646   866  3870  1965  4000   324  4689  1496  3106  7868   466
  2988  1528  5244   492  3096   854  3766  3579  3498  4928   732  4645  4805  4786  4788  3730  4015  3315  3256  4498   386   829  3849   859   274     0  1640  1260   479  3955  3372   592  3596  1691  3728   394  4415  1222  2832  7594   570
  1348  1042  4355  1556  1455  1919  2125  1939  1858  3286  1796  3005  3165  3145  3146  2090  2375  1675  1615  2858  1668   811  2208  1101  1914  1640     0   776  1318  2315  1732  1198  1956   112  2086  1458  2775   739  1192  5954  1635
  2122   389  5131  1176  2231  1538  2901  2714  2632  4062  1416  3780  3941  3921  3922  2865  3150  2450  2391  3632  1288   430  2984   721  1534  1260   776     0   936  3090  2508   818  2731   826  2862  1078  3550   118  1968  6729  1254
  2664  1204  5672   394  2772   604  3442  3256  3174  4604   481  4322  4482  4462  4464  3406  3691  2991  2932  4175   505   505  3525   949   751   479  1318   936     0  3632  3050   495  3274  1368  3404   295  4091   900  2510  7270   320
  2459  2831  2306  3871  2852  4234  3295  3108  3686  5116  4111   838  1116  1885  4976  3259    60  3504  3445   542  3982  3126  4038  3416  4229  3955  2315  3090  3632     0  3562  3512  3125  2426  3256  3772   460  3054  1250  3786  3950
  2005  2780  5648  3294  1761  3655  3418  3231   772  3151  3532  4298  4458  3020  3011  3382  3668  1054   422  4150  3404  2548  2072  2838  3650  3378  1736  2512  3054  3608     0  2935  3249  1849  3379  3194  4068  2475  2485  7234  3371
  2545  1085  4759   509  2654   870  3322  3136  3055  4484   749  4202  4362  4344  4345  3288  3572  2872  2814  4055   620   540  3406   266   866   592  1198   818   495  3512  2930     0  3154  1249  3285   410  3972   780  2390  7151   586
  2154  1870  2549  3566  2548  3928  1039   852  3381  4811  3806  3812  2730  3956  4671  1004  3181  3199  3140  3665  3678  2820  3732  3111  3924  3650  2010  2785  3328  3122  3258  3208     0  2121  1001  3468  3581  1848  2000  6760  3644
  1459  1094  4468  1608  1568  1969  2238  2050  1969  3399  1848  3116  3278  3258  3259  2201  2486  1786  1728  2969  1719   861  2320  1152  1965  1691   112   826  1368  2426  1844  1249  2068     0  2199  1509  2886   789  1304  6065  1685
  2284  1999  3276  3696  2678  4058   671   148  3511  4941  3936  3941  4102  4086  4801   635  3311  3329  3270  3794  3808  2950  3862  3241  4054  3780  2140  2915  3456  3252  3388  3338   952  2251     0  3598  3711  1978  2129  6890  3774
  2805  1345  5638    99  2912   462  3582  3396  3315  4744   341  4462  4622  4604  4604  3548  3832  3132  3072  4315   210   645  3666   676   324   394  1458  1078   295  3772  3190   410  3414  1509  3544     0  4232  1040  2650  7411   179
  2919  3291  2729  4331  3312  4692  3754  3568  4146  5576  4571  1126  1539  2174  5436  3719   400  3964  3905    82  4442  3585  4498  3876  4689  4415  2775  3550  4091   460  4021  3972  3585  2886  3715  4232     0  3512  1710  4075  4409
  2085   340  5094  1139  2194  1501  1965  1778  2595  4025  1379  3744  3904  3884  3885  1929  3114  2412  2354  3596  1250   394  2946   684  1496  1222   739   118   900  3054  2471   780  1795   789  1926  1040  3512     0  1931  6692  1218
  1336  1709  3291  2749  1730  3110  2171  1985  2564  3994  2989  1940  2100  2085  3854  2136  1310  2381  2322  1792  2860  2002  2915  2294  3106  2832  1192  1968  2510  1250  2440  2390  2002  1304  2134  2650  1710  1931     0  4889  2826
  4920  6425  5899  7465  4681  7826  6888  6701  5064  6554  7704  3242  4709  3256  6414  6852  3801  4881  5781  3866  7575  6719  6992  7009  7821  7549  5908  6684  7225  3741  5898  7106  6719  6020  6849  7365  4030  6646  4844     0  7542
  2981  1521  5814   242  3090   284  3760  3572  3491  4921   228  4639  4800  4780  4781  3724  4009  3309  3250  4491   352   822  3842   852   466   570  1635  1254   320  3950  3368   586  3590  1685  3721   179  4409  1218  2826  7588     0
DRONE_EDGE_WEIGHT_SECTION
     0   556  1552  1253   223  1454   486   400   428  1399  1335   994  1477  1039  1562   498  1282   536   768  1463  1215   806  1391   940  1320  1236   468   649  1110  1239   615   930   608   552   357  1163  1464   560   437  1515  1258
   556     0  1880   731   495   948   280   514   645  1193   840  1476  1860  1567  1337   341  1720   568   635  1921   682   264  1021   393   789   699   158    93   590  1675   597   377   681   184   490   642  1916    21   857  2060   743
  1552  1880     0  2579  1775  2804  1610  1367  1962  2949  2707   773   223   992  3111  1554   489  2088  2316   567  2515  2124  2885  2227  2619  2522  1903  1947  2448   498  2167  2194  1219  1993  1395  2495   538  1867  1116  1257  2599
  1253   731  2579     0  1114   224   975  1232  1143   957   154  2207  2577  2287  1030  1029  2449   973   818  2651    77   468   558   353    82    94   785   648   143  2404   935   386  1360   703  1214    90  2646   738  1588  2767    35
   223   495  1775  1114     0  1301   544   559   227  1178  1178  1198  1697  1218  1341   579  1496   313   548  1671  1087   704  1191   836  1188  1112   359   581   975  1453   392   836   779   420   514  1027  1674   507   659  1669  1114
  1454   948  2804   224  1301     0  1198  1454  1304   923   126  2420  2800  2492   961  1252  2668  1125   936  2869   293   687   485   577   202   294   988   868   359  2623  1075   610  1585   902  1435   309  2864   957  1804  2965   206
   486   280  1610   975   544  1198     0   261   753  1460  1098  1264  1601  1387  1608    62  1481   741   870  1688   916   514  1300   623  1023   928   365   337   840  1436   792   595   402   437   252   889  1681   263   646  1896   992
   400   514  1367  1232   559  1454   261     0   786  1635  1350  1008  1347  1143  1790   219  1221   833  1014  1427  1175   767  1523   881  1282  1187   545   587  1095  1176   900   854   221   633    45  1145  1420   502   396  1657  1248
   428   645  1962  1143   227  1304   753   786     0  1022  1178  1336  1869  1317  1185   794  1649   185   428  1811  1131   797  1110   920  1223  1160   489   716  1015  1608   256   930  1006   513   741  1063  1816   661   852  1725  1136
  1399  1193  2949   957  1178   923  1460  1635  1022     0   849  2357  2875  2332   164  1521  2667   867   633  2832  1014  1073   442  1081  1021  1044  1099  1178   946  2625   787  1122  1841  1023  1596   950  2837  1213  1835  2705   925
  1335   840  2707   154  1178   126  1098  1350  1178   849     0  2306  2697  2373   906  1153  2559  1000   813  2758   230   584   427   484   182   245   871   763   261  2514   950   521  1490   783  1329   218  2754   849  1693  2843   122
   994  1476   773  2207  1198  2420  1264  1008  1336  2357  2306     0   600   255  2521  1226   331  1495  1741   475  2158  1740  2385  1866  2265  2174  1438  1563  2065   299  1575  1845   988  1528  1012  2117   480  1471   621   722  2217
  1477  1860   223  2577  1697  2800  1601  1347  1869  2875  2697   600     0   796  3038  1549   285  2008  2244   345  2517  2114  2844  2225  2623  2527  1864  1934  2441   305  2088  2195  1230  1956  1369  2490   316  1848  1045  1035  2594
  1039  1567   992  2287  1218  2492  1387  1143  1317  2332  2373   255   796     0  2494  1358   511  1490  1740   569  2244  1829  2407  1959  2351  2263  1504  1658  2144   495  1568  1943  1165  1590  1138  2197   586  1564   747   517  2294
  1562  1337  3111  1030  1341   961  1608  1790  1185   164   906  2521  3038  2494     0  1669  2831  1031   795  2996  1094  1200   480  1194  1085  1121  1251  1316  1039  2789   951  1236  1993  1172  1752  1036  3001  1357  1997  2863   996
   498   341  1554  1029   579  1252    62   219   794  1521  1153  1226  1549  1358  1669     0  1435   792   928  1643   968   571  1361   676  1074   978   425   396   895  1390   845   646   342   498   220   943  1636   324   613  1870  1046
  1282  1720   489  2449  1496  2668  1481  1221  1649  2667  2559   331   285   511  2831  1435     0  1801  2044   214  2394  1981  2670  2101  2502  2407  1703  1801  2309    45  1881  2075  1147  1794  1235  2360   202  1712   870   797  2463
   536   568  2088   973   313  1125   741   833   185   867  1000  1495  2008  1490  1031   792  1801     0   249  1970   967   667   926   779  1054   997   412   622   850  1759    80   795  1053   404   789   896  1974   587   972  1908   964
   768   635  2316   818   548   936   870  1014   428   633   813  1741  2244  1740   795   928  2044   249     0  2216   828   630   684   710   900   861   505   655   715  2001   172   738  1227   451   973   753  2219   656  1203  2154   801
  1463  1921   567  2651  1671  2869  1688  1427  1811  2832  2758   475   345   569  2996  1643   214  1970  2216     0  2598  2183  2854  2304  2706  2612  1896  2004  2511   257  2050  2280  1360  1987  1440  2562    29  1913  1066   696  2664
  1215   682  2515    77  1087   293   916  1175  1131  1014   230  2158  2517  2244  1094   968  2394   967   828  2598     0   417   627   294   108    33   748   595   117  2349   934   322  1296   670  1159    76  2592   687  1538  2729   110
   806   264  2124   468   704   687   514   767   797  1073   584  1740  2114  1829  1200   571  1981   667   630  2183   417     0   821   134   525   435   347   180   328  1936   664   133   910   288   747   379  2178   270  1121  2318   481
  1391  1021  2885   558  1191   485  1300  1523  1110   442   427  2385  2844  2407   480  1361  2670   926   684  2854   627   821     0   780   608   651   983   973   591  2626   854   823  1701   892  1491   578  2855  1037  1804  2835   524
   940   393  2227   353   836   577   623   881   920  1081   484  1866  2225  1959  1194   676  2101   779   710  2304   294   134   780     0   401   307   481   303   224  2056   768    43  1008   418   865   269  2299   396  1246  2450   372
  1320   789  2619    82  1188   202  1023  1282  1223  1021   182  2265  2623  2351  1085  1074  2502  1054   900  2706   108   525   608   401     0    97   853   703   213  2457  1016   428  1401   773  1266   161  2700   795  1646  2835   104
  1236   699  2522    94  1112   294   928  1187  1160  1044   245  2174  2527  2263  1121   978  2407   997   861  2612    33   435   651   307    97     0   770   611   148  2362   965   333  1304   694  1172   109  2606   703  1553  2750   129
   468   158  1903   785   359   988   365   545   489  1099   871  1438  1864  1504  1251   425  1703   412   505  1896   748   347   983   481   853   770     0   229   642  1658   446   478   742    92   511   695  1894   177   832  1983   790
   649    93  1947   648   581   868   337   587   716  1178   763  1563  1934  1658  1316   396  1801   622   655  2004   595   180   973   303   703   611   229     0   509  1756   641   285   737   219   567   559  1999    93   943  2152   662
  1110   590  2448   143   975   359   840  1095  1015   946   261  2065  2441  2144  1039   895  2309   850   715  2511   117   328   591   224   213   148   642   509     0  2264   817   262  1230   562  1076    53  2506   598  1447  2625   153
  1239  1675   498  2404  1453  2623  1436  1176  1608  2625  2514   299   305   495  2789  1390    45  1759  2001   257  2349  1936  2626  2056  2457  2362  1658  1756  2264     0  1839  2030  1103  1750  1190  2315   246  1666   826   811  2417
   615   597  2167   935   392  1075   792   900   256   787   950  1575  2088  1568   951   845  1881    80   172  2050   934   664   854   768  1016   965   446   641   817  1839     0   787  1119   422   857   861  2054   617  1051  1982   923
   930   377  2194   386   836   610   595   854   930  1122   521  1845  2195  1943  1236   646  2075   795   738  2280   322   133   823    43   428   333   478   285   262  2030   787     0   975   421   840   304  2274   378  1224  2437   407
   608   681  1219  1360   779  1585   402   221  1006  1841  1490   988  1230  1165  1993   342  1147  1053  1227  1360  1296   910  1701  1008  1401  1304   742   737  1230  1103  1119   975     0   825   266  1277  1349   665   449  1682  1380
   552   184  1993   703   420   902   437   633   513  1023   783  1528  1956  1590  1172   498  1794   404   451  1987   670   288   892   418   773   694    92   219   562  1750   422   421   825     0   600   614  1986   205   924  2065   706
   357   490  1395  1214   514  1435   252    45   741  1596  1329  1012  1369  1138  1752   220  1235   789   973  1440  1159   747  1491   865  1266  1172   511   567  1076  1190   857   840   266   600     0  1126  1434   480   395  1650  1229
  1163   642  2495    90  1027   309   889  1145  1063   950   218  2117  2490  2197  1036   943  2360   896   753  2562    76   379   578   269   161   109   695   559    53  2315   861   304  1277   614  1126     0  2557   649  1499  2678   103
  1464  1916   538  2646  1674  2864  1681  1420  1816  2837  2754   480   316   586  3001  1636   202  1974  2219    29  2592  2178  2855  2299  2700  2606  1894  1999  2506   246  2054  2274  1349  1986  1434  2557     0  1908  1063   725  2659
   560    21  1867   738   507   957   263   502   661  1213   849  1471  1848  1564  1357   324  1712   587   656  1913   687   270  1037   396   795   703   177    93   598  1666   617   378   665   205   480   649  1908     0   851  2059   751
   437   857  1116  1588   659  1804   646   396   852  1835  1693   621  1045   747  1997   613   870   972  1203  1066  1538  1121  1804  1246  1646  1553   832   943  1447   826  1051  1224   449   924   395  1499  1063   851     0  1262  1600
  1515  2060  1257  2767  1669  2965  1896  1657  1725  2705  2843   722  1035   517  2863  1870   797  1908  2154   696  2729  2318  2835  2450  2835  2750  1983  2152  2625   811  1982  2437  1682  2065  1650  2678   725  2059  1262     0  2771
  1258   743  2599    35  1114   206   992  1248  1136   925   122  2217  2594  2294   996  1046  2463   964   801  2664   110   481   524   372   104   129   790   662   153  2417   923   407  1380   706  1229   103  2659   751  1600  2771     0
DEPOT_SECTION
0
-1
EOF
    