
NAME : WM-51-9
COMMENT : CVS
TYPE : RDVRP-TW
DIMENSION : 51
CAPACITY : 100
EDGE_WEIGHT_TYPE : EXPLICIT
EDGE_WEIGHT_FORMAT : FULL_MATRIX 
NODE_COORD_SECTION
  0 -78.5881280000 35.7825655000
  1 -78.5994883000 35.7854929000
  2 -78.5997440000 35.7920700000
  3 -78.6022425000 35.7904201000
  4 -78.5844809000 35.7886696000
  5 -78.6003284000 35.7879327000
  6 -78.5967923000 35.7708186000
  7 -78.6018571000 35.7947434000
  8 -78.5868212000 35.7707913000
  9 -78.5968232000 35.7854726000
 10 -78.5896033000 35.7719754000
 11 -78.5808933000 35.7848193000
 12 -78.5890259000 35.7759566000
 13 -78.6001372000 35.7738824000
 14 -78.5806540000 35.7855753000
 15 -78.5996434000 35.7859881000
 16 -78.6035136000 35.7886355000
 17 -78.6038999000 35.7928126000
 18 -78.6036269000 35.7742965000
 19 -78.5905244000 35.7858320000
 20 -78.5883762000 35.7762752000
 21 -78.5874754000 35.7698272000
 22 -78.5835453000 35.7720983000
 23 -78.6035513000 35.7733609000
 24 -78.5839589000 35.7708157000
 25 -78.5976162000 35.7865644000
 26 -78.5868485000 35.7701863000
 27 -78.5978658000 35.7927003000
 28 -78.6049087000 35.7714010000
 29 -78.6045086000 35.7864917000
 30 -78.5906239000 35.7762471000
 31 -78.5978525000 35.7826741000
 32 -78.5987811000 35.7927278000
 33 -78.5895895000 35.7702616000
 34 -78.5795298000 35.7876039000
 35 -78.5923613000 35.7779916000
 36 -78.6014483000 35.7886489000
 37 -78.5992468000 35.7878624000
 38 -78.5808608000 35.7861384000
 39 -78.5868978000 35.7694304000
 40 -78.5875271000 35.7718372000
 41 -78.5756396000 35.7956926000
 42 -78.5826369000 35.7890151000
 43 -78.5902740000 35.7786635000
 44 -78.5809247000 35.7855673000
 45 -78.5736873000 35.7945098000
 46 -78.6033958000 35.7888545000
 47 -78.5941689000 35.7691886000
 48 -78.5730686000 35.7706040000
 49 -78.6008995000 35.7930013000
 50 -78.5869083000 35.7720815000
TIME_WINDOW_SECTION
  0      0  36000
  1      0  32614
  2      0  32275
  3  24133  26133
  4      0  33369
  5  22679  27079
  6      0  31660
  7      0  31779
  8      0  31784
  9      0  33182
 10  24306  30682
 11      0  32752
 12      0  33069
 13      0  31446
 14      0  33004
 15      0  32719
 16  27788  30434
 17      0  31784
 18      0  31349
 19      0  34342
 20      0  32998
 21      0  31591
 22      0  32480
 23  11091  13091
 24      0  31486
 25   7276  10086
 26      0  31706
 27      0  32340
 28      0  30956
 29      0  31989
 30      0  33255
 31      0  32748
 32  12791  15161
 33      0  32088
 34   2941   5193
 35      0  33555
 36      0  32668
 37      0  32940
 38      0  32805
 39      0  31601
 40      0  31939
 41      0  31315
 42  16492  18724
 43      0  33426
 44      0  33035
 45      0  31030
 46      0  32326
 47      0  32148
 48      0  28645
 49      0  32111
 50      0  31915
DEMAND_SECTION
  0      0
  1      5
  2      8
  3     11
  4      7
  5      6
  6     28
  7     18
  8      7
  9     24
 10     30
 11      5
 12     13
 13     12
 14     14
 15     14
 16      7
 17     15
 18      5
 19     27
 20     12
 21     20
 22     10
 23     19
 24     28
 25     10
 26     15
 27     27
 28     25
 29     24
 30     23
 31     27
 32      8
 33     16
 34     11
 35     12
 36      6
 37     27
 38     19
 39     27
 40     20
 41     23
 42     27
 43     19
 44      9
 45     15
 46     15
 47      6
 48     26
 49     16
 50     20
SERVICE_TIME_SECTION
  0      0
  1   1000
  2   1000
  3   1000
  4   1000
  5   1000
  6   1000
  7   1000
  8   1000
  9   1000
 10   1000
 11   1000
 12   1000
 13   1000
 14   1000
 15   1000
 16   1000
 17   1000
 18   1000
 19   1000
 20   1000
 21   1000
 22   1000
 23   1000
 24   1000
 25   1000
 26   1000
 27   1000
 28   1000
 29   1000
 30   1000
 31   1000
 32   1000
 33   1000
 34   1000
 35   1000
 36   1000
 37   1000
 38   1000
 39   1000
 40   1000
 41   1000
 42   1000
 43   1000
 44   1000
 45   1000
 46   1000
 47   1000
 48   1000
 49   1000
 50   1000
TRUCK_EDGE_WEIGHT_SECTION
     0  2431  2770  2714  1610  2366  3441  3266  2780  1879  2822  1788  2032  3632  1535  2325  2730  3261  3730  1075  2105  2974  1935  3679  2292  2116  2859  2705  4148  3056  1846  2301  2898  3014  1876  1546  2378  2105  1734  2964  2626  3246  1759  1675  1505  3599  2719  2955  3784  2934  2650
  2386     0  1261  1205  2398   584  4235  1758  4111   388  3616  3028  2826  3590  2776   305   965  1752  3222  2228  2898  4304  4151  3264  4409   351  4189  1196  3599   631  2640  1754  1389  3808  3116  2340   869   596  2975  4294  3956  4034  2546  2469  2746  4385   954  3748  6082  1425  3981
  2725  1261     0   520  2735  1196  4572   499  4449  1294  3954  3366  3164  4764  3115  1155   792   768  4861  2565  3236  4642  4489  4810  4746   946  4526   199  5279  1182  2979  3432   128  4146  3455  2679   892   662  3312  4632  4295  4372  2884  2806  3084  4724   780  4086  6421   286  4319
  2669  1205   520     0  2679   612  4516   791  4392  1238  3898  3310  3108  4708  3059   918   360   634  4126  2509  3180  4586  4432  4754  4691   890  4470   715  4504   751  2922  3376   648  4090  3399  2622   336   609  3256  4576  4239  4316  2828  2750  3028  4668   349  4030  6365   459  4262
  1631  2401  2740  2684     0  2336  4112  3236  3990  2434  3494  1032  2705  4305   884  2295  2701  3231  4401  1119  2776  4182  3044  4350  3400  2086  4068  2675  4819  3026  2519  2974  2868  3686   716  2219  2348  2075   825  4172  3835  2484   254  2348   914  2836  2689  3626  5949  2904  3859
  2321   584  1196   612  2332     0  4170  1692  4046   616  3551  2962  2761  4361  2711   478   361  1688  4459  2162  2832  4239  4086  4408  4344   331  4124  1131  4875   752  2575  3030  1324  3742  3052  2275   605   532  2910  4229  3891  3969  2481  2404  2681  4321   350  3682  6018  1360  3916
  3340  4235  4572  4516  4068  4170     0  5069  1902  3682  1408  4699  2049   970  4448  4129  4534  5064  1068  3532  2120  2095  2639  1016  2200  3919  1980  4508  1901  4860  1862  4105  4700  1599  4788  1895  4180  3909  4645  2085  1748  5704  4216  2134  4416  6056  4522  1138  3874  4736  1772
  3221  1758   499   791  3231  1692  5069     0  4945  1790  4450  3862  3661  5260  3611  1651  1064   660  5298  3061  3732  5139  4985  5306  5244  1442  5022   566  5675  1454  3475  3929   495  4642  3951  3175  1039  1159  3809  5129  4791  4869  3380  3302  3580  5220  1051  4582  6918   332  4815
  3216  4111  4449  4392  3720  4046  1902  4945     0  3559   495  3392  1925  2094  3141  4005  4410  4940  2191  3409  1996   194  1209  2140   771  3796    78  4385  3025  4736  1739  3981  4578   696  3481  1771  4056  3785  3340   184   154  7092  3869  2010  3110  7444  4399  1416  2445  4612   189
  1818   388  1294  1238  2430   616  3665  1790  3541     0  3046  3061  2256  3856  2809   338   998  1785  3414  2260  2329  3734  4184  3902  3839   384  3619  1229  3791  1069  2070  1945  1421  3238  3150  1770   901   630  3008  3724  3388  4066  2579  1899  2779  4419   986  3179  5514  1458  3411
  2720  3616  3954  3898  3449  3551  1408  4450   495  3064     0  3415  1430  1599  3164  3510  3915  4445  1696  2914  1501   688  1231  1645   792  3300   572  3889  2530  4241  1244  3486  4081   512  3504  1276  3561  3290  3361   679   341  5085  3598  1515  3132  5438  3904   920  2468  4118   365
  2248  3018  3356  3300  1031  2954  4730  3852  3329  3051  3351     0  3321  4921   251  2912  3318  3848  5019  1736  3394  3521  2484  4968  2841  2702  3406  3291  5435  3644  3135  3590  3484  3864   490  2835  2964  2692   348  3512  3175  3472   865  2438   282  3824  3306  4242  4331  3520  3199
  1931  2826  3164  3108  2659  2761  2049  3661  1925  2274  1430  3290     0  2240  3039  2720  3125  3655  2338  2124    72  2118  2411  2286  2222  2511  2002  3100  3171  3451   186  2696  3292  1621  3379   486  2771  2500  3236  2108  1770  4296  2808   725  3008  4648  3114  1561  3896  3329  1795
  3554  3588  4786  4730  4281  4384   992  5282  2116  3896  1621  4912  2262     0  4661  4342  4748  5048   491  3746  2334  2309  2852   439  2414  4134  2194  4722  1404  2975  2076  2850  4915  1812  5001  2109  4394  4122  4859  2299  1962  5919  4430  2348  4630  6270  4736  1351  4088  4951  1986
  1996  2766  3105  3049   882  2701  4479  3601  3078  2799  3100   251  3070  4670     0  2661  3066  3596  4768  1484  3141  3270  2232  4715  2590  2451  3155  3040  5184  3391  2884  3339  3232  3612   340  2584  2712  2440   199  3260  2924  3221   716  2185    30  3572  3054  3991  4080  3269  2948
  2281   305  1155   911  2291   478  4129  1651  4005   338  3510  2922  2720  4320  2670     0   660  1646  3331  2121  2792  4198  4045  3372  4302   245  4082  1090  3708   731  2534  1862  1282  3701  3011  2234   762   491  2869  4188  3851  3928  2440  2362  2640  4280   649  3642  5978  1319  3875
  2686   972   792   360  2696   361  4534  1064  4410  1005  3915  3328  3125  4725  3076   668     0  1059  4144  2526  3198  4602  4450  4771  4708   908  4488   986  4520   500  2940  3394   920  4108  3416  2640   354   625  3274  4594  4256  4334  2845  2768  3045  4685    11  4048  6382   731  4280
  3216  1752   768   634  3226  1688  5064   660  4940  1785  4445  3858  3655  5071  3606  1646  1059     0  4581  3056  3728  5134  4980  4745  5239  1438  5018   961  4958  1449  3470  3924   895  4638  3946  3170  1034  1154  3804  5124  4786  4864  3375  3298  3575  5215  1046  4578  6912   419  4810
  3651  3220  4884  4108  4379  4481  1090  5274  2214  3411  1719  5010  2360   491  4759  3329  4125  4558     0  3844  2431  2406  2950   164  2511  4231  2291  4820   914  2606  2174  2482  5012  1910  5099  2206  4491  4220  4956  2396  2060  6016  4528  2445  4728  6368  4114  1449  4185  4942  2084
   658  2130  2468  2411  1385  2065  3140  2964  3016  1578  2520  2016  1731  3331  1765  2024  2429  2959  3429     0  1802  3209  3060  3378  3314  1814  3094  2402  3845  2755  1545  2000  2595  2712  2105  1245  2075  1804  1962  3199  2861  3022  1534  1374  1734  3374  2418  2652  4988  2631  2885
  2002  2898  3236  3180  2731  2832  2120  3732  1996  2346  1501  3362    72  2311  3110  2792  3198  3728  2409  2196     0  2189  2484  2358  2294  2582  2074  3171  3242  3524   258  2768  3364  1694  3451   558  2844  2572  3309  2180  1842  4368  2880   798  3080  4720  3185  1634  3969  3400  1866
  3409  4304  4642  4586  3914  4239  2095  5139   194  3751   688  3585  2118  2286  3334  4198  4602  5134  2384  3601  2189     0  1402  2332   964  3989   115  4578  3219  4929  1931  4174  4770   564  3675  1964  4250  3978  3532    51   348  7285  4062  2202  3304  7638  4591   885  2638  4806   381
  2520  4482  4821  4765  3124  4418  2274  5318   845  3930   868  2795  2296  2465  2544  4378  4782  5312  2562  3200  2369  1038     0  2511   358  4168   922  4756  3398  5108  2110  4352  4949  1380  2884  2142  4429  4156  2742  1028   691  6495  3271  2382  2514  6848  4770  1788  1848  4985   715
  3600  3261  4832  4271  4328  4430  1039  5329  2162  3452  1668  4959  2309   439  4708  3370  4289  4721   164  3792  2380  2355  2899     0  2460  4179  2240  4768  1078  2648  2122  2524  4960  1859  5048  2155  4440  4169  4905  2345  2008  5964  4476  2394  4676  6316  4278  1398  4134  4996  2032
  3514  4409  4746  4691  3232  4344  2200  5244   771  3856   792  2905  2222  2391  2654  4302  4708  5239  2489  3310  2294   964   721  2438     0  4094   849  4682  3322  5034  2036  4279  4875  1305  2994  2069  4355  4082  2851   954   616  6605  3381  2308  2622  6956  4696  1714  1958  4911   641
  2071   351   946   890  2082   331  3919  1442  3796   384  3300  2712  2511  4111  2461   245   908  1438  4208  1911  2582  3989  3836  4156  4094     0  3874   881  4625   976  2325  2780  1074  3492  2801  2025   554   281  2660  3979  3641  3719  2230  2154  2431  4070   895  3432  5768  1110  3665
  3294  4189  4526  4470  3798  4124  1980  5022    78  3636   572  3470  2002  2171  3219  4082  4488  5018  2269  3486  2074   115  1286  2218   849  3874     0  4462  3102  4814  1816  4059  4655   618  3559  1849  4134  3862  3418   105   232  7170  3946  2088  3189  7522  4476  1494  2522  4691   266
  2660  1196   199   715  2671  1131  4508   566  4385  1229  3889  3301  3100  4700  3050  1090   986   961  4798  2500  3171  4578  4425  4745  4682   881  4462     0  5214  1378  2914  3369    71  4081  3390  2614  1088   858  3249  4568  4230  4308  2820  2742  3020  4659   975  4021  6356   354  4254
  4044  3596  5380  4485  4772  4874  1922  5651  3048  3789  2551  5402  3192  1404  5151  3705  4502  4934   914  4238  3265  3240  3782  1078  3345  4624  3125  5575     0  2982  3008  2859  5508  2744  5491  3039  4478  4612  5350  3230  2892  6409  4921  3279  5121  6760  4490  2282  5019  5319  2916
  3011   631  1175   744  3022   745  4860  1446  4736  1069  4241  3654  3451  2998  3401   731   494  1441  2629  2852  3524  4929  4776  2671  5034   976  4814  1370  3006     0  3265  2314  1304  4432  3742  2965   738  1009  3600  4919  4582  4659  3171  3094  3371  5011   481  4374  6708  1114  4606
  1745  2640  2979  2922  2474  2575  1862  3475  1739  2088  1244  3104   186  2054  2852  2534  2940  3470  2151  1938   258  1931  2226  2100  2036  2325  1816  2914  2985  3265     0  2510  3106  1435  3192   300  2586  2314  3051  1921  1585  4110  2622   539  2822  4461  2928  1376  3710  3142  1609
  2252  1805  3486  3430  2981  3082  4101  3982  3978  1998  3481  3611  2692  2858  3360  1914  3448  3978  2489  2446  2764  4170  4021  2531  4275  2832  4055  3421  2866  2275  2506     0  3614  3674  3700  2206  3094  2821  3559  4160  3822  4618  3130  2335  3330  4969  3435  3614  5949  3650  3846
  2852  1389   128   648  2864  1324  4700   495  4578  1421  4081  3494  3292  4892  3242  1282   920   895  4989  2692  3364  4770  4618  4938  4875  1074  4655    71  5406  1310  3106  3561     0  4274  3582  2806  1021   790  3441  4760  4422  4500  3011  2935  3212  4851   909  4214  6549   282  4446
  2912  3808  4146  4090  3641  3742  1599  4642   696  3255   512  3928  1621  1790  3676  3701  4108  4638  1888  3105  1694   564  1744  1836  1305  3492   618  4081  2722  4432  1435  3678  4274     0  4016  1468  3754  3481  3874   512   854  5278  3789  1706  3645  5629  4095   618  2980  4310   878
  2242  3012  3351  3295   716  2948  4724  3848  3419  3045  3441   491  3316  4916   341  2906  3312  3842  5012  1730  3388  3611  2574  4961  2931  2698  3496  3286  5430  3638  3130  3585  3479  4298     0  2830  2959  2686   284  3601  3265  3095   550  2528   372  3446  3300  4238  4421  3515  3289
  1445  2340  2679  2622  2174  2275  1895  3175  1771  1788  1276  2804   486  2086  2552  2234  2640  3170  2184  1638   558  1964  1926  2132  2069  2025  1849  2614  3018  2965   300  2210  2806  1468  2892     0  2286  2014  2751  1954  1616  3810  2321   239  2522  4161  2628  1408  3742  2842  1641
  2332   869   892   336  2342   605  4180  1039  4056   901  3561  2974  2771  4371  2722   762   354  1034  4469  2172  2844  4250  4096  4418  4355   554  4134  1088  4886   744  2586  3040  1021  3754  3062  2286     0   271  2920  4240  3902  3980  2491  2414  2691  4331   342  3694  6029   706  3926
  2060   596   662   609  2071   532  3909  1159  3785   630  3290  2701  2500  4100  2450   491   625  1154  4198  1901  2572  3978  3825  4146  4082   281  3862   858  4614  1016  2314  2769   790  3481  2791  2014   271     0  2649  3968  3630  3708  2220  2142  2420  4060   614  3421  5756   826  3655
  2195  2966  3304  3248   825  2901  4678  3800  3276  2999  3299   349  3269  4869   199  2860  3265  3795  4966  1684  3341  3470  2431  4915  2789  2650  3354  3239  5384  3591  3082  3538  3431  3811   284  2782  2911  2640     0  3460  3122  3204   659  2385   230  3556  3254  4191  4279  3468  3146
  3399  4294  4632  4576  3904  4229  2085  5129   184  3741   679  3576  2108  2276  3324  4188  4594  5124  2374  3591  2180    51  1392  2322   954  3979   105  4568  3209  4919  1921  4164  4760   512  3665  1954  4240  3968  3522     0   338  7275  4052  2192  3294  7628  4581   834  2628  4796   371
  3061  3956  4295  4239  3566  3891  1748  4791   154  3405   341  3239  1770  1940  2988  3851  4256  4786  2038  3255  1842   348  1055  1985   616  3641   232  4230  2871  4582  1585  3826  4422   854  3328  1616  3902  3630  3185   338     0  6939  3715  1856  2956  7290  4244  1261  2291  4459    34
  3685  4360  4699  4642  3344  4295  6168  5195  6044  4392  5549  3975  4759  6359  3724  4254  4660  5190  6456  3174  4831  6238  5098  6405  5455  4045  6121  4634  6874  4985  4574  5028  4826  5741  4064  4274  4306  4034  3921  6228  5890     0  3492  4401  3692   594  4648  5681  6594  4862  5914
  1779  2550  2888  2832   254  2485  4261  3385  4138  2582  3642   866  2854  4452   718  2444  2849  3380  4550  1268  2925  4331  2950  4499  3306  2235  4215  2824  4968  3175  2668  3121  3016  3835   550  2368  2496  2224   659  4321  3984  2632     0  2495   748  2984  2838  3775  6098  3052  4008
  1574  2469  2806  2750  2301  2404  2134  3302  2010  1916  1515  2448   725  2325  2196  2362  2768  3298  2422  1766   798  2202  1769  2371  2308  2154  2088  2742  3256  3094   539  2339  2935  1706  2538   239  2414  2142  2395  2192  1856  3939  2450     0  2166  4290  2756  1648  3982  2971  1880
  1965  2736  3074  3018   912  2671  4448  3570  3048  2769  3069   282  3039  4639    30  2630  3035  3565  4736  1454  3111  3240  2201  4685  2559  2421  3125  3010  5154  3361  2854  3308  3202  3581   371  2554  2681  2410   229  3230  2892  3190   746  2155     0  3542  3024  3961  4050  3239  2916
  3970  4645  4982  4926  3629  4580  6451  5479  6329  4678  5832  4259  5044  6644  4008  4539  4944  5474  6740  3458  5115  6521  5382  6689  5739  4329  6406  4918  7158  5270  4858  5312  5110  6025  4348  4558  4590  4319  4205  6511  6174   525  3776  4686  3976     0  4932  5965  6879  5146  6198
  2674   960   780   349  2685   350  4522  1051  4399   992  3904  3315  3114  4714  3064   656    11  1046  4131  2515  3185  4591  4439  4760  4696   895  4476   975  4509   489  2928  3382   909  4095  3405  2628   342   614  3262  4581  4244  4321  2834  2756  3034  4674     0  4035  6370   719  4269
  2852  3748  4086  4030  3581  3682  1138  4582  1416  3196   920  4211  1561  1329  3960  3642  4048  4578  1426  3046  1634   885  2151  1375  1714  3432  1494  4021  2260  4374  1376  3618  4214   618  4301  1408  3694  3421  4159   834  1261  5218  3730  1648  3930  5570  4035     0  3388  4250  1285
  6355  7030  7368  7311  6014  6965  8838  7864  8492  7062  8515  6644  7429  9029  6392  6924  7329  7859  9126  5844  7501  8685  8195  9075  8005  6715  8570  7304  9542  7655  7242  7698  7496  8410  6732  6942  6975  6704  6591  8676  8339  4648  6162  7071  6362  5000  7318  8350     0  7532  8362
  2889  1425   286   459  2900  1360  4736   332  4612  1458  4118  3530  3329  4929  3279  1319   731   419  4965  2729  3400  4806  4654  4974  4911  1110  4691   354  5342  1121  3142  3598   282  4310  3619  2842   706   826  3478  4796  4459  4536  3048  2971  3248  4888   719  4250  6585     0  4482
  3085  3981  4319  4262  3590  3916  1772  4815   189  3429   365  3262  1795  1964  3011  3875  4280  4810  2061  3279  1866   381  1079  2010   641  3665   266  4254  2895  4606  1609  3851  4446   878  3351  1641  3926  3655  3209   371    34  6962  3739  1880  2980  7314  4269  1285  2315  4482     0
DRONE_EDGE_WEIGHT_SECTION
     0   537  1143  1021   693   752  1349  1448  1312   460  1180   370   736  1070   437   576   888  1283  1094   375   700  1418  1178  1182  1318   570  1379  1185  1399   754   710   367  1199  1371   647   534   841   722   482  1463  1194  1533   747   442   430  1433   903  1507  1451  1255  1168
   537     0   732   558   662   273  1637  1033  1707   100  1551   700  1133  1293   705    55   381   831  1256   337  1109  1803  1610  1359  1738   138  1771   805  1582   218  1083   320   806  1737   781   877   359   264   700  1852  1587  1436   740   836   695  1384   402  1826  1940   837  1568
  1143   732     0   205   679   461  2368   307  2419   742  2269  1068  1838  2025  1012   677   407   173  1984   774  1809  2519  2306  2088  2440   618  2484    98  2309   646  1794  1048    81  2458   897  1591   386   469   962  2567  2299   969   717  1534  1005   992   382  2556  2594   112  2277
  1021   558   205     0   685   286  2192   481  2262   586  2108  1010  1685  1843   967   503   204   273  1796   671  1659  2360  2159  1900  2290   462  2327   301  2120   445  1637   878   287  2295   898  1432   199   306   926  2408  2142  1137   742  1384   959  1142   179  2383  2468   292  2122
   693   662   679   685     0   594  2041   930  1992   581  1868   449  1426  1749   373   639   706   852  1756   388  1388  2101  1845  1851  1988   542  2059   667  2073   783  1402   834   694  2058   219  1225   629   556   312  2144  1877   846    78  1135   370   762   702  2200  2057   774  1849
   752   273   461   286   594     0  1910   760  1976   303  1822   804  1400  1564   779   218   142   559  1523   434  1374  2074  1874  1627  2005   183  2041   538  1848   224  1351   593   537  2009   774  1147    90    41   752  2122  1857  1253   667  1099   770  1224   153  2100  2190   565  1837
  1349  1637  2368  2192  2041  1910     0  2670   388  1631   308  1673   646   365  1754  1692  2000  2463   469  1688   689   380   534   386   500  1753   394  2436   322  1769   650  1320  2440   288  1981   817  1993  1900  1810   416   378  2881  2096   909  1750  2777  2023   208   925  2474   409
  1448  1033   307   481   930   760  2670     0  2726  1049  2576  1349  2146  2323  1286   978   683   228  2277  1077  2117  2826  2613  2381  2748   924  2792   270  2601   924  2101  1352   251  2764  1143  1898   679   772  1232  2874  2606   960   952  1841  1281  1027   658  2859  2898   197  2585
  1312  1707  2419  2262  1992  1976   388  2726     0  1678   171  1578   581   621  1662  1761  2085  2535   759  1680   613   110   193   710   112  1803    67  2474   707  1873   625  1389  2483   123  1892   830  2064  1958  1723   152   120  2804  2035   886  1660  2686  2107   338   536  2529   144
   460   100   742   586   581   303  1631  1049  1678     0  1527   601  1100  1296   605   120   431   858  1271   239  1073  1778  1572  1372  1704   125  1744   805  1596   309  1053   314   811  1716   687   850   393   281   601  1826  1559  1380   659   797   595  1320   449  1816  1887   852  1538
  1180  1551  2269  2108  1868  1822   308  2576   171  1527     0  1468   444   460  1552  1606  1928  2381   601  1543   481   253   236   562   255  1652   226  2328   598  1713   477  1232  2336   191  1781   678  1910  1806  1611   302    82  2692  1915   745  1549  2579  1950   358   661  2379   105
   370   700  1068  1010   449   804  1673  1349  1578   601  1468     0  1034  1421    85   714   944  1232  1456   378   993  1688  1420  1540  1563   655  1645  1080  1753   903  1023   681  1102  1654   314   875   877   764   147  1728  1467  1226   472   772    83  1111   952  1813  1610  1174  1436
   736  1133  1838  1685  1426  1400   646  2146   581  1100   444  1034     0   486  1117  1187  1514  1958   592  1101    43   685   479   630   605  1225   648  1893   796  1311    69   820  1902   634  1345   260  1489  1380  1175   731   462  2253  1473   305  1113  2144  1535   779   858  1949   439
  1070  1293  2025  1843  1749  1564   365  2323   621  1296   460  1421   486     0  1498  1348  1647  2112   142  1379   525   668   673   144   714  1415   660  2096   332  1413   451   983  2098   575  1716   546  1645  1557  1548   714   539  2596  1810   653  1492  2502  1671   572  1112  2128   550
   437   705  1012   967   373   779  1754  1286  1662   605  1552    85  1117  1498     0   711   917  1179  1529   370  1076  1772  1504  1615  1648   643  1729  1018  1829   897  1105   722  1041  1739   230   953   847   739    63  1813  1552  1141   390   851    10  1027   922  1896  1692  1116  1521
   576    55   677   503   639   218  1692   978  1761   120  1606   714  1187  1348   711     0   328   776  1310   341  1162  1858  1663  1413  1792    99  1826   750  1636   190  1137   375   751  1792   771   932   304   209   702  1906  1641  1396   717   889   701  1348   348  1882  1990   782  1622
   888   381   407   204   706   142  2000   683  2085   431  1928   944  1514  1647   917   328     0   465  1596   576  1490  2181  1991  1700  2118   318  2149   498  1919   241  1462   697   488  2113   898  1257    77   180   888  2230  1966  1290   775  1217   908  1277    25  2194  2317   495  1947
  1283   831   173   273   852   559  2463   228  2535   858  2381  1232  1958  2112  1179   776   465     0  2061   921  1931  2633  2430  2165  2562   733  2600   222  2384   704  1910  1151   188  2568  1070  1705   472   577  1131  2681  2415  1080   890  1655  1172  1121   441  2655  2733   112  2395
  1094  1256  1984  1796  1756  1523   469  2277   759  1271   601  1456   592   142  1529  1310  1596  2061     0  1377   627   800   815   104   855  1385   796  2060   326  1358   546   958  2060   706  1740   597  1600  1519  1576   846   681  2602  1821   706  1523  2515  1621   677  1254  2085   692
   375   337   774   671   388   434  1688  1077  1680   239  1543   378  1101  1379   370   341   576   921  1377     0  1067  1785  1552  1474  1690   277  1747   811  1697   527  1067   446   826  1734   455   876   514   396   363  1831  1562  1227   460   798   360  1149   585  1858  1821   886  1537
   700  1109  1809  1659  1388  1374   689  2117   613  1073   481   993    43   525  1076  1162  1490  1931   627  1067     0   719   501   669   631  1198   680  1863   838  1291    86   798  1873   671  1305   245  1463  1354  1134   764   495  2213  1435   276  1072  2103  1511   820   866  1920   470
  1418  1803  2519  2360  2101  2074   380  2826   110  1778   253  1688   685   668  1772  1858  2181  2633   800  1785   719     0   296   738   176  1903    47  2576   702  1966   725  1485  2585    96  2002   928  2162  2057  1833    50   224  2914  2144   990  1770  2796  2203   271   569  2629   252
  1178  1610  2306  2159  1845  1874   534  2613   193  1572   236  1420   479   673  1504  1663  1991  2430   815  1552   501   296     0   788   144  1697   249  2356   834  1790   537  1298  2367   312  1733   739  1964  1853  1566   324   157  2643  1883   775  1503  2522  2012   526   440  2417   131
  1182  1359  2088  1900  1851  1627   386  2381   710  1372   562  1540   630   144  1615  1413  1700  2165   104  1474   669   738   788     0   812  1487   739  2163   224  1462   593  1059  2163   643  1829   671  1704  1622  1663   782   644  2697  1914   780  1609  2608  1725   591  1223  2189   661
  1318  1738  2440  2290  1988  2005   500  2748   112  1704   255  1563   605   714  1648  1792  2118  2562   855  1690   631   176   144   812     0  1829   133  2492   818  1913   657  1423  2503   228  1876   862  2093  1985  1710   192   179  2787  2027   907  1646  2666  2140   438   425  2551   182
   570   138   618   462   542   183  1753   924  1803   125  1652   655  1225  1415   643    99   318   733  1385   277  1198  1903  1697  1487  1829     0  1869   683  1711   257  1179   433   687  1840   684   975   272   157   627  1951  1684  1299   620   922   633  1250   333  1939  2008   727  1663
  1379  1771  2484  2327  2059  2041   394  2792    67  1744   226  1645   648   660  1729  1826  2149  2600   796  1747   680    47   249   739   133  1869     0  2541   716  1936   690  1453  2550   107  1959   895  2129  2024  1790    84   186  2870  2102   953  1727  2753  2171   307   539  2595   211
  1185   805    98   301   667   538  2436   270  2474   805  2328  1080  1893  2096  1018   750   498   222  2060   811  1863  2576  2356  2163  2492   683  2541     0  2386   733  1852  1116    34  2517   883  1650   470   541   964  2623  2355   877   695  1588  1012   907   474  2621  2632   116  2332
  1399  1582  2309  2120  2073  1848   322  2601   707  1596   598  1753   796   332  1829  1636  1919  2384   326  1697   838   702   834   224   818  1711   716  2386     0  1680   772  1284  2385   610  2046   879  1924  1845  1879   736   677  2919  2135   986  1823  2828  1944   486  1243  2409   704
   754   218   646   445   783   224  1769   924  1873   309  1713   903  1311  1413   897   190   241   704  1358   527  1291  1966  1790  1462  1913   257  1936   733  1680     0  1256   493   726  1894   939  1052   266   248   884  2015  1755  1476   860  1024   887  1445   266  1966  2137   737  1738
   710  1083  1794  1637  1402  1351   650  2101   625  1053   477  1023    69   451  1105  1137  1462  1910   546  1067    86   725   537   593   657  1179   690  1852   772  1256     0   766  1860   667  1332   205  1440  1333  1161   772   505  2236  1453   269  1101  2129  1484   798   925  1904   485
   367   320  1048   878   834   593  1320  1352  1389   314  1232   681   820   983   722   375   697  1151   958   446   798  1485  1298  1059  1423   433  1453  1116  1284   493   766     0  1120  1418   879   561   679   580   745  1533  1269  1666   906   531   713  1593   719  1508  1646  1155  1251
  1199   806    81   287   694   537  2440   251  2483   811  2336  1102  1902  2098  1041   751   488   188  2060   826  1873  2585  2367  2163  2503   687  2550    34  2385   726  1860  1120     0  2525   911  1658   465   542   989  2632  2364   907   724  1598  1036   939   464  2626  2648    83  2342
  1371  1737  2458  2295  2058  2009   288  2764   123  1716   191  1654   634   575  1739  1792  2113  2568   706  1734   671    96   312   643   228  1840   107  2517   610  1894   667  1418  2525     0  1968   867  2096  1993  1798   140   193  2879  2104   936  1736  2765  2135   215   645  2567   228
   647   781   897   898   219   774  1981  1143  1892   687  1781   314  1345  1716   230   771   898  1070  1740   455  1305  2002  1733  1829  1876   684  1959   883  2046   939  1332   879   911  1968     0  1174   822   734   171  2042  1781   912   195  1074   233   798   897  2125  1908   992  1751
   534   877  1591  1432  1225  1147   817  1898   830   850   678   875   260   546   953   932  1257  1705   597   876   245   928   739   671   862   975   895  1650   879  1052   205   561  1658   867  1174     0  1235  1129  1006   976   710  2067  1280   109   948  1966  1279   982  1109  1701   691
   841   359   386   199   629    90  1993   679  2064   393  1910   877  1489  1645   847   304    77   472  1600   514  1463  2162  1964  1704  2093   272  2129   470  1924   266  1440   679   465  2096   822  1235     0   120   816  2210  1945  1230   699  1188   838  1212    76  2184  2280   485  1925
   722   264   469   306   556    41  1900   772  1958   281  1806   764  1380  1557   739   209   180   577  1519   396  1354  2057  1853  1622  1985   157  2024   541  1845   248  1333   580   542  1993   734  1129   120     0   711  2105  1839  1230   630  1078   729  1197   190  2088  2164   575  1818
   482   700   962   926   312   752  1810  1232  1723   601  1611   147  1175  1548    63   702   888  1131  1576   363  1134  1833  1566  1663  1710   627  1790   964  1879   884  1161   745   989  1798   171  1006   816   711     0  1874  1612  1081   327   905    64   969   891  1954  1755  1064  1582
  1463  1852  2567  2408  2144  2122   416  2874   152  1826   302  1728   731   714  1813  1906  2230  2681   846  1831   764    50   324   782   192  1951    84  2623   736  2015   772  1533  2632   140  2042   976  2210  2105  1874     0   269  2954  2186  1036  1811  2836  2252   286   555  2677   295
  1194  1587  2299  2142  1877  1857   378  2606   120  1559    82  1467   462   539  1552  1641  1966  2415   681  1562   495   224   157   644   179  1684   186  2355   677  1755   505  1269  2364   193  1781   710  1945  1839  1612   269     0  2693  1921   767  1549  2577  1988   392   579  2409    36
  1533  1436   969  1137   846  1253  2881   960  2804  1380  2692  1226  2253  2596  1141  1396  1290  1080  2602  1227  2213  2914  2643  2697  2787  1299  2870   877  2919  1476  2236  1666   907  2879   912  2067  1230  1230  1081  2954  2693     0   786  1972  1144   150  1272  3032  2794   969  2662
   747   740   717   742    78   667  2096   952  2035   659  1915   472  1473  1810   390   717   775   890  1821   460  1435  2144  1883  1914  2027   620  2102   695  2135   860  1453   906   724  2104   195  1280   699   630   327  2186  1921   786     0  1188   389   695   769  2250  2081   806  1892
   442   836  1534  1384  1135  1099   909  1841   886   797   745   772   305   653   851   889  1217  1655   706   798   276   990   775   780   907   922   953  1588   986  1024   269   531  1598   936  1074   109  1188  1078   905  1036   767  1972  1188     0   846  1869  1237  1065  1116  1645   744
   430   695  1005   959   370   770  1750  1281  1660   595  1549    83  1113  1492    10   701   908  1172  1523   360  1072  1770  1503  1609  1646   633  1727  1012  1823   887  1101   713  1036  1736   233   948   838   729    64  1811  1549  1144   389   846     0  1031   913  1892  1692  1110  1518
  1433  1384   992  1142   762  1224  2777  1027  2686  1320  2579  1111  2144  2502  1027  1348  1277  1121  2515  1149  2103  2796  2522  2608  2666  1250  2753   907  2828  1445  2129  1593   939  2765   798  1966  1212  1197   969  2836  2577   150   695  1869  1031     0  1261  2923  2661  1009  2546
   903   402   382   179   702   153  2023   658  2107   449  1950   952  1535  1671   922   348    25   441  1621   585  1511  2203  2012  1725  2140   333  2171   474  1944   266  1484   719   464  2135   897  1279    76   190   891  2252  1988  1272   769  1237   913  1261     0  2217  2336   471  1969
  1507  1826  2556  2383  2200  2100   208  2859   338  1816   358  1813   779   572  1896  1882  2194  2655   677  1858   820   271   526   591   438  1939   307  2621   486  1966   798  1508  2626   215  2125   982  2184  2088  1954   286   392  3032  2250  1065  1892  2923  2217     0   839  2663   429
  1451  1940  2594  2468  2057  2190   925  2898   536  1887   661  1610   858  1112  1692  1990  2317  2733  1254  1821   866   569   440  1223   425  2008   539  2632  1243  2137   925  1646  2648   645  1908  1109  2280  2164  1755   555   579  2794  2081  1116  1692  2661  2336   839     0  2706   563
  1255   837   112   292   774   565  2474   197  2529   852  2379  1174  1949  2128  1116   782   495   112  2085   886  1920  2629  2417  2189  2551   727  2595   116  2409   737  1904  1155    83  2567   992  1701   485   575  1064  2677  2409   969   806  1645  1110  1009   471  2663  2706     0  2388
  1168  1568  2277  2122  1849  1837   409  2585   144  1538   105  1436   439   550  1521  1622  1947  2395   692  1537   470   252   131   661   182  1663   211  2332   704  1738   485  1251  2342   228  1751   691  1925  1818  1582   295    36  2662  1892   744  1518  2546  1969   429   563  2388     0
DEPOT_SECTION
0
-1
EOF
    