
NAME : WM-51-4
COMMENT : CVS
TYPE : RDVRP-TW
DIMENSION : 51
CAPACITY : 100
EDGE_WEIGHT_TYPE : EXPLICIT
EDGE_WEIGHT_FORMAT : FULL_MATRIX 
NODE_COORD_SECTION
  0 -78.5881280000 35.7825655000
  1 -78.5723797000 35.7703251000
  2 -78.5997326000 35.7878072000
  3 -78.5974837000 35.7727592000
  4 -78.5975337000 35.7860736000
  5 -78.5874991000 35.7854668000
  6 -78.5997522000 35.7811956000
  7 -78.5926784000 35.7707335000
  8 -78.6013428000 35.7705451000
  9 -78.5866047000 35.7690650000
 10 -78.6024292000 35.7901045000
 11 -78.5820398000 35.7761206000
 12 -78.6014847000 35.7949615000
 13 -78.5974965000 35.7701419000
 14 -78.5991538000 35.7838828000
 15 -78.5868145000 35.7757427000
 16 -78.5840573000 35.7732150000
 17 -78.6018538000 35.7887891000
 18 -78.6007043000 35.7953925000
 19 -78.5904212000 35.7714230000
 20 -78.5991809000 35.7719966000
 21 -78.5986510000 35.7871756000
 22 -78.5998808000 35.7792384000
 23 -78.6022829000 35.7692127000
 24 -78.5995380000 35.7908000000
 25 -78.6004715000 35.7835143000
 26 -78.5969761000 35.7879654000
 27 -78.5808127000 35.7845897000
 28 -78.6006845000 35.7873497000
 29 -78.6046302000 35.7950393000
 30 -78.5843763000 35.7770736000
 31 -78.5882405000 35.7713039000
 32 -78.6017069000 35.7943766000
 33 -78.5983080000 35.7933180000
 34 -78.5839748000 35.7711423000
 35 -78.6005379000 35.7907591000
 36 -78.5907619000 35.7788382000
 37 -78.6033001000 35.7906831000
 38 -78.5894689000 35.7784602000
 39 -78.6019457000 35.7878045000
 40 -78.6014720000 35.7703484000
 41 -78.5920965000 35.7698822000
 42 -78.6038092000 35.7877596000
 43 -78.5869382000 35.7716076000
 44 -78.5980967000 35.7864621000
 45 -78.5996787000 35.7896287000
 46 -78.5994171000 35.7873665000
 47 -78.5856586000 35.7717369000
 48 -78.5918914000 35.7717497000
 49 -78.6033451000 35.7897283000
 50 -78.5890947000 35.7734869000
TIME_WINDOW_SECTION
  0      0  36000
  1   9185  12443
  2  21346  23452
  3  25409  28249
  4  22794  24794
  5      0  34152
  6  29838  33134
  7  30316  32806
  8  23669  25669
  9      0  31514
 10  27257  29389
 11      0  32979
 12  28478  30478
 13      0  31601
 14   7530   9530
 15   7590  10874
 16   2111   4111
 17      0  32618
 18  17738  21852
 19      0  32272
 20      0  31938
 21  18743  21635
 22      0  33285
 23      0  31254
 24      0  32496
 25      0  32721
 26  10594  12594
 27      0  32620
 28  29503  32087
 29      0  31512
 30      0  33704
 31  17090  21400
 32      0  31820
 33  13196  15196
 34  20378  22378
 35      0  32404
 36      0  33404
 37   9452  13002
 38      0  33358
 39      0  32519
 40  17237  19237
 41      0  32135
 42      0  32209
 43      0  31915
 44   8981  14677
 45      0  32618
 46  30198  32198
 47  30007  32007
 48      0  32546
 49      0  32420
 50      0  31555
DEMAND_SECTION
  0      0
  1     23
  2     19
  3     20
  4     10
  5     30
  6     18
  7     25
  8     25
  9     24
 10     13
 11     21
 12     18
 13     23
 14     30
 15      7
 16     20
 17     19
 18     17
 19     27
 20      8
 21     13
 22      6
 23     12
 24     21
 25     23
 26     16
 27     30
 28     15
 29     14
 30     25
 31      9
 32     22
 33      5
 34     11
 35     30
 36      8
 37     29
 38     13
 39      5
 40      6
 41     16
 42     11
 43      7
 44     24
 45     30
 46     25
 47      6
 48     21
 49     21
 50     14
SERVICE_TIME_SECTION
  0      0
  1   1000
  2   1000
  3   1000
  4   1000
  5   1000
  6   1000
  7   1000
  8   1000
  9   1000
 10   1000
 11   1000
 12   1000
 13   1000
 14   1000
 15   1000
 16   1000
 17   1000
 18   1000
 19   1000
 20   1000
 21   1000
 22   1000
 23   1000
 24   1000
 25   1000
 26   1000
 27   1000
 28   1000
 29   1000
 30   1000
 31   1000
 32   1000
 33   1000
 34   1000
 35   1000
 36   1000
 37   1000
 38   1000
 39   1000
 40   1000
 41   1000
 42   1000
 43   1000
 44   1000
 45   1000
 46   1000
 47   1000
 48   1000
 49   1000
 50   1000
TRUCK_EDGE_WEIGHT_SECTION
     0  4772  2152  3004  2394   595  1941  2811  3635  3051  2712  1769  3300  3500  2334  2926  2029  2428  3389  2830  3164  2151  1818  3848  2549  2328  1918  1920  2371  3532  1042  3066  3224  2788  2255  2641  1699  2829  1400  2526  3665  2968  2836  2650  2134  2428  2241  2495  2556  2625  3010
  4999     0  6748  4380  6989  4964  6536  4070  5011  3659  7308  3818  7895  4876  6929  3534  3184  7022  7984  3738  4540  6746  6412  5224  7144  6922  6511  5406  6966  8128  3964  3535  7819  7382  2862  7235  4949  7424  4428  7121  5041  4226  7431  3259  6729  7022  6836  3102  3815  7220  3618
  2108  6792     0  3518   608  1915  2456  3325  4149  4102   560  3706  1199  4015  2849  3978  3965   275  1288  3344  3679   364  2332  4361   448  2842   388  2881   584  1431  3210  3581  1124   945  4092   540  2212   676  2259   671  4180  3481   749  3701   346   326   454  3819  3070   472  4061
  2901  4425  3518     0  3760  2995  3308   725   632  1735  4078  2928  4665   498  3699  1610  2292  3792  4754   976   161  3516  3184   845  3914  3692  3282  4392  3736  4898  2489  1212  4590  4152  1725  4006  1719  4194  1765  3891   664   929  4201  1334  3499  3792  3606  1451   702  3990  1692
  2350  7035   608  3760     0  2158  1516  3568  4391  4345  1168  3948  1755  4256  1909  4220  4206   882  1842  3586  3920   331  1392  4604  1004  1902   629  3124   551  1986  3451  3822  1679  1242  4334  1095  2455  1284  2501   708  4421  3724   779  3944   296   881   421  4061  3312  1079  4302
   848  7106  1919  3036  2160     0  1975  2844  3668  3621  2479  1988  3066  3532  2366  3496  2246  2194  3155  2862  3196  1918  1851  3880  2315  2361  1684  1779  2138  3299  1261  3099  2990  2554  2474  2408  1731  2595  1778  2292  3699  3000  2602  3220  1900  2194  2008  3338  2589  2391  3579
  1892  6579  2509  3302  1568  1986     0  3111  2872  3889  3070  3495  3656  3800   392  3762  3754  2785  3745  3129  2596  2509   178  3086  2906   386  2274  3385  2728  3889  2769  3366  3581  3144  3878  2998  1998  3185  2044  2884  2904  3268  2065  3488  1584  2784  2598  3605  2856  2981  3846
  2710  4115  3325   725  3568  2802  3115     0  1356   866  3886  2619  4472  1222  3508  1300  1984  3601  4561   666   886  3325  2991  1570  3722  3501  3090  4201  3544  4705  2298   904  4398  3960  1415  3814  1528  4001  1572  3700  1388   392  4010  1025  3308  3600  3414  1142   255  3798  1384
  3532  5056  4149   632  4391  3626  2866  1356     0  2366  4709  3559  5296  1030  3258  2241  2924  4425  5385  1608   470  4148  2695   212  4546  3252  3914  5024  4368  5529  3121  1844  5221  4784  2356  4638  2350  4825  2396  4524    31  1560  4834  1965  4130  4424  4238  2082  1334  4621  2325
  3486  3705  4102  1735  4345  3580  3892   866  2366     0  4662  2208  5250  2232  4284   890  1572  4379  5339   711  1896  4101  3769  2579  4500  4279  3868  3796  4321  5482  2352   504  5175  4738  1004  4591  2304  4779  2350  4478  2398   622  4788   459  4084  4378  4191   566  1170  4575   972
  2668  7352   560  4078  1168  2476  3016  3886  4709  4662     0  4266   824  4575  3409  4538  4525   285   912  3904  4239   924  2892  4922   406  3402   948  3441   608   905  3770  4141   749   796  4652   241  2772   116  2819   452  4740  4042   530  4262   906   455  1014  4379  3630   254  4621
  2021  3875  3705  2875  3948  1986  3499  2565  3506  2154  4265     0  4852  3371  3890  2029  1131  3980  4941  2234  3035  3704  3375  3719  4101  3885  3470  2430  3924  5085   986  2030  4778  4340  1359  4194  1625  4381  1450  4079  3538  2721  4389  1754  3686  3980  3794  1598  2310  4178  2112
  3255  7940  1199  4665  1755  3062  3604  4472  5296  5250   824  4854     0  5162  3996  5125  5112  1022    89  4491  4826  1511  3480  5509   824  3990  1535  4029  1345   738  4358  4729    75   682  5240   781  3360   960  3406  1190  5328  4629  1268  4849  1494   872  1601  4966  4218   991  5209
  3399  4922  4015   498  4256  3491  3804  1222  1030  2232  4575  3425  5162     0  4196  2106  2790  4290  5250  1472   560  4014  2955  1244  4411  4190  3779  4890  4234  5394  2986  1710  5086  4650  2221  4502  2216  4691  2262  4389  1061  1425  4699  1831  3996  4289  4104  1949  1200  4488  2190
  2285  6970  2901  3695  1960  2379   392  3504  3265  4280  3461  3888  4049  4192     0  4155  4146  3178  4138  3521  2989  2900   570  3478  3299   230  2666  3776  3120  4281  3161  3759  3974  3536  4270  3390  2390  3578  2436  3276  3296  3660  2458  3880  1975  3176  2990  3996  3248  3374  4239
  3361  3580  3978  1610  4220  3455  3768  1300  2241   890  4538  2082  5125  2106  4159     0  1448  4252  5214   969  1770  3976  3644  2454  4374  4152  3742  3671  4196  5358  2228   765  5050  4612   879  4466  2179  4654  2225  4351  2272  1456  4661   489  3959  4252  4066   606  1045  4450   355
  2745  3061  4429  2061  4670  2710  4218  1751  2692  1340  4989  1564  5576  2558  4610  1215     0  4704  5664  1419  2221  4428  4094  2905  4825  4604  4192  3152  4648  5808  1709  1216  5500  5064   544  4916  2630  5105  2172  4802  2722  1908  5112   939  4410  4702  4518   784  1496  4901  1299
  2382  7069   275  3792   882  2191  2731  3601  4425  4379   285  3981  1022  4290  3124  4252  4240     0  1111  3619  3954   640  2608  4638   724  3118   662  3158   551  1255  3485  3856   946  1221  4368   440  2489   401  2534   395  4455  3758   474  3978   622   601   729  4095  3346   198  4336
  3344  8029  1288  4754  1842  3151  3692  4561  5385  5339   912  4941    89  5250  4084  5214  5201  1111     0  4580  4914  1600  3569  5598   911  4079  1624  4118  1434   825  4446  4816   164   715  5329   870  3449  1049  3495  1279  5416  4718  1356  4938  1582   961  1690  5055  4306  1080  5296
  2728  3784  3344   976  3586  2821  3134   666  1608   711  3904  2286  4491  1472  3525   969  1651  3619  4580     0  1138  3342  3010  1820  3740  3520  3109  3875  3562  4724  2315   208  4416  3979  1082  3832  1545  4020  1591  3718  1639   572  4028   692  3325  3619  3432   810   411  3816  1051
  3062  4586  3679   161  3920  3155  2589   886   470  1896  4239  3089  4826   560  2981  1770  2454  3954  4914  1138     0  3678  2418   684  4075  2975  3442  4554  3898  5058  2650  1374  4750  4314  1885  4166  1880  4355  1926  4052   501  1089  4362  1495  3660  3952  3768  1612   864  4151  1854
  2106  6791   364  3516   331  1915  2455  3325  4148  4101   924  3705  1511  4014  2848  3976  3964   640  1600  3342  3678     0  2331  4361   761  2841   386  2880   220  1744  3209  3580  1436   999  4091   852  2211  1040  2258   375  4179  3481   774  3701    98   639    90  3818  3069   836  4060
  1715  6401  2331  3125  1390  1809   866  2934  3756  3711  2892  3318  3479  3622  1259  3585  3576  2608  3568  2951  3286  2331     0  3970  2729  1252  2096  3208  2550  3711  2591  3189  3404  2966  3700  2820  1821  3008  1866  2706  3788  3090  1888  3310  1406  2606  2420  3428  2679  2804  3669
  3746  5269  4361   845  4604  3839  3079  1570   212  2579  4922  3772  5509  1244  3471  2454  3138  4638  5598  1820   684  4361  2908     0  4759  3465  4126  5238  4580  5741  3334  2058  5434  4996  2569  4850  2564  5038  2609  4736   182  1772  5046  2179  4344  4636  4450  2296  1548  4834  2538
  2504  7190   448  3914  1004  2312  2852  3722  4546  4500   406  4102   824  4411  3245  4374  4361   724   911  3740  4075   761  2729  4759     0  3239   784  3279   980  1055  3606  3978   748   464  4489   164  2610   671  2655   771  4576  3879   849  4099   744   122   850  4216  3468   572  4458
  2279  6964  2895  3689  1954  2372   386  3498  3259  4274  3455  3881  4042  4186   230  4149  4140  3171  4131  3515  2982  2895   564  3472  3292     0  2660  3771  3114  4275  3155  3752  3968  3530  4264  3384  2384  3571  2430  3270  3290  3654  2451  3874  1969  3170  2984  3991  3242  3368  4232
  1872  6558   388  3282   629  1680  2221  3090  3914  3868   948  3470  1535  3779  2612  3742  3729   662  1624  3109  3442   386  2098  4126   784  2608     0  2646   606  1768  2975  3345  1459  1022  3858   876  1978  1064  2024   761  3945  3246  1071  3466   369   662   476  3584  2835   860  3825
  2380  5452  2871  4424  3114  1836  3362  4232  5055  3732  3432  2450  4019  4921  3755  3608  2709  3148  4108  3811  4585  2871  3239  5269  3269  3749  2636     0  3090  4251  1954  3609  3944  3506  2936  3360  2592  3548  2418  3246  5086  4389  3556  3331  2854  3146  2960  3176  3978  3344  3690
  2326  7011   584  3736   551  2134  2675  3544  4368  4321   608  3925  1345  4234  3068  4196  4184   551  1434  3562  3898   220  2551  4580   980  3061   606  3100     0  1578  3429  3799  1270  1219  4311   762  2431   724  2478   155  4399  3700   529  3920   318   859   130  4038  3289   520  4280
  3488  8172  1431  4898  1986  3295  3836  4705  5529  5482   905  5085   738  5394  4228  5358  5345  1255   825  4724  5058  1744  3712  5741  1055  4222  1768  4261  1578     0  4590  4960   661  1315  5472  1014  3592   841  3639  1422  5560  4861  1500  5081  1726  1105  1834  5199  4450  1224  5440
  1296  3726  2982  2489  3225  1261  2772  2416  3121  2005  3544   724  4131  2986  3165  1880   982  3259  4219  2085  2650  2982  2649  3334  3380  3159  2748  1971  3201  4362     0  1881  4055  3618  1210  3471   899  3660   724  3358  3151  2572  3668  1605  2965  3258  3072  1449  2161  3455  1964
  2965  3581  3581  1212  3822  3058  3370   904  1844   504  4141  2084  4729  1710  3762   765  1449  3856  4816   208  1374  3580  3246  2058  3978  3756  3345  3672  3799  4960  2229     0  4652  4215   880  4069  1782  4258  1828  3955  1875   695  4265   490  3562  3855  3670   608   649  4052   849
  3180  7865  1124  4590  1679  2988  3528  4398  5221  5175   749  4778    75  5086  3920  5050  5036   946   164  4416  4750  1436  3405  5434   748  3914  1459  3954  1270   661  4281  4652     0   608  5164   706  3285   884  3331  1115  5251  4554  1192  4774  1419   798  1526  4891  4142   916  5132
  2742  7428   945  4152  1242  2550  3091  3960  4784  4738   796  4341   682  4650  3484  4612  4600  1221   715  3979  4314   999  2968  4996   464  3478  1022  3516  1219  1315  3845  4215   608     0  4728   661  2848   931  2894  1162  4815  4116  1240  4336   981   620  1089  4454  3705   964  4696
  3476  2909  4092  1725  4334  2558  3881  1415  2356  1004  4652  1411  5240  2221  4274   879   776  4368  5329  1082  1885  4091  3758  2569  4489  4268  3858  3000  4311  5472  1558   880  5164  4728     0  4580  2294  4769  2340  4466  2386  1571  4776   604  4074  4368  4181   448  1160  4565   962
  2596  7281   540  4006  1095  2404  2945  3814  4638  4591   241  4194   781  4502  3336  4466  4452   440   870  3832  4166   852  2821  4850   164  3331   876  3370   762  1014  3698  4069   706   661  4580     0  2701   358  2748   608  4669  3970   685  4190   835   214   942  4308  3559   409  4549
  1596  4994  2212  1719  2455  1690  2002  1528  2350  2304  2772  1626  3360  2216  2394  2179  1885  2489  3449  1545  1880  2211  1879  2564  2610  2389  1978  2604  2431  3592   899  1782  3285  2848  2294  2701     0  2889   175  2588  2381  1682  2898  1902  2194  2488  2301  2020  1271  2685  2262
  2784  7469   676  4194  1284  2591  3132  4001  4825  4779   116  4382   960  4691  3525  4654  4641   401  1049  4020  4355  1040  3009  5038   671  3519  1064  3558   724   841  3886  4258   884   931  4769   358  2889     0  2935   569  4856  4158   646  4378  1022   721  1130  4495  3746   370  4738
  1642  4454  2259  1765  2501  1736  2049  1572  2396  2350  2819  1451  3406  2262  2440  2225  1710  2534  3495  1591  1926  2258  1925  2609  2655  2435  2024  2429  2478  3639   724  1828  3331  2894  2340  2748   175  2935     0  2632  2428  1729  2942  1949  2240  2534  2348  2066  1318  2731  2309
  2481  7168   671  3891   708  2290  2830  3700  4524  4478   452  4080  1190  4389  3222  4351  4339   395  1279  3718  4052   375  2706  4736   771  3216   761  3256   155  1422  3584  3955  1115  1162  4466   608  2588   569  2632     0  4554  3856   372  4076   472   996   285  4194  3445   365  4435
  3564  5088  4180   664  4421  3658  2896  1388    31  2398  4740  3590  5328  1061  3289  2272  2955  4455  5416  1639   501  4179  2726   182  4576  3282  3945  5055  4399  5560  3151  1875  5251  4815  2386  4669  2381  4856  2428  4554     0  1590  4864  1996  4161  4455  4269  2114  1365  4652  2355
  2865  4271  3481   929  3724  2959  3271   392  1560   622  4042  2775  4629  1425  3664  1456  2140  3758  4718   572  1089  3481  3148  1772  3879  3658  3246  4358  3700  4861  2454   695  4554  4116  1571  3970  1682  4158  1729  3856  1590     0  4166  1181  3464  3756  3570  1299   411  3954  1540
  2791  7478   741  4201   779  2600  2014  4010  4834  4788   524  4390  1261  4699  2406  4661  4649   466  1349  4028  4362   774  1890  5046   842  2400  1071  3566   521  1492  3894  4265  1185  1232  4776   678  2898   639  2942   366  4864  4166     0  4386   739  1068   864  4504  3755   435  4745
  3085  3304  3701  1334  3944  3179  3491  1025  1965   459  4262  1806  4849  1831  3884   489  1171  3978  4938   692  1495  3701  3368  2179  4099  3878  3466  3395  3920  5081  1952   490  4774  4336   604  4190  1902  4378  1949  4076  1996  1181  4386     0  3684  3976  3790   330   770  4174   571
  2089  6774   346  3499   296  1898  1531  3308  4130  4084   906  3688  1494  3996  1924  3959  3946   622  1582  3325  3660    98  1408  4344   744  1918   369  2864   318  1726  3191  3562  1419   981  4074   835  2194  1022  2240   472  4161  3464   739  3684     0   621   188  3801  3052   819  4042
  2382  7068   326  3792   881  2190  2731  3600  4424  4378   455  3980   872  4289  3122  4252  4240   601   961  3619  3952   639  2608  4636   122  3118   662  3156   859  1105  3485  3855   798   620  4368   214  2488   721  2534   996  4455  3756  1075  3976   621     0   729  4094  3345   799  4335
  2196  6881   454  3606   421  2004  2545  3414  4238  4191  1014  3795  1601  4104  2938  4066  4054   729  1690  3432  3768    90  2421  4450   850  2931   476  2970   130  1834  3299  3670  1526  1089  4181   942  2301  1130  2348   285  4269  3570   864  3790   188   729     0  3908  3159   926  4150
  3202  3148  3819  1451  4061  3296  3609  1142  2082   566  4379  1651  4966  1949  4001   606  1016  4095  5055   810  1612  3818  3485  2296  4216  3995  3584  3240  4038  5199  1796   608  4891  4454   448  4308  2020  4495  2066  4194  2114  1299  4504   330  3801  4094  3908     0   886  4291   689
  2454  3860  3070   702  3312  2548  2860   255  1334  1170  3630  2364  4218  1200  3252  1045  1729  3346  4306   411   864  3069  2736  1548  3468  3246  2835  3946  3289  4450  2042   649  4142  3705  1160  3559  1271  3746  1318  3445  1365   411  3755   770  3052  3345  3159   886     0  3542  1129
  2580  7265   472  3990  1079  2388  2929  3798  4621  4575   254  4179   991  4488  3321  4450  4438   198  1080  3816  4151   836  2805  4834   572  3315   860  3354   520  1224  3682  4052   916   964  4565   409  2685   370  2731   365  4652  3954   442  4174   819   799   926  4291  3542     0  4532
  3445  3662  4061  1692  4302  3538  3850  1384  2325   972  4621  2165  5209  2190  4242   355  1530  4336  5296  1051  1854  4060  3726  2538  4458  4236  3825  3754  4280  5440  2311   849  5132  4696   962  4549  2262  4738  2309  4435  2355  1540  4745   571  4042  4335  4150   689  1129  4532     0
DRONE_EDGE_WEIGHT_SECTION
     0  1490   728  1149   526   324   465  1329  1431  1504   995   754  1466  1429   440   761  1052   862  1502  1243  1250   647   579  1583  1011   477   686   356   711  1517   628  1254  1408  1255  1282  1023   427  1066   460   780  1453  1420   824  1221   573   897   682  1209  1213   979  1011
  1490     0  2207  1013  1999  1782  1603   793  1130   573  2480   746  2954   980  1824   822   556  2341  2987   713  1060  2126  1452  1175  2501  1820  2176  1620  2181  3008   883   627  2897  2741   461  2513  1183  2552  1120  2248  1135   771  2280   585  2047  2386  2159   540   776  2459   738
   728  2207     0  1677   210   525   736  1919  1923  2146   275  1463   799  1968   437  1429  1730   135   845  1858  1760    81   954  2072   333   479   104   792    62   825  1328  1888   735   616  1950   330  1054   346  1110    82  1945  2016   152  1868   162   203    50  1867  1812   252  1644
  1149  1013  1677     0  1482  1465   943   293   289   590  1940   704  2476   291  1240   529   522  1792  2522   312   107  1605   727   437  2010  1203  1693  1462  1629  2495   697   394  2412  2289   555  2007   724  2007   705  1683   310   383  1687   429  1526  1880  1628   473   244  1902   335
   526  1999   210  1482     0   381   549  1718  1735  1939   484  1254  1000  1773   251  1220  1520   342  1044  1653  1568   130   766  1886   531   305   212   647   184  1032  1119  1682   937   807  1741   533   845   556   901   253  1757  1814   300  1660    48   404   160  1659  1609   461  1437
   324  1782   525  1465   381     0   662  1652  1743  1826   758  1061  1176  1748   471  1083  1370   650  1208  1567  1564   458   836  1896   743   533   450   269   535  1239   942  1577  1122   961  1600   763   748   826   783   598  1766  1744   660  1543   411   648   493  1530  1536   757  1335
   465  1603   736   943   549   662     0  1196  1187  1442   997   881  1534  1234   300   782  1072   849  1581  1145  1024   667   218  1337  1069   260   761   808   686  1552   744  1186  1469  1351  1273  1065   431  1064   495   740  1209  1293   746  1175   590   939   687  1184  1094   959   950
  1329   793  1919   293  1718  1652  1196     0   338   301  2188   727  2717   199  1485   602   434  2040  2762   117   289  1844   987   411  2249  1454  1925  1608  1875  2743   775   184  2654  2523   342  2249   905  2257   869  1933   345    97  1942   244  1763  2120  1869   295   117  2153   337
  1431  1130  1923   289  1735  1743  1187   338     0   599  2178   971  2718   157  1487   807   734  2031  2766   436   182  1854   969   153  2256  1444  1946  1749  1871  2729   979   517  2653  2538   680  2250  1009  2243   993  1921    22   368  1919   573  1776  2125  1874   625   392  2137   577
  1504   573  2146   590  1939  1826  1442   301   599     0  2418   805  2937   442  1718   743   472  2271  2979   302   589  2068  1243   614  2469  1694  2141  1742  2105  2970   896   257  2875  2736   253  2472  1100  2489  1052  2167   598   233  2182   283  1986  2343  2095   300   363  2387   502
   995  2480   275  1940   484   758   997  2188  2178  2418     0  1736   542  2230   703  1704  2004   148   592  2129  2019   355  1213  2326   132   737   312  1012   313   555  1602  2161   476   388  2224   101  1328    72  1385   257  2199  2285   266  2141   436   115   325  2141  2082    54  1917
   754   746  1463   704  1254  1061   881   727   971   805  1736     0  2220   895  1081   188   333  1596  2256   615   806  1382   765  1099  1762  1081  1434   944  1435  2269   139   587  2161  2009   559  1772   450  1808   386  1502   989   796  1535   537  1302  1644  1414   508   618  1714   400
  1466  2954   799  2476  1000  1176  1534  2717  2718  2937   542  2220     0  2767  1236  2209  2508   687    56  2653  2558   873  1751  2866   469  1275   796  1385   848   115  2091  2680    66   217  2732   469  1839   481  1891   797  2740  2814   806  2657   954   597   849  2653  2609   587  2435
  1429   980  1968   291  1773  1748  1234   199   157   442  2230   895  2767     0  1531   748   624  2082  2813   310   217  1897  1017   214  2301  1493  1984  1730  1919  2785   923   383  2702  2580   539  2298  1002  2297   976  1973   157   213  1976   442  1817  2171  1919   494   282  2192   495
   440  1824   437  1240   251   471   300  1485  1487  1718   703  1081  1236  1531     0  1020  1320   555  1283  1427  1323   367   518  1637   770    64   462   693   390  1258   943  1461  1172  1051  1532   767   645   773   706   449  1509  1582   465  1444   290   640   388  1447  1379   669  1219
   761   822  1429   529  1220  1083   782   602   807   743  1704   188  2209   748  1020     0   301  1559  2248   501   634  1349   633   942  1743  1009  1414  1011  1395  2249   175   497  2148  2003   524  1750   376  1775   319  1459   826   684  1484   460  1267  1620  1379   448   486  1677   266
  1052   556  1730   522  1520  1370  1072   434   734   472  2004   333  2508   624  1320   301     0  1860  2547   317   602  1650   905   838  2043  1306  1714  1272  1695  2549   430   268  2447  2301   231  2050   677  2076   620  1760   748   485  1784   211  1568  1920  1680   176   345  1978   197
   862  2341   135  1792   342   650   849  2040  2031  2271   148  1596   687  2082   555  1559  1860     0   736  1981  1872   215  1066  2179   240   589   203   913   166   703  1461  2014   622   521  2078   225  1184   218  1241   110  2053  2137   136  1995   294   123   182  1995  1934   118  1771
  1502  2987   845  2522  1044  1208  1581  2762  2766  2979   592  2256    56  2813  1283  2248  2547   736     0  2696  2605   918  1798  2915   513  1322   838  1409   895   148  2128  2722   119   247  2772   516  1880   533  1931   846  2788  2858   857  2698   999   643   895  2693  2653   638  2477
  1243   713  1858   312  1653  1567  1145   117   436   302  2129   615  2653   310  1427   501   317  1981  2696     0   346  1781   943   524  2184  1400  1858  1511  1815  2683   671    86  2590  2455   253  2186   826  2199   784  1875   447   184  1888   137  1699  2057  1807   188    68  2096   235
  1250  1060  1760   107  1568  1564  1024   289   182   589  2019   806  2558   217  1323   634   602  1872  2605   346     0  1690   807   333  2093  1283  1780  1567  1710  2573   803   432  2493  2374   599  2089   828  2086   811  1763   204   363  1763   478  1611  1963  1711   526   284  1980   425
   647  2126    81  1605   130   458   667  1844  1854  2068   355  1382   873  1897   367  1349  1650   215   918  1781  1690     0   885  2004   405   413   108   726    78   903  1247  1811   809   684  1870   405   975   427  1030   141  1876  1941   203  1789    82   276    36  1788  1736   333  1566
   579  1452   954   727   766   836   218   987   969  1243  1213   765  1751  1017   518   633   905  1066  1798   943   807   885     0  1120  1287   477   978   935   903  1768   639   990  1687  1568  1090  1283   350  1280   406   957   992  1084   960   985   807  1157   905   998   888  1175   762
  1583  1175  2072   437  1886  1896  1337   411   153   614  2326  1099  2866   214  1637   942   838  2179  2915   524   333  2004  1120     0  2405  1594  2097  1899  2020  2876  1116   595  2801  2688   746  2399  1160  2390  1142  2070   130   405  2065   655  1927  2275  2024   706   494  2284   700
  1011  2501   333  2010   531   743  1069  2249  2256  2469   132  1762   469  2301   770  1743  2043   240   513  2184  2093   405  1287  2405     0   812   329   981   386   507  1631  2212   406   284  2266    37  1372   139  1425   345  2278  2346   374  2189   486   130   382  2186  2140   184  1967
   477  1820   479  1203   305   533   260  1454  1444  1694   737  1081  1275  1493    64  1009  1306   589  1322  1400  1283   413   477  1594   812     0   512   748   427  1292   942  1438  1210  1094  1515   806   637   805   700   481  1466  1551   489  1423   340   681   431  1428  1350   700  1198
   686  2176   104  1693   212   450   761  1925  1946  2141   312  1434   796  1984   462  1414  1714   203   838  1858  1780   108   978  2097   329   512     0   711   154   836  1302  1884   735   598  1937   338  1043   383  1095   186  1969  2022   255  1860   172   211   113  1857  1815   307  1639
   356  1620   792  1462   647   269   808  1608  1749  1742  1012   944  1385  1730   693  1011  1272   913  1409  1511  1567   726   935  1899   981   748   711     0   804  1459   848  1506  1336  1168  1502  1005   743  1077   757   867  1771  1693   929  1464   679   899   761  1443  1491  1016  1276
   711  2181    62  1629   184   535   686  1875  1871  2105   313  1435   848  1919   390  1395  1695   166   895  1815  1710    78   903  2020   386   427   154   804     0   868  1299  1848   783   670  1913   380  1019   384  1076    69  1893  1972   125  1829   138   256    47  1830  1768   283  1605
  1517  3008   825  2495  1032  1239  1552  2743  2729  2970   555  2269   115  2785  1258  2249  2549   703   148  2683  2573   903  1768  2876   507  1292   836  1459   868     0  2138  2713   130   300  2771   499  1876   487  1930   811  2751  2840   811  2692   985   629   875  2690  2636   593  2469
   628   883  1328   697  1119   942   744   775   979   896  1602   139  2091   923   943   175   430  1461  2128   671   803  1247   639  1116  1631   942  1302   848  1299  2138     0   659  2032  1882   660  1640   313  1674   248  1366   999   854  1397   616  1167  1512  1279   596   660  1579   439
  1254   627  1888   394  1682  1577  1186   184   517   257  2161   587  2680   383  1461   497   268  2014  2722    86   432  1811   990   595  2212  1438  1884  1506  1848  2713   659     0  2618  2480   167  2215   844  2231   798  1909   526   218  1925    61  1729  2085  1838   111   150  2129   245
  1408  2897   735  2412   937  1122  1469  2654  2653  2875   476  2161    66  2702  1172  2148  2447   622   119  2590  2493   809  1687  2801   406  1210   735  1336   783   130  2032  2618     0   171  2671   405  1777   415  1830   732  2675  2751   741  2595   891   534   785  2592  2546   521  2373
  1255  2741   616  2289   807   961  1351  2523  2538  2736   388  2009   217  2580  1051  2003  2301   521   247  2455  2374   684  1568  2688   284  1094   598  1168   670   300  1882  2480   171     0  2527   296  1636   346  1687   628  2560  2619   651  2454   763   414   664  2449  2413   440  2235
  1282   461  1950   555  1741  1600  1273   342   680   253  2224   559  2732   539  1532   524   231  2078  2772   253   599  1870  1090   746  2266  1515  1937  1502  1913  2771   660   167  2671  2527     0  2272   896  2295   842  1977   687   346  1998   126  1788  2142  1899    93   315  2196   328
  1023  2513   330  2007   533   763  1065  2249  2250  2472   101  1772   469  2298   767  1750  2050   225   516  2186  2089   405  1283  2399    37   806   338  1005   380   499  1640  2215   405   296  2272     0  1377   102  1431   333  2272  2346   355  2193   487   130   380  2191  2141   155  1971
   427  1183  1054   724   845   748   431   905  1009  1100  1328   450  1839  1002   645   376   677  1184  1880   826   828   975   350  1160  1372   637  1043   743  1019  1876   313   844  1777  1636   896  1377     0  1400    65  1083  1031   998  1108   818   893  1247  1004   815   790  1301   599
  1066  2552   346  2007   556   826  1064  2257  2243  2489    72  1808   481  2297   773  1775  2076   218   533  2199  2086   427  1280  2390   139   805   383  1077   384   487  1674  2231   415   346  2295   102  1400     0  1456   324  2265  2354   326  2212   508   178   396  2212  2151   106  1988
   460  1120  1110   705   901   783   495   869   993  1052  1385   386  1891   976   706   319   620  1241  1931   784   811  1030   406  1142  1425   700  1095   757  1076  1930   248   798  1830  1687   842  1431    65  1456     0  1141  1015   960  1168   769   948  1301  1060   763   753  1358   554
   780  2248    82  1683   253   598   740  1933  1921  2167   257  1502   797  1973   449  1459  1760   110   846  1875  1763   141   957  2070   345   481   186   867    69   811  1366  1909   732   628  1977   333  1083   324  1141     0  1943  2030    69  1891   207   220   106  1893  1828   220  1667
  1453  1135  1945   310  1757  1766  1209   345    22   598  2199   989  2740   157  1509   826   748  2053  2788   447   204  1876   992   130  2278  1466  1969  1771  1893  2751   999   526  2675  2560   687  2272  1031  2265  1015  1943     0   370  1940   583  1798  2147  1896   635   404  2158   594
  1420   771  2016   383  1814  1744  1293    97   368   233  2285   796  2814   213  1582   684   485  2137  2858   184   363  1941  1084   405  2346  1551  2022  1693  1972  2840   854   218  2751  2619   346  2346   998  2354   960  2030   370     0  2039   278  1860  2217  1966   325   208  2250   418
   824  2280   152  1687   300   660   746  1942  1919  2182   266  1535   806  1976   465  1484  1784   136   857  1888  1763   203   960  2065   374   489   255   929   125   811  1397  1925   741   651  1998   355  1108   326  1168    69  1940  2039     0  1909   257   258   169  1912  1839   220  1684
  1221   585  1868   429  1660  1543  1175   244   573   283  2141   537  2657   442  1444   460   211  1995  2698   137   478  1789   985   655  2189  1423  1860  1464  1829  2692   616    61  2595  2454   126  2193   818  2212   769  1891   583   278  1909     0  1707  2063  1817    52   193  2111   225
   573  2047   162  1526    48   411   590  1763  1776  1986   436  1302   954  1817   290  1267  1568   294   999  1699  1611    82   807  1927   486   340   172   679   138   985  1167  1729   891   763  1788   487   893   508   948   207  1798  1860   257  1707     0   357   112  1706  1655   413  1484
   897  2386   203  1880   404   648   939  2120  2125  2343   115  1644   597  2171   640  1620  1920   123   643  2057  1963   276  1157  2275   130   681   211   899   256   629  1512  2085   534   414  2142   130  1247   178  1301   220  2147  2217   258  2063   357     0   252  2061  2012   136  1841
   682  2159    50  1628   160   493   687  1869  1874  2095   325  1414   849  1919   388  1379  1680   182   895  1807  1711    36   905  2024   382   431   113   761    47   875  1279  1838   785   664  1899   380  1004   396  1060   106  1896  1966   169  1817   112   252     0  1817  1762   301  1594
  1209   540  1867   473  1659  1530  1184   295   625   300  2141   508  2653   494  1447   448   176  1995  2693   188   526  1788   998   706  2186  1428  1857  1443  1830  2690   596   111  2592  2449    93  2191   815  2212   763  1893   635   325  1912    52  1706  2061  1817     0   242  2112   236
  1213   776  1812   244  1609  1536  1094   117   392   363  2082   618  2609   282  1379   486   345  1934  2653    68   284  1736   888   494  2140  1350  1815  1491  1768  2636   660   150  2546  2413   315  2141   790  2151   753  1828   404   208  1839   193  1655  2012  1762   242     0  2048   222
   979  2459   252  1902   461   757   959  2153  2137  2387    54  1714   587  2192   669  1677  1978   118   638  2096  1980   333  1175  2284   184   700   307  1016   283   593  1579  2129   521   440  2196   155  1301   106  1358   220  2158  2250   220  2111   413   136   301  2112  2048     0  1887
  1011   738  1644   335  1437  1335   950   337   577   502  1917   400  2435   495  1219   266   197  1771  2477   235   425  1566   762   700  1967  1198  1639  1276  1605  2469   439   245  2373  2235   328  1971   599  1988   554  1667   594   418  1684   225  1484  1841  1594   236   222  1887     0
DEPOT_SECTION
0
-1
EOF
    