
NAME : WM-51-8
COMMENT : CVS
TYPE : RDVRP-TW
DIMENSION : 51
CAPACITY : 100
EDGE_WEIGHT_TYPE : EXPLICIT
EDGE_WEIGHT_FORMAT : FULL_MATRIX 
NODE_COORD_SECTION
  0 -78.5881280000 35.7825655000
  1 -78.5967136000 35.7839749000
  2 -78.6037264000 35.7926209000
  3 -78.5981846000 35.7921401000
  4 -78.6021813000 35.7875637000
  5 -78.5837795000 35.7757139000
  6 -78.5888527000 35.7694178000
  7 -78.5942456000 35.7707162000
  8 -78.5910707000 35.7748147000
  9 -78.6033001000 35.7906831000
 10 -78.6031823000 35.7859947000
 11 -78.6032457000 35.7773672000
 12 -78.6017049000 35.7896104000
 13 -78.5976551000 35.7697231000
 14 -78.6031191000 35.7912798000
 15 -78.5774124000 35.7942860000
 16 -78.5982520000 35.7913655000
 17 -78.5997636000 35.7960099000
 18 -78.5786246000 35.7961776000
 19 -78.5819094000 35.7915159000
 20 -78.6047076000 35.7915373000
 21 -78.5979003000 35.7900674000
 22 -78.5868493000 35.7703403000
 23 -78.5748747000 35.7938401000
 24 -78.5888883000 35.7875410000
 25 -78.5866047000 35.7690650000
 26 -78.5795298000 35.7876039000
 27 -78.5853680000 35.7713120000
 28 -78.6020334000 35.7896269000
 29 -78.5790272000 35.7860719000
 30 -78.5806540000 35.7855753000
 31 -78.6047521000 35.7814391000
 32 -78.6038983000 35.7907166000
 33 -78.5862519000 35.7703834000
 34 -78.5920239000 35.7702304000
 35 -78.5976012000 35.7932676000
 36 -78.6008285000 35.7829740000
 37 -78.5935332000 35.7724786000
 38 -78.6010462000 35.7701205000
 39 -78.6015405000 35.7947325000
 40 -78.5857841000 35.7947905000
 41 -78.5933928000 35.7712048000
 42 -78.5728181000 35.7894843000
 43 -78.5937969000 35.7804925000
 44 -78.5906529000 35.7716862000
 45 -78.6043308000 35.7879891000
 46 -78.5874968000 35.7721642000
 47 -78.5888078000 35.7701890000
 48 -78.5814349000 35.7735517000
 49 -78.5833755000 35.7722212000
 50 -78.5770343000 35.7955224000
TIME_WINDOW_SECTION
  0      0  36000
  1      0  33078
  2      0  31759
  3      0  32409
  4      0  32372
  5      0  32806
  6  29478  31478
  7      0  32365
  8   5496   7496
  9      0  32216
 10      0  31715
 11      0  31564
 12      0  32566
 13      0  31546
 14  11446  14312
 15      0  31128
 16      0  32322
 17      0  31494
 18      0  31939
 19      0  32818
 20      0  31768
 21      0  32565
 22  26231  29959
 23      0  31026
 24      0  34068
 25      0  31514
 26      0  32758
 27      0  31615
 28      0  32426
 29      0  32819
 30      0  33004
 31      0  32100
 32  17753  19753
 33  26035  28035
 34      0  32346
 35      0  32131
 36      0  32790
 37      0  32621
 38      0  31434
 39      0  31775
 40      0  32801
 41      0  32589
 42      0  29265
 43      0  33720
 44      0  32318
 45      0  32216
 46      0  31984
 47  15744  17744
 48      0  32792
 49      0  32468
 50      0  31616
DEMAND_SECTION
  0      0
  1     19
  2     21
  3     16
  4     30
  5     25
  6     21
  7     19
  8     12
  9     29
 10     26
 11     21
 12     29
 13      8
 14     20
 15     27
 16     19
 17      7
 18     14
 19      5
 20     18
 21      8
 22     24
 23     28
 24     17
 25     15
 26      5
 27      8
 28     19
 29     28
 30      6
 31      5
 32     14
 33      9
 34     12
 35     25
 36      7
 37     16
 38     14
 39     28
 40     27
 41     22
 42     25
 43     28
 44     28
 45     18
 46     12
 47     26
 48     26
 49     18
 50     12
SERVICE_TIME_SECTION
  0      0
  1   1000
  2   1000
  3   1000
  4   1000
  5   1000
  6   1000
  7   1000
  8   1000
  9   1000
 10   1000
 11   1000
 12   1000
 13   1000
 14   1000
 15   1000
 16   1000
 17   1000
 18   1000
 19   1000
 20   1000
 21   1000
 22   1000
 23   1000
 24   1000
 25   1000
 26   1000
 27   1000
 28   1000
 29   1000
 30   1000
 31   1000
 32   1000
 33   1000
 34   1000
 35   1000
 36   1000
 37   1000
 38   1000
 39   1000
 40   1000
 41   1000
 42   1000
 43   1000
 44   1000
 45   1000
 46   1000
 47   1000
 48   1000
 49   1000
 50   1000
TRUCK_EDGE_WEIGHT_SECTION
     0  1976  3286  2636  2672  1440  3388  2738  2110  2829  3330  3539  2478  3555  3009  3595  2722  3551  2708  2171  3278  2480  2838  3696  1299  3051  1876  2390  2619  1721  1535  2525  2949  2666  2756  2914  2259  2481  3669  3270  2245  2514  5679  1382  2785  2829  2581  3215  1970  1922  3306
  1922     0  1950  1300   824  3196  3718  3066  2440  1492  1202  2624  1141  3885  1672  4636  1385  2215  3749  3212  1941  1144  3705  4738  1984  3919  3371  3816  1282  3216  3030  1610  1612  3806  3086  1578  1344  2810  3632  1934  3286  2844  6720   974  3114  1235  3448  3544  3725  3679  4349
  3241  1950     0  1042  1295  4511  5036  4385  3759   595  1748  4456  1098  5204   456  5238   982   971  4350  3815   364  1421  5024  5339  2666  5238  3972  5136   819  3818  3631  4174   392  5125  4405  1196  3908  4130  5318   690  3888  4162  7321  3031  4434  1182  4766  4864  5040  4994  4950
  2591  1300  1042     0  1369  3860  4386  3735  3109   905  1706  4538  1086  4554   765  4588   140   704  3700  3164  1034   316  4372  4689  2016  4586  3321  4485   776  3168  2981  3524  1062  4475  3754   278  3258  3479  4666   625  3236  3511  6671  2380  3782  1140  4116  4212  4390  4342  4299
  2628   824  1288  1369     0  3896  4422  3771  3145   679   658  3448   595  4590   768  4624  1455  1552  3736  3200   949  1212  4409  4725  2052  4622  3358  4521   470  3204  3018  1774   800  4511  3790  1399  2168  3515  4702  1271  3272  3548  6708  2416  3819   411  4152  4249  4426  4380  4335
  2194  3705  5011  4361  4398     0  1809  2066  1781  4554  5055  3566  4202  2885  4734  4959  4446  5276  4071  3536  5002  4205  1398  5060  2662  1611  2558   950  4344  2404  2218  4254  4674  1228  1968  4639  3988  2061  2998  4995  3609  1842  7042  2200  1646  4554  1141  1636   530   484  4671
  3286  3725  5036  4386  4422  2108     0   820   984  4578  5080  2536  4228  1854  4759  5999  4471  5301  5111  4576  5028  4229   359  6100  3702   249  3950  1111  4369  3795  3609  4275  4699   644   562  4664  4009  1264  1968  5020  4649  1045  8082  2221   510  4579   741   172  1921  1665  5711
  2635  3075  4385  3735  3771  2364   820     0   778  3928  4429  1716  3578  1034  4108  5349  3821  4650  4461  3925  4376  3579  1255  5450  3052  1469  4082  1368  3718  3929  3742  2719  4048  1358   299  4012  3358   401  1146  4369  3998   224  7432  1571   665  3928   999  1095  2179  1921  5060
  2009  2449  3759  3109  3145  1994   984   778     0  3301  3802  2279  2950  1596  3481  4721  3194  4024  3834  3299  3750  2952   970  4822  2425  1184  3456  1082  3091  3301  3116  2998  3421  1072   798  3386  2731   522  1710  3742  3371   555  6805   944   438  3301   714   810  1894  1636  4434
  2784  1492   595   905   686  4052  4578  3928  3301     0  1140  4091   490  4746   140  4780   845  1211  3892  3356   269  1284  4565  4880  2209  4779  3514  4678   210  3360  3174  3716   120  4668  3946  1059  3450  3671  4859   930  3429  3704  6864  2572  3975   574  4309  4405  4582  4535  4491
  3285  1202  1741  1699   658  4555  5080  4429  3802  1132     0  2468  1049  3780  1221  5281  1508  2006  4394  3858  1401  1870  5068  5382  2710  5281  4016  5180   922  3861  3675  1460  1252  5169  4449  1852  2350  4172  3476  1724  3931  4206  7365  3075  4478   865  4810  4906  5084  5038  4994
  3436  2621  4418  4536  3444  3888  2559  1739  2301  4058  2661     0  4378  1712  4500  6149  4621  5394  5262  4726  4408  4380  2779  6250  3852  2992  4884  2891  3848  4729  4544  1401  4436  2880  2038  4814  2209  1831  1408  5112  4799  1746  8232  2488  2189  4058  2521  2619  3702  3445  5861
  2434  1141  1098  1086   602  3702  4228  3578  2950   490  1055  4379     0  4395   578  4429   946  1362  3541  3006   759  1018  4215  4530  1858  4429  3164  4328   280  3009  2822  3365   610  4316  3596  1398  3099  3321  4509  1081  3079  3354  6512  2222  3625   490  3958  4055  4231  4185  4141
  3454  3894  5204  4554  4590  3182  1854  1034  1596  4746  5248  1690  4395     0  4926  6168  4640  5469  5280  4744  5195  4398  2074  6269  3871  2288  4901  2186  4536  4748  4561  2692  4866  2175  1332  4831  4176  1128  1120  5188  4816  1042  8251  2389  1484  4746  1816  1914  2998  2740  5879
  2964  1672   456   765   775  4232  4759  4108  3481   140  1228  4539   578  4926     0  4960   705  1072  4072  3536   446  1144  4745  5061  2389  4959  3694  4858   299  3540  3354  3896   260  4848  4126   919  3630  3851  5039   790  3609  3885  7044  2752  4155   662  4489  4585  4762  4716  4671
  3872  4890  5402  4752  4789  4790  6301  5651  5024  4945  5446  6452  4595  6470  5125     0  4839  5668   848  2665  5394  4596  6289   436  3150  6502  4251  5740  4735  4096  3911  5439  5065  6390  5670  5030  5172  5395  6582  5386  2682  5428  3378  4296  5699  4945  6031  6129  5319  5272   489
  2678  1385   982   140  1455  3946  4471  3821  3194   845  1515  4622   946  4640   705  4672     0   842  3785  3250   974   330  4459  4774  2102  4672  3408  4571   585  3252  3068  3609  1002  4560  3840   418  3342  3565  4752   765  3322  3598  6756  2466  3869   949  4201  4299  4475  4429  4385
  3506  2215   971   704  1560  4776  5301  4650  4024  1211  2012  5432  1362  5469  1072  5502   842     0  4615  4079  1341  1019  5289  5604  2931  5502  4238  5400  1084  4082  3896  4439  1369  5390  4670   512  4172  4394  5582   281  4152  4428  7586  3296  4698  1448  5031  5128  5305  5259  5215
  3061  4079  4591  3941  3978  3979  5490  4839  4212  4134  4635  5641  3782  5658  4314  1025  4026  4856     0  1854  4582  3785  5478  1125  2339  5691  3440  4929  3924  3285  3099  4628  4254  5579  4859  4219  4361  4584  5771  4575  1870  4616  3109  3485  4888  4134  5220  5318  4508  4461   359
  2182  3199  3712  3062  3099  3099  4611  3960  3334  3254  3756  4762  2904  4779  3435  2342  3148  3978  1455     0  3704  2905  4598  2442  1460  4811  2560  4049  3045  2406  2220  3749  3375  4700  3979  3340  3482  3704  4891  3695   991  3738  4426  2605  4008  3255  4341  4438  3629  3581  2054
  3232  1941   364  1034   955  4501  5028  4376  3750   269  1409  4446   759  5195   446  5229   974  1341  4341  3805     0  1412  5014  5330  2658  5228  3962  5126   479  3809  3622  4165   149  5116  4395  1188  3899  4120  5308  1059  3878  4154  7312  3021  4424   844  4758  4854  5031  4985  4940
  2435  1144  1421   316  1212  3704  4229  3579  2952  1284  1870  4381  1018  4398  1144  4431   330  1019  3544  3008  1412     0  4216  4531  1860  4430  3165  4329  1159  3011  2825  3366  1441  4319  3598   594  3101  3322  4510   941  3080  3355  6515  2224  3626  1369  3960  4056  4234  4186  4142
  3272  3712  5024  4372  4409  1696   359  1255   970  4565  5068  2756  4215  2074  4745  7499  4459  5289  6611  4562  5014  4216     0  7599  3690   214  3539   700  4355  3384  3199  4261  4686   609  1156  4650  3996  1250  2186  5006  4635  1031  9582  2209   835  4565   258   465  1510  1254  7210
  3974  4991  5504  4854  4890  4891  6402  5751  5125  5046  5548  6554  4695  6570  5226   436  4939  5769   949  2766  5495  4698  6390     0  3251  6604  4352  5841  4836  4198  4011  5540  5166  6491  5771  5131  5274  5496  6684  5488  2782  5529  3479  4398  5800  5046  6132  6230  5420  5374   590
   932  1950  2781  2131  2168  2282  3361  2711  2084  2324  2825  3512  1972  3529  2504  3009  2218  3046  2121  1585  2772  1975  3349  3110     0  3562  1744  3461  2114  1589  1402  2499  2444  3450  2730  2409  2232  2455  3642  2765  1658  2488  5092  1356  2759  2324  3091  3189  2811  2765  2720
  3486  3926  5238  4586  4622  1910   249  1469  1184  4779  5281  2970  4429  2288  4959  7712  4672  5502  6825  4776  5228  4430   214  7812  3904     0  3752   914  4569  3598  3412  4475  4899   395   811  4864  4210  1464  2400  5220  4849  1245  9796  2422   756  4779   471   356  1724  1468  7424
  2242  3259  3868  3218  3254  2079  3888  4020  3394  3410  3911  4822  3059  4839  3590  3444  3304  4132  2556  2020  3859  3061  3476  3545  1519  3690     0  3029  3200   425   341  3808  3530  3305  4039  3495  3542  3764  4951  3851  2092  3796  5528  2665  4068  3410  3219  3714  2608  2561  3155
  3385  3825  5136  4485  4521  1248  1111  1368  1082  4678  5180  2869  4328  2186  4858  7050  4571  5400  6162  4069  5126  4329   700  7151  3196   914  3091     0  4468  2936  2750  4374  4798   529  1269  4762  4108  1362  2299  5119  4141  1144  9134  2321   948  4678   442   938  1062   805  6762
  2574  1282   819   776   476  3842  4369  3718  3091   210   930  3881   280  4536   299  4570   585  1084  3682  3146   479  1159  4355  4671  1999  4569  3304  4468     0  3150  2964  3506   330  4458  3736   930  3240  3461  4649   801  3219  3494  6654  2362  3765   364  4099  4195  4372  4325  4281
  2181  3199  3808  3158  3194  1922  3731  3960  3332  3350  3851  4762  2999  4779  3530  3755  3242  4072  2868  2332  3799  3001  3320  3856  1459  3534   424  2872  3140     0   186  3748  3470  3149  3979  3435  3481  3704  4891  3791  2405  3736  5839  2605  3568  3350  3064  3559  2452  2405  3468
  1996  3012  3621  2971  3008  1738  3545  3774  3148  3164  3665  4576  2814  4592  3344  3570  3058  3886  2682  2146  3612  2815  3135  3670  1272  3349   340  2686  2954   186     0  3562  3284  2964  3792  3249  3296  3518  4705  3605  2219  3550  5654  2419  3382  3164  2878  3372  2266  2220  3281
  2900  2085  4194  4000  1774  4172  3585  2765  3418  2249  1676  1425  3841  2738  4276  5614  4086  4915  4726  4190  4185  3844  3804  5714  3318  4018  4348  3916  2039  4194  4008     0  4212  3906  3064  4278  1672  2858  2432  4634  4262  2772  7698  1951  3214  1934  3548  3644  4702  4655  5325
  2904  1612   392  1062   806  4174  4699  4048  3421   120  1260  4475   610  4866   260  4900  1002  1369  4012  3476   149  1441  4686  5001  2329  4899  3635  4798   330  3480  3294  3836     0  4788  4068  1216  3570  3791  4980  1088  3550  3825  6984  2692  4095   695  4429  4525  4702  4656  4611
  3375  3815  5125  4475  4511  1525   644  1358  1072  4668  5169  2858  4316  2175  4848  7328  4560  5390  6440  4345  5116  4319   609  7428  3472   395  3368   529  4458  3212  3028  4364  4788     0  1259  4752  4098  1352  2289  5109  4418  1134  9411  2310   936  4668   432   928  1340  1082  7039
  2654  3094  4405  3754  3790  2265   562   299   798  3946  4449  2015  3596  1332  4126  5368  3840  4670  4480  3944  4395  3598  1156  5469  3071   811  4102  1269  3736  3948  3761  3642  4068  1259     0  4031  3378   631  1446  4388  4018   414  7451  1590   566  3948   900   735  2080  1822  5079
  2869  1578  1196   278  1406  4138  4664  4012  3386  1059  1860  4815  1398  4831   919  4865   418   512  3978  3441  1188   594  4650  4966  2294  4864  3599  4762   930  3445  3259  3801  1216  4752  4031     0  3535  3756  4944   775  3514  3789  6949  2658  4060  1294  4394  4490  4668  4620  4576
  2210  1395  3961  3310  2219  3484  4005  3354  2728  3502  2519  2216  3152  4172  3682  4924  3396  4226  4036  3500  3951  3154  3991  5025  2628  4205  3659  4104  3292  3504  3318  1201  3624  4094  3374  3588     0  3098  3224  3944  3572  3131  7008  1261  3401  3502  3735  3831  4012  3966  4635
  2379  2819  4130  3479  3515  2359  1264   401   522  3671  4172  1809  3321  1128  3851  5092  3565  4394  4205  3669  4120  3322  1250  5194  2796  1464  3826  1362  3461  3672  3486  3368  3791  1352   631  3756  3101     0  1240  4112  3741   389  7176  1315   660  3671   994  1090  2174  1916  4804
  3566  3629  5318  4666  4702  3295  1968  1146  1710  4859  3670  1408  4509  1120  5039  6280  4752  5582  5392  4856  5308  4510  2186  6381  3984  2400  5015  2299  4649  4860  4674  2410  4980  2289  1446  4944  3218  1240     0  5300  4929  1155  8364  2502  1596  4859  1930  2026  3110  2852  5991
  3225  1934   690   625  1278  4494  5020  4369  3742   930  1731  5151  1081  5188   790  5221   765   281  4334  3798  1059   941  5006  5322  2650  5220  3955  5119   801  3801  3615  4158  1088  5109  4388   775  3891  4112  5300     0  3870  4145  7305  3014  4416  1165  4750  4846  5024  4976  4932
  2199  3216  3730  3079  3115  3116  4628  3978  3351  3271  3774  4780  2921  4796  3451  2415  3165  3995  1528   991  3720  2922  4615  2515  1476  4829  2578  4066  3061  2422  2238  3765  3392  4718  3996  3356  3500  3721  4909  3712     0  3754  4499  2622  4025  3271  4359  4455  3646  3599  2126
  2411  2851  4162  3511  3548  2140  1045   224   555  3704  4206  1724  3354  1042  3885  5125  3598  4428  4238  3702  4154  3355  1031  5226  2829  1245  3860  1144  3494  3705  3519  3401  3825  1134   414  3789  3135   389  1155  4145  3775     0  7209  1348   441  3705   775   871  1955  1698  4838
  5735  6751  7265  6614  6650  6651  8162  7512  6886  6806  7309  8315  6456  8331  6988  3754  6700  7530  3824  4526  7255  6458  8150  3855  5011  8364  6112  7601  6596  5959  5772  7301  6928  8252  7531  6891  7035  7256  8444  7248  4544  7289     0  6158  7560  6808  7894  7990  7181  7134  3466
  1280   974  3031  2380  2416  1700  2221  1571   944  2572  3075  2538  2222  2389  2752  3994  2466  3296  3106  2570  3021  2224  2209  4095  1698  2422  2729  2321  2362  2574  2388  1524  2692  2310  1590  2658  1258  1315  2502  3014  2642  1348  6078     0  1619  2572  1951  2049  2229  2182  3705
  2682  3122  4434  3782  3819  1944   510   665   438  3975  4478  2166  3625  1484  4155  5396  3869  4698  4509  3972  4424  3626   835  5498  3100   756  3786   948  3765  3631  3446  3671  4095   936   566  4060  3405   660  1596  4416  4045   441  7480  1619     0  3975   578   400  1759  1501  5108
  2784  1242  1182  1140   419  4054  4579  3928  3301   574   872  4091   490  4746   662  4780   949  1448  3892  3356   844  1369  4565  4881  2209  4779  3515  4678   364  3360  3174  1934   695  4668  3948  1294  3450  3671  4859  1165  3429  3705  6864  2572  3975     0  4309  4405  4582  4536  4491
  3016  3456  4766  4116  4152  1439   741   999   714  4309  4810  2499  3958  1816  4489  7241  4201  5031  6354  4306  4758  3960   258  7342  3432   471  3281   442  4099  3128  2941  4005  4429   432   900  4394  3739   994  1930  4750  4379   775  9325  1951   578  4309     0   569  1254   996  6952
  3112  3552  4864  4212  4249  1934   172  1095   810  4405  4906  2596  4055  1914  4585  5826  4299  5128  4939  4402  4854  4056   465  5928  3530   356  3776   938  4195  3622  3436  4101  4525   928   735  4490  3835  1090  2026  4846  4475   871  7910  2049   400  4405   569     0  1749  1491  5538
  2208  3719  5026  4375  4411   729  1879  2135  1851  4568  5069  3636  4218  2954  4748  4974  4461  5290  4086  3550  5016  4219  1468  5074  2676  1681  2572  1020  4358  2418  2231  4268  4688  1296  2038  4652  4002  2130  3066  5009  3622  1912  7058  2215  1715  4568  1210  1705     0   552  4685
  2532  4040  5351  4700  4736  1054  1326  1582  1299  4892  5395  3084  4542  2401  5072  6856  4786  5616  5969  3875  5341  4544   915  6958  3001  1129  2898   468  4682  2742  2556  4590  5014   744  1484  4978  4324  1578  2514  5334  3948  1360  8940  2536  1162  4894   658  1152   869     0  6569
  3384  4401  4914  4264  4300  4301  5812  5162  4535  4456  4958  5964  4105  5981  4636   489  4350  5179   359  2176  4905  4108  5800   590  2661  6014  3762  5251  4246  3608  3421  4950  4576  5901  5181  4541  4684  4906  6094  4898  2192  4939  3089  3808  5210  4456  5542  5640  4830  4784     0
DRONE_EDGE_WEIGHT_SECTION
     0   359  1261  1130   766   780  1464  1340   870  1066   682   815   934  1476  1119  1364  1050  1557  1556  1023  1174   911  1362  1348   555  1504   647  1257   942   519   437   641  1081  1358  1381  1242   481  1142  1471  1443  1364  1281   959   315  1215   856  1158  1378  1035  1166  1500
   359     0   997   911   449  1043  1648  1479  1042   786   331   776   654  1587   847  1352   825  1344  1514  1004   893   680  1564  1364   493  1704   759  1475   660   703   628   414   797  1565  1540  1035   191  1285  1551  1211  1270  1427  1082   403  1387   530  1361  1564  1298  1404  1477
  1261   997     0   210   566  2026  2644  2465  2038   216   738  1698   343  2559   151   980   245   404   998   811   126   356  2561  1065   787  2701  1054  2471   339  1169  1160  1245   212  2562  2531   236  1079  2275  2507   248   699  2416  1191  1400  2382   516  2358  2560  2283  2397  1027
  1130   911   210     0   530  1907  2554  2389  1947   248   709  1655   310  2495   205   797    86   435   844   602   249   231  2464   875   617  2606   855  2369   314   980   978  1216   263  2464  2450   127  1025  2196  2454   314   541  2337   981  1307  2295   515  2260  2469  2163  2287   860
   766   449   566   530     0  1491  2083  1900  1480   350   179  1136   229  1993   415  1180   447   944  1292   869   452   321  2004  1225   495  2143   843  1919   230   879   833   689   357  2006  1968   657   513  1711  1942   798  1006  1851  1110   848  1821    93  1803  2000  1747  1851  1281
   780  1043  2026  1907  1491     0   728   688   298  1821  1360   769  1688   857  1879  2081  1825  2337  2286  1760  1929  1684   610  2045  1331   748  1333   494  1695  1167  1104  1023  1834   601   689  2022  1036   521   914  2219  2125   625  1588   655   521  1572   420   645   257   389  2219
  1464  1648  2644  2554  2083   728     0   255   607  2430  1925  1045  2300   346  2493  2802  2469  2989  3004  2474  2535  2324   129  2769  2017    96  2055   251  2305  1892  1826  1471  2439   148   153  2675  1577   386   483  2858  2827   266  2316  1247   262  2150   310    86   543   378  2940
  1340  1479  2465  2389  1900   688   255     0   473  2249  1735   818  2122   173  2314  2699  2304  2823  2895  2362  2351  2159   291  2676  1884   350  1962   352  2126  1805  1734  1260  2256   314   102  2514  1388   198   273  2688  2699    64  2242  1088   177  1961   308   220   589   455  2836
   870  1042  2038  1947  1480   298   607   473     0  1826  1327   547  1695   622  1888  2227  1862  2382  2423  1891  1931  1717   524  2203  1419   663  1489   448  1700  1334  1261   904  1835   527   512  2069   981   277   650  2252  2232   412  1772   641   349  1550   326   522   398   415  2364
  1066   786   216   248   350  1821  2430  2249  1826     0   522  1482   133  2343    67  1031   201   607  1090   793   108   211  2349  1101   638  2489   945  2261   127  1037  1015  1030    22  2350  2317   356   863  2060  2291   455   788  2201  1134  1189  2168   302  2146  2347  2078  2189  1102
   682   331   738   709   179  1360  1925  1735  1327   522     0   960   406  1824   588  1326   625  1122  1450  1000   620   494  1851  1363   560  1988   900  1770   407   903   844   511   526  1854  1806   835   348  1549  1769   975  1171  1688  1194   707  1663   226  1651  1843  1613  1709  1433
   815   776  1698  1655  1136   769  1045   818   547  1482   960     0  1364   878  1549  2116  1569  2079  2286  1767  1578  1428  1007  2119  1255  1126  1449   964  1365  1333  1251   457  1486  1018   905  1783   631   660   811  1934  2046   784  1769   501   797  1183   839   975   940   956  2245
   934   654   343   310   229  1688  2300  2122  1695   133   406  1364     0  2219   193  1033   233   716  1118   760   241   150  2218  1093   528  2358   852  2129    12   930   903   917   147  2219  2188   434   739  1932  2170   570   821  2073  1069  1057  2039   205  2015  2217  1945  2057  1119
  1476  1587  2559  2495  1993   857   346   173   622  2343  1824   878  2219     0  2409  2839  2409  2927  3031  2498  2443  2265   427  2819  2011   438  2107   511  2222  1954  1881  1332  2349   451   227  2621  1480   346   140  2788  2826   234  2394  1208   350  2049   480   349   761   622  2975
  1119   847   151   205   415  1879  2493  2314  1888    67   588  1549   193  2409     0  1000   179   541  1048   781    65   235  2411  1074   671  2551   964  2322   188  1065  1048  1097    69  2412  2381   300   929  2124  2357   389   746  2265  1136  1250  2231   369  2208  2410  2136  2249  1065
  1364  1352   980   797  1180  2081  2802  2699  2227  1031  1326  2116  1033  2839  1000     0   830   836   215   350  1046   887  2689   105   862  2829   748  2575  1043   916   977  1754  1050  2682  2734   747  1530  2502  2834   881   310  2639   561  1652  2565  1214  2492  2717  2313  2466   138
  1050   825   245    86   447  1825  2469  2304  1862   201   625  1569   233  2409   179   830     0   520   895   602   238   145  2380   900   549  2521   809  2285   239   925   918  1131   220  2379  2365   213   939  2110  2367   394   595  2252   962  1222  2209   438  2176  2384  2082  2204   904
  1557  1344   404   435   944  2337  2989  2823  2382   607  1122  2079   716  2927   541   836   520     0   768   822   530   665  2899   938  1024  3040  1195  2802   715  1344  1358  1632   608  2898  2884   315  1452  2630  2882   156   526  2772  1226  1741  2729   908  2694  2904  2593  2719   828
  1556  1514   998   844  1292  2286  3004  2895  2423  1090  1450  2286  1118  3031  1048   215   895   768     0   533  1084   980  2893   294  1033  3033   955  2780  1126  1125  1183  1905  1107  2886  2932   764  1684  2697  3021   849   303  2835   775  1835  2763  1312  2694  2918  2521  2673    93
  1023  1004   811   602   869  1760  2474  2362  1891   793  1000  1767   760  2498   781   350   602   822   533     0   839   611  2365   365   512  2506   444  2253   771   615   663  1409   815  2358  2400   608  1183  2164  2490   803   391  2302   405  1305  2232   917  2164  2388  2000  2149   480
  1174   893   126   249   452  1929  2535  2351  1931   108   620  1578   241  2443    65  1046   238   530  1084   839     0   300  2455  1123   735  2594  1029  2367   234  1130  1112  1124    96  2456  2420   324   964  2163  2388   374   782  2303  1198  1295  2273   395  2252  2452  2186  2296  1105
   911   680   356   231   321  1684  2324  2159  1717   211   494  1428   150  2265   235   887   145   665   980   611   300     0  2236   944   437  2377   734  2141   160   830   813   994   233  2235  2219   356   797  1965  2224   536   689  2107   930  1077  2064   332  2031  2240  1941  2061   977
  1362  1564  2561  2464  2004   610   129   291   524  2349  1851  1007  2218   427  2411  2689  2380  2899  2893  2365  2455  2236     0  2655  1916   142  1942   123  2223  1776  1712  1414  2359    24   202  2584  1505   352   554  2771  2722   272  2197  1161   211  2074   205    78   415   249  2827
  1348  1364  1065   875  1225  2045  2769  2676  2203  1101  1363  2119  1093  2819  1074   105   900   938   294   365  1123   944  2655     0   871  2793   715  2539  1103   878   945  1772  1121  2646  2707   834  1546  2479  2819   978   412  2615   491  1644  2537  1266  2459  2685  2272  2428   203
   555   493   787   617   495  1331  2017  1884  1419   638   560  1255   528  2011   671   862   549  1024  1033   512   735   437  1916   871     0  2059   348  1812   540   402   377   903   659  1913  1931   714   677  1686  1994   926   815  1827   634   806  1766   576  1713  1932  1583  1718   990
  1504  1704  2701  2606  2143   748    96   350   663  2489  1988  1126  2358   438  2551  2829  2521  3040  3033  2506  2594  2377   142  2793  2059     0  2081   255  2363  1915  1852  1544  2498   147   248  2726  1642   466   576  2912  2864   356  2333  1302   332  2212   347   152   538   373  2967
   647   759  1054   855   843  1333  2055  1962  1489   945   900  1449   852  2107   964   748   809  1195   955   444  1029   734  1942   715   348  2081     0  1827   865   172   230  1169   967  1934  1992   918   949  1766  2112  1134   832  1900   325   956  1822   923  1745  1971  1566  1719   886
  1257  1475  2471  2369  1919   494   251   352   448  2261  1770   964  2129   511  2322  2575  2285  2802  2780  2253  2367  2141   123  2539  1812   255  1827     0  2135  1661  1598  1351  2271   109   286  2487  1427   343   625  2677  2614   312  2078  1072   210  1992   126   183   292   127  2713
   942   660   339   314   230  1695  2305  2126  1700   127   407  1365    12  2222   188  1043   239   715  1126   771   234   160  2223  1103   540  2363   865  2135     0   942   914   917   139  2224  2192   437   742  1936  2172   569   828  2077  1081  1063  2043   201  2020  2221  1952  2062  1127
   519   703  1169   980   879  1167  1892  1805  1334  1037   903  1333   930  1954  1065   916   925  1344  1125   615  1130   830  1776   878   402  1915   172  1661   942     0    82  1096  1058  1768  1832  1055   888  1611  1965  1273  1002  1743   445   834  1662   967  1581  1807  1397  1551  1055
   437   628  1160   978   833  1104  1826  1734  1261  1015   844  1251   903  1881  1048   977   918  1358  1183   663  1112   813  1712   945   377  1852   230  1598   914    82     0  1017  1036  1705  1763  1061   811  1538  1889  1278  1043  1672   524   752  1592   923  1515  1741  1339  1490  1115
   641   414  1245  1216   689  1023  1471  1260   904  1030   511   457   917  1332  1097  1754  1131  1632  1905  1409  1124   994  1414  1772   903  1544  1169  1351   917  1096  1017     0  1033  1421  1340  1343   226  1086  1268  1485  1645  1220  1493   428  1213   729  1226  1394  1252  1313  1875
  1081   797   212   263   357  1834  2439  2256  1835    22   526  1486   147  2349    69  1050   220   608  1107   815    96   233  2359  1121   659  2498   967  2271   139  1058  1036  1033     0  2360  2325   366   869  2068  2295   455   804  2208  1156  1199  2177   304  2156  2356  2091  2200  1120
  1358  1565  2562  2464  2006   601   148   314   527  2350  1854  1018  2219   451  2412  2682  2379  2898  2886  2358  2456  2235    24  2646  1913   147  1934   109  2224  1768  1705  1421  2360     0   226  2583  1509   367   578  2771  2717   293  2187  1162   224  2077   204   102   399   233  2820
  1381  1540  2531  2450  1968   689   153   102   512  2317  1806   905  2188   227  2381  2734  2365  2884  2932  2400  2420  2219   202  2707  1931   248  1992   286  2192  1832  1763  1340  2325   226     0  2573  1458   257   352  2751  2744   121  2264  1144   171  2032   278   126   553   403  2871
  1242  1035   236   127   657  2022  2675  2514  2069   356   835  1783   434  2621   300   747   213   315   764   608   324   356  2584   834   714  2726   918  2487   437  1055  1061  1343   366  2583  2573     0  1152  2319  2580   217   464  2461  1005  1429  2417   638  2380  2590  2277  2403   791
   481   191  1079  1025   513  1036  1577  1388   981   863   348   631   739  1480   929  1530   939  1452  1684  1183   964   797  1505  1546   677  1642   949  1427   742   888   811   226   869  1509  1458  1152     0  1201  1431  1309  1429  1341  1272   383  1315   573  1307  1496  1284  1370  1651
  1142  1285  2275  2196  1711   521   386   198   277  2060  1549   660  1932   346  2124  2502  2110  2630  2697  2164  2163  1965   352  2479  1686   466  1766   343  1936  1611  1538  1086  2068   367   257  2319  1201     0   393  2495  2501   142  2049   892   142  1775   237   314   483   395  2639
  1471  1551  2507  2454  1942   914   483   273   650  2291  1769   811  2170   140  2357  2834  2367  2882  3021  2490  2388  2224   554  2819  1994   576  2112   625  2172  1965  1889  1268  2295   578   352  2580  1431   393     0  2740  2806   322  2408  1188   441  1993   574   478   852   726  2969
  1443  1211   248   314   798  2219  2858  2688  2252   455   975  1934   570  2788   389   881   394   156   849   803   374   536  2771   978   926  2912  1134  2677   569  1273  1278  1485   455  2771  2751   217  1309  2495  2740     0   574  2637  1206  1611  2598   758  2567  2774  2476  2597   897
  1364  1270   699   541  1006  2125  2827  2699  2232   788  1171  2046   821  2826   746   310   595   526   303   391   782   689  2722   412   815  2864   832  2614   828  1002  1043  1645   804  2717  2744   464  1429  2501  2806   574     0  2641   759  1619  2578  1019  2520  2741  2370  2514   329
  1281  1427  2416  2337  1851   625   266    64   412  2201  1688   784  2073   234  2265  2639  2252  2772  2835  2302  2303  2107   272  2615  1827   356  1900   312  2077  1743  1672  1220  2208   293   121  2461  1341   142   322  2637  2641     0  2179  1034   119  1914   253   211   532   405  2776
   959  1082  1191   981  1110  1588  2316  2242  1772  1134  1194  1769  1069  2394  1136   561   962  1226   775   405  1198   930  2197   491   634  2333   325  2078  1081   445   524  1493  1156  2187  2264  1005  1272  2049  2408  1206   759  2179     0  1273  2093  1180  2007  2232  1803  1963   690
   315   403  1400  1307   848   655  1247  1088   641  1189   707   501  1057  1208  1250  1652  1222  1741  1835  1305  1295  1077  1161  1644   806  1302   956  1072  1063   834   752   428  1199  1162  1144  1429   383   892  1188  1611  1619  1034  1273     0   988   923   958  1163   906  1004  1785
  1215  1387  2382  2295  1821   521   262   177   349  2168  1663   797  2039   350  2231  2565  2209  2729  2763  2232  2273  2064   211  2537  1766   332  1822   210  2043  1662  1592  1213  2177   224   171  2417  1315   142   441  2598  2578   119  2093   988     0  1888   134   181   413   289  2702
   856   530   516   515    93  1572  2150  1961  1550   302   226  1183   205  2049   369  1214   438   908  1312   917   395   332  2074  1266   576  2212   923  1992   201   967   923   729   304  2077  2032   638   573  1775  1993   758  1019  1914  1180   923  1888     0  1874  2068  1826  1927  1308
  1158  1361  2358  2260  1803   420   310   308   326  2146  1651   839  2015   480  2208  2492  2176  2694  2694  2164  2252  2031   205  2459  1713   347  1745   126  2020  1581  1515  1226  2156   204   278  2380  1307   237   574  2567  2520   253  2007   958   134  1874     0   226   281   160  2630
  1378  1564  2560  2469  2000   645    86   220   522  2347  1843   975  2217   349  2410  2717  2384  2904  2918  2388  2452  2240    78  2685  1932   152  1971   183  2221  1807  1741  1394  2356   102   126  2590  1496   314   478  2774  2741   211  2232  1163   181  2068   226     0   471   310  2855
  1035  1298  2283  2163  1747   257   543   589   398  2078  1613   940  1945   761  2136  2313  2082  2593  2521  2000  2186  1941   415  2272  1583   538  1566   292  1952  1397  1339  1252  2091   399   553  2277  1284   483   852  2476  2370   532  1803   906   413  1826   281   471     0   166  2451
  1166  1404  2397  2287  1851   389   378   455   415  2189  1709   956  2057   622  2249  2466  2204  2719  2673  2149  2296  2061   249  2428  1718   373  1719   127  2062  1551  1490  1313  2200   233   403  2403  1370   395   726  2597  2514   405  1963  1004   289  1927   160   310   166     0  2605
  1500  1477  1027   860  1281  2219  2940  2836  2364  1102  1433  2245  1119  2975  1065   138   904   828    93   480  1105   977  2827   203   990  2967   886  2713  1127  1055  1115  1875  1120  2820  2871   791  1651  2639  2969   897   329  2776   690  1785  2702  1308  2630  2855  2451  2605     0
DEPOT_SECTION
0
-1
EOF
    