
NAME : WM-61-3
COMMENT : CVS
TYPE : RDVRP-TW
DIMENSION : 61
CAPACITY : 100
EDGE_WEIGHT_TYPE : EXPLICIT
EDGE_WEIGHT_FORMAT : FULL_MATRIX 
NODE_COORD_SECTION
  0 -78.5881280000 35.7825655000
  1 -78.5883762000 35.7762752000
  2 -78.6002335000 35.7879925000
  3 -78.5910885000 35.7772180000
  4 -78.6037359000 35.7733280000
  5 -78.6047101000 35.7925441000
  6 -78.6046020000 35.7892106000
  7 -78.5800436000 35.7807634000
  8 -78.5999239000 35.7924031000
  9 -78.5868307000 35.7704904000
 10 -78.5935544000 35.7765734000
 11 -78.5839463000 35.7810031000
 12 -78.6037626000 35.7908138000
 13 -78.5916579000 35.7691313000
 14 -78.5888883000 35.7875410000
 15 -78.6021794000 35.7915056000
 16 -78.5940826000 35.7728128000
 17 -78.5802304000 35.7740874000
 18 -78.5824524000 35.7725018000
 19 -78.5914739000 35.7832586000
 20 -78.5853209000 35.7885424000
 21 -78.5922389000 35.7727523000
 22 -78.6032853000 35.7762678000
 23 -78.5981024000 35.7731421000
 24 -78.5950682000 35.7699142000
 25 -78.6008896000 35.7959677000
 26 -78.5911421000 35.7715452000
 27 -78.5831534000 35.7701381000
 28 -78.5997182000 35.7815149000
 29 -78.5991323000 35.7916252000
 30 -78.5829941000 35.7690263000
 31 -78.6017571000 35.7877127000
 32 -78.5997854000 35.7693174000
 33 -78.6015282000 35.7911127000
 34 -78.5880543000 35.7777263000
 35 -78.6031867000 35.7923731000
 36 -78.6045407000 35.7933900000
 37 -78.6028670000 35.7925593000
 38 -78.5915257000 35.7858377000
 39 -78.6006291000 35.7952290000
 40 -78.5971064000 35.7880595000
 41 -78.6025781000 35.7931168000
 42 -78.5903400000 35.7770463000
 43 -78.5957620000 35.7709687000
 44 -78.5960384000 35.7697863000
 45 -78.5901398000 35.7810604000
 46 -78.5786246000 35.7961776000
 47 -78.6045801000 35.7699449000
 48 -78.6044498000 35.7903332000
 49 -78.5991247000 35.7820295000
 50 -78.6034768000 35.7924152000
 51 -78.5991170000 35.7853970000
 52 -78.5919763000 35.7855753000
 53 -78.5749641000 35.7933161000
 54 -78.6012235000 35.7863861000
 55 -78.5877816000 35.7705201000
 56 -78.6021731000 35.7921002000
 57 -78.6020334000 35.7896269000
 58 -78.5969549000 35.7886584000
 59 -78.5978657000 35.7828281000
 60 -78.5998398000 35.7938632000
TIME_WINDOW_SECTION
  0      0  36000
  1  23440  26788
  2   6468   8468
  3      0  33311
  4  20254  22682
  5  14593  17175
  6  21912  23912
  7  10505  12707
  8   5174   8936
  9   3084   6666
 10   5610   7610
 11   7652  11960
 12  21032  23032
 13  15671  21757
 14  11645  16053
 15   8156  10156
 16  16067  18877
 17      0  32699
 18  10663  12663
 19  17307  19307
 20  25441  27819
 21  29683  34041
 22   3422   6150
 23   6653  13761
 24  18029  21007
 25      0  31552
 26   5474   7474
 27   7276  14932
 28  30501  34147
 29  14171  16171
 30  27053  29343
 31  31350  33350
 32  27926  33962
 33  18490  22154
 34  19511  21511
 35   4225   6225
 36  28617  31533
 37  11814  16542
 38  32494  34494
 39  13260  17272
 40   3210   5210
 41  10139  15225
 42  29557  32193
 43  14513  16513
 44   7499   9499
 45  33192  35192
 46   9627  12507
 47  26688  31238
 48   1160   4874
 49   2066   5408
 50  28120  35426
 51   8468  10468
 52   6293   9153
 53  12542  14542
 54  25547  27689
 55  24573  28023
 56  19205  21455
 57  27038  29038
 58  23438  25438
 59  16197  18197
 60  17451  19451
DEMAND_SECTION
  0      0
  1     18
  2     17
  3      9
  4     29
  5     19
  6     10
  7     25
  8     12
  9     13
 10     10
 11     29
 12     17
 13     13
 14     30
 15     29
 16     30
 17     21
 18     17
 19     21
 20     24
 21     13
 22     17
 23     28
 24     20
 25     23
 26     25
 27     22
 28     12
 29     22
 30     14
 31     16
 32     20
 33     24
 34     18
 35     15
 36     24
 37     16
 38     10
 39     11
 40     21
 41     17
 42      6
 43     26
 44     23
 45     16
 46      6
 47     14
 48      9
 49     19
 50     15
 51      6
 52     22
 53     28
 54     10
 55     12
 56     13
 57     25
 58     15
 59     19
 60     21
SERVICE_TIME_SECTION
  0      0
  1   1000
  2   1000
  3   1000
  4   1000
  5   1000
  6   1000
  7   1000
  8   1000
  9   1000
 10   1000
 11   1000
 12   1000
 13   1000
 14   1000
 15   1000
 16   1000
 17   1000
 18   1000
 19   1000
 20   1000
 21   1000
 22   1000
 23   1000
 24   1000
 25   1000
 26   1000
 27   1000
 28   1000
 29   1000
 30   1000
 31   1000
 32   1000
 33   1000
 34   1000
 35   1000
 36   1000
 37   1000
 38   1000
 39   1000
 40   1000
 41   1000
 42   1000
 43   1000
 44   1000
 45   1000
 46   1000
 47   1000
 48   1000
 49   1000
 50   1000
 51   1000
 52   1000
 53   1000
 54   1000
 55   1000
 56   1000
 57   1000
 58   1000
 59   1000
 60   1000
TRUCK_EDGE_WEIGHT_SECTION
     0  2105  2214  1790  3691  3171  2769  1470  2912  2816  1968   880  2961  2905  1299  2858  2469  2062  2384   602  1375  2276  3575  3085  2848  3492  2692  2220  2056  2768  2375  2501  3504  2808  1328  2999  3279  3094  1186  3372  1919  3084  1874  3541  3094   672  2708  4555  2968  2135  3032  2388  1181  3671  2509  2872  2879  2619  2135  2312  3101
  2002     0  2681   314  2370  3639  3235  2300  3379  2032   646  2288  3429  1584  2420  3324  1148  2611  2569  1461  2496   955  2806  1764  1526  3960  1372  2406  2522  3234  2560  2969  2182  3274  1244  3466  3745  3561  2308  3839  2386  3550   230  2220  1772  1141  3829  3234  3434  2601  3499  2854  1648  4792  2975  2089  3345  3085  2602  2780  3568
  2170  2681     0  2366  4268  1132   554  3321   872  3930  2544  2731   748  3481  1594   819  3045  4061  4466  1629  1945  2852  4151  3661  3424  1454  3270  4304  2632   728  4458   634  4080   618  2698   960  1240  1055  2122  1334   451  1044  2450  4118  3670  1926  3278  5131   752  2711   994   662  1102  4241   784  3986   840   404   410  2890  1062
  1689   314  2366     0  2055  3324  2920  1985  3064  1719   332  1972  3114  1269  2105  3010   832  2296  2254  1148  2181   641  2492  1450  1211  3645  1058  2091  2209  2919  2245  2654  1868  2959   929  3151  3431  3246  1994  3525  2071  3236    84  1906  1459   826  3515  2919  3120  2288  3185  2540  1334  4479  2661  1774  3031  2771  2288  2465  3254
  3611  2392  4290  2078     0  4365  3749  4086  4988  2211  2135  3896  4629  1701  4029  4679  1298  3249  2746  3070  4105  1438   519   629  1302  5540  1550  2584  2276  4842  2738  4281  1112  4855  2852  4536  4615  4718  3916  5420  3995  4729  2161  1151  1549  2750  5438  1285  3826  2355  4504  3215  3256  6401  3550  2266  4658  4052  4211  2532  5149
  3126  3639  1132  3324  4388     0  1006  4279   820  4888  3501  3689   264  4439  2551   314  4002  5019  5422  2585  2902  3810  4234  4619  4380  1176  4226  5260  3590   675  5414  1086  5038   490  3655   172   250   354  3079  1056  1409   364  3408  5075  4628  2884  4235  5059  1206  3669   139  1620  2060  5199  1344  4942   292   704  1036  3846   785
  2724  3235   554  2920  3768  1006     0  3875   972  4484  3099  3285   646  4035  2149   692  3599  4615  5020  2182  2499  3406  3612  4215  3978  1328  3824  4858  3186   828  5011   532  4634   516  3251   834  1114   929  2676  1208  1005   919  3004  4671  4224  2480  3831  4438   199  3265   868  1216  1656  4795   790  4540   714   304   964  3444   936
  1735  2764  3332  2450  4010  4290  3886     0  4030  2368  2628   988  4080  3106  2056  3976  3039  1235  1934  1902  1955  2899  4448  3404  3166  4611  2895  1771  3876  3885  1925  3620  3822  3925  1825  4118  4398  4212  2380  4491  3038  4202  2534  3860  3412  1685  3465  4874  4086  3955  4151  3506  2645  4429  3628  2422  3998  3738  3254  4134  4220
  2868  3379   872  3064  4965   820   972  4019     0  4628  3242  3429   942  4179  2292   506  3742  4759  5164  2326  2642  3550  4849  4359  4121   584  3968  5001  3330   145  5155  1051  4778   456  3395   649   654   441  2820   464  1149   430  3148  4815  4368  2624  3976  5829  1171  3409   681  1360  1800  4940  1481  4684   528   669   776  3588   192
  3252  2032  3930  1719  2189  4888  4484  2420  4628     0  1776  2554  4678   689  3669  4574  1218  1582  1081  2711  3521  1078  2625  1582  1344  5209  1072   919  3772  4482  1072  4218  2001  4522  2492  4715  4995  4810  3558  5089  3635  4799  1802  2039  1591  2390  6590  3052  4684  3851  4749  4104  2898  7554  4225    56  4595  4335  3851  4029  4818
  1876   656  2554   342  2101  3511  3109  2174  3252  1764     0  2161  3301  1315  2294  3198   879  2484  2300  1335  2369   686  2539  1495  1258  3832  1104  2138  2396  3108  2291  2841  1914  3148  1116  3339  3619  3434  2181  3712  2259  3424   426  1951  1504  1015  3702  2965  3308  2475  3372  2728  1521  4666  2849  1820  3219  2959  2475  2652  3441
  1432  1979  3031  1665  3565  3988  3585   698  3729  2192  1842     0  3778  2779  1754  3674  2342  1438  1759  1600  1654  2150  4002  2959  2721  4309  2568  1596  3275  3584  1750  3318  3378  3624  1040  3816  4095  3910  2078  4189  2735  3900  1748  3415  2968  1382  3164  4429  3784  3354  3849  3204  2342  4128  3325  2248  3695  3435  2952  3531  3918
  2918  3429   748  3114  4652   264   646  4069   942  4678  3291  3479     0  4229  2341   436  3792  4809  5214  2376  2692  3600  4498  4409  4171  1298  4016  5050  3380   798  5205   726  4828   612  3445   294   371   475  2870  1178  1199   486  3198  4865  4418  2674  4025  5322   846  3459   261  1410  1850  4989   984  4732   414   342  1158  3636   906
  2802  1584  3481  1269  1679  4439  4035  3159  4179   689  1326  3088  4229     0  3220  4124   768  2321  1820  2261  3296   629  2116  1072   400  4760   341  1658  3322  4034  1811  3769  1491  4074  2044  4266  4545  4361  3108  4639  3186  4350  1352  1530   504  1941  4629  2542  4234  3401  4299  3654  2448  5592  3775   696  4145  3885  3402  3580  4368
   932  2079  1709  1764  3665  2666  2264  2164  2408  3328  1941  1575  2456  2879     0  2352  2442  2905  3225  1026   789  2250  3549  3059  2821  2988  2666  3062  2030  2262  3216  1996  3478  2302  2095  2494  2774  2589   532  2868  1414  2579  1848  3515  3068  1324  2121  4529  2462  2109  2528  1882  1155  3085  2004  3382  2374  2114  1630  2286  2596
  2812  3324   819  3010  4702   314   692  3964   506  4574  3188  3375   436  4124  2238     0  3688  4704  5109  2271  2589  3496  4548  4305  4066   862  3912  4946  3276   361  5100   771  4722   176  3341   141   421   525  2765   741  1095   452  3094  4761  4312  2570  3921  5372   891  3355   175  1305  1746  4885  1029  4629    21   389   722  3532   470
  2366  1148  3045   832  1275  4002  3599  2664  3742  1218   890  2651  3792   768  2784  3688     0  2255  1752  1825  2860   192  1711   669   524  4324   556  1590  2888  3598  1744  3332  1088  3638  1608  3830  4109  3925  2671  4202  2750  3914   916  1125   770  1505  4192  2139  3798  2965  3862  3219  2011  5156  3339  1272  3710  3449  2966  3144  3932
  2301  2596  4046  2281  3182  5004  4600  1235  4744  1540  2770  1701  4794  2279  2770  4690  2211     0  1106  2831  2669  2071  3620  2576  2339  5325  2068   944  3892  4599  1098  4334  2995  4639  1658  4831  5111  4926  3092  5205  3751  4915  2365  3032  2585  2251  4179  4046  4800  3971  4865  4220  3018  5142  4341  1595  4711  4451  3968  4149  4934
  2221  2681  3966  2368  2838  4924  4521  1489  4665  1194  2425  1621  4714  1934  2690  4610  1866   651     0  2751  2589  1726  3274  2231  1992  5245  1721   598  3812  4520   752  4254  2650  4560  1578  4751  5031  4846  3014  5125  3671  4836  2451  2688  2240  2171  4099  3701  4720  3891  4785  4140  2938  5062  4261  1250  4631  4371  3888  4069  4854
   541  1884  1994  1570  3470  2951  2548  1890  2691  3134  1748  1301  2741  2684  1079  2638  2249  2482  2804     0  1155  2056  3354  2865  2626  3272  2472  2641  1836  2546  2795  2281  3284  2586  1901  2779  3059  2874   966  3152  1699  2862  1654  3321  2874   382  2488  4335  2748  1915  2812  2168   961  3451  2289  3189  2659  2399  1915  2092  2881
  1395  2541  1949  2226  4128  2906  2504  2195  2648  3790  2405  1605  2696  3341   672  2592  2905  2935  3256  1489     0  2712  4011  3521  3284  3228  3130  3092  2492  2502  3248  2236  3940  2542  2558  2734  3014  2829   996  3108  1654  2819  2310  3978  3530  1786  1710  4991  2702  2571  2768  2122  1261  2674  2244  3846  2614  2354  1870  2750  2836
  2175   955  2852   641  1415  3810  3406  2471  3550  1078   699  2459  3600   629  2591  3496   192  2115  1614  1634  2668     0  1851   809   571  4131   416  1450  2695  3405  1605  3140  1228  3445  1415  3638  3918  3732  2480  4011  2558  3722   725  1265   818  1312  4000  2279  3606  2774  3671  3026  1820  4964  3148  1132  3518  3258  2774  2951  3740
  3471  2829  4150  2515   519  4195  3579  4522  4848  2648  2572  4751  4459  2139  3889  4509  1734  3685  3184  2930  3965  1874     0  1065  1739  5371  1988  3021  2041  4702  3175  4111  1550  4685  3289  4368  4445  4549  3776  5250  3854  4559  2599  1588  1985  3229  5298  1515  3656  2120  4334  2980  3116  6261  3316  2704  4488  3882  4071  2299  4979
  2984  1764  3661  1450   606  4619  4215  3458  4359  1582  1508  3268  4409  1072  3400  4305   669  2620  2118  2442  3476   809  1042     0   674  4940   921  1955  2760  4214  2109  3949   485  4254  2224  4446  4726  4541  3289  4820  3366  4530  1534   522   920  2121  4809  1470  4415  2839  4480  3835  2628  5772  3955  1638  4326  4066  3582  3016  4549
  2745  1526  3424  1211  1280  4380  3978  3219  4121  1344  1269  3030  4171   400  3162  4066   524  2381  1880  2204  3239   571  1716   674     0  4702   684  1718  3265  3976  1871  3710  1092  4016  1986  4209  4488  4304  3050  4581  3128  4292  1295  1130   246  1884  4571  2144  4176  3344  4241  3596  2390  5535  3718  1400  4088  3828  3345  3522  4310
  3448  3960  1454  3645  5546  1176  1328  4600   584  5209  3822  4010  1298  4760  2872   862  4324  5340  5745  2908  3224  4131  5410  4940  4702     0  4548  5581  3911   729  5735  1408  5359   811  3976  1004   905   856  3400   120  1730   846  3729  5396  4949  3205  4556  6234  1528  3990  1038  1941  2381  5520  1665  5264   884  1025  1358  4168   602
  2591  1372  3270  1058  1528  4226  3824  2948  3968  1072  1115  2876  4016   341  3009  3912   556  2110  1609  2050  3084   416  1964   921   684  4548     0  1446  3111  3822  1600  3556  1340  3862  1831  4054  4334  4149  2896  4428  2974  4139  1141  1378   930  1730  4418  2391  4022  3190  4088  3442  2236  5381  3564  1129  3934  3674  3190  3368  4156
  2492  2406  4304  2091  2561  5260  4858  1760  5001   919  2149  1892  5050  1658  2961  4946  1590   922   420  3084  2861  1450  2999  1955  1718  5581  1446     0  4145  4856   154  4590  2374  4896  1849  5088  5368  5182  3285  5461  4008  5172  2175  2411  1964  2764  5868  3425  5056  4224  5121  4476  3270  6831  4598   974  4968  4708  4225  4401  5190
  2008  2519  2686  2205  2284  3642  3240  3592  3384  3769  2382  3288  3434  3319  2425  3329  2882  3904  4304  1466  2501  2691  2049  3500  3261  3964  3108  4141     0  3239  4295  2972  3918  3279  2536  3471  3750  3566  2312  3844  2390  3555  2289  3956  3508  1765  3834  2954  3439    79  3504  1516  1652  4798  1852  3824  3350  3090  2608   256  3572
  2722  3234   728  2919  4820   675   828  3874   145  4482  3098  3284   798  4034  2148   361  3598  4614  5019  2181  2498  3405  4704  4214  3976   729  3822  4856  3185     0  5010   906  4632   311  3250   504   782   599  2675   609  1004   588  3002  4670  4222  2479  3831  5684  1026  3264   536  1215  1655  4795  1336  4539   382   524   631  3442   338
  2646  2560  4458  2245  2715  5414  5011  1914  5155  1072  2302  2048  5205  1811  3116  5100  1744  1076   575  3238  3015  1605  3152  2109  1871  5735  1600   154  4299  5010     0  4744  2528  5050  2002  5242  5521  5338  3439  5615  4161  5326  2329  2565  2118  2918  6021  3579  5210  4378  5275  4630  3424  6985  4751  1128  5121  4861  4379  4556  5344
  2456  2969   634  2654  4555  1086   532  3609  1051  4218  2831  3019   726  3769  1881   771  3332  4349  4754  1916  2232  3140  4145  3949  3710  1408  3556  4590  2920   906  4744     0  4368   595  2985   914  1192  1009  2409  1286   739   998  2738  4405  3958  2214  3565  4970   731  2999   946   675  1390  4529   601  4272   794   382   698  3176  1016
  3401  2182  4080  1868  1090  5038  4634  3876  4778  2001  1925  3686  4828  1491  3819  4722  1088  3039  2536  2860  3895  1228  1528   485  1092  5359  1340  2374  3922  4632  2528  4368     0  4672  2642  4865  5144  4960  3706  5238  3785  4949  1951   555  1339  2540  5228  1306  4832  4000  4898  4254  3046  6191  4374  2056  4745  4484  4001  4179  4968
  2762  3274   618  2959  4860   490   516  3914   456  4522  3138  3324   612  4074  2188   176  3638  4654  5059  2221  2538  3445  4724  4254  4016   811  3862  4896  3225   311  5050   595  4672     0  3290   318   598   412  2715   691  1044   402  3042  4710  4262  2519  3871  5549   715  3304   351  1255  1695  4835   852  4579   198   212   671  3482   420
  2020  1244  2698   929  2830  3655  3251  1361  3395  2492  1106  1349  3445  2044  2436  3341  1608  1672  1992  1479  2316  1415  3266  2224  1986  3976  1831  1830  2540  3250  1984  2985  2642  3290     0  3482  3762  3578  2325  3856  2402  3568  1012  2680  2232  1158  3846  3694  3451  2619  3516  2871  1665  4810  2992  2549  3362  3102  2619  2796  3585
  2955  3466   960  3151  4560   172   834  4106   649  4715  3329  3516   294  4266  2379   141  3830  4846  5251  2414  2730  3638  4406  4446  4209  1004  4054  5088  3418   504  5242   914  4865   318  3482     0   280   382  2908   884  1236   394  3235  4902  4455  2711  4062  5230  1034  3496    32  1448  1888  5026  1171  4771   120   531   864  3674   612
  3234  3745  1240  3431  4638   250  1114  4385   654  4995  3609  3796   371  4545  2659   421  4109  5125  5530  2692  3010  3918  4484  4726  4488   905  4334  5368  3698   782  5521  1192  5144   598  3762   280     0   212  3186   785  1516   224  3515  5182  4735  2991  4342  5308  1312  3776   246  1726  2168  5306  1450  5050   400   810  1144  3954   678
  3050  3561  1055  3246  4741   354   929  4201   441  4810  3424  3611   475  4361  2474   525  3925  4941  5346  2509  2825  3732  4588  4541  4304   856  4149  5182  3512   599  5338  1009  4960   412  3578   382   212     0  3002   736  1331    11  3330  4998  4550  2806  4158  5411  1129  3591   350  1542  1982  5121  1266  4865   504   626   959  3769   465
   755  1900  2010  1586  3488  2968  2564  2624  2708  3150  1764  2035  2758  2700  1172  2654  2265  3285  3685   848  1248  2072  3371  2881  2642  3289  2489  3522  1852  2562  3676  2298  3300  2602  1918  2795  3075  2890     0  3169  1715  2880  1670  3338  2890  1146  2581  4351  2764  1931  2829  2184   978  3545  2305  3205  2675  2415  1931  2109  2898
  3328  3839  1334  3525  5425  1056  1208  4479   464  5089  3702  3890  1178  4639  2752   741  4202  5219  5624  2786  3104  4011  5289  4820  4581   120  4428  5461  3791   609  5615  1286  5238   691  3856   884   785   736  3280     0  1610   725  3609  5276  4829  3085  4436  6114  1406  3870   916  1820  2261  5400  1544  5144   764   904  1238  4048   488
  1874  2386   451  2071  3972  1409  1005  3026  1149  3635  2249  2436  1199  3186  1299  1095  2750  3766  4170  1332  1650  2558  3856  3366  3128  1730  2974  4008  2338  1004  4161   739  3785  1044  2402  1236  1516  1331  1826  1610     0  1320  2155  3822  3375  1631  2982  4836  1205  2416  1270   625   808  3946   746  3690  1116   856   372  2594  1339
  3039  3550  1044  3236  4752   364   919  4190   430  4799  3414  3600   486  4350  2464   452  3914  4930  5335  2498  2814  3722  4598  4530  4292   846  4139  5172  3501   588  5326   998  4949   402  3568   394   224    11  2991   725  1320     0  3320  4988  4539  2796  4148  5422  1118  3580   360  1531  1972  5111  1255  4855   514   615   948  3759   454
  1772   230  2450    84  2139  3408  3004  2069  3148  1802   416  2056  3198  1352  2189  3094   916  2380  2338  1231  2265   725  2576  1534  1295  3729  1141  2175  2292  3002  2329  2738  1951  3042  1012  3235  3515  3330  2078  3609  2155  3320     0  1990  1542   910  3599  3002  3204  2371  3269  2624  1418  4562  2745  1858  3115  2855  2371  2549  3338
  3440  2220  4118  1906  1129  5075  4671  3914  4815  2039  1964  3724  4865  1530  3856  4761  1125  3076  2575  2899  3932  1265  1565   522  1130  5396  1378  2411  3960  4670  2565  4405   555  4710  2680  4902  5182  4998  3745  5276  3822  4988  1990     0  1376  2578  5265  1992  4871  4039  4936  4291  3085  6229  4412  2094  4782  4522  4039  4216  5005
  2991  1772  3670  1459  1526  4628  4224  3466  4368  1591  1515  3276  4418   504  3409  4312   770  2629  2126  2450  3485   818  1962   920   246  4949   930  1964  3512  4222  2118  3958  1339  4262  2232  4455  4735  4550  3296  4829  3375  4539  1542  1376     0  2130  4818  2390  4422  3591  4488  3844  2636  5781  3964  1646  4335  4074  3591  3769  4558
   611  1141  1926   826  2728  2884  2480  1672  2624  2390  1004  1084  2674  1941  1665  2570  1505  2265  2926   382  1741  1312  3164  2121  1884  3205  1730  2764  1769  2479  2918  2214  2540  2519  1158  2711  2991  2806  1554  3085  1631  2796   910  2578  2130     0  3074  3591  2680  1848  2745  2100   894  4038  2221  2446  2591  2331  1848  2025  2814
  3061  4208  3519  3892  5794  4476  4074  3861  4218  5456  4070  3271  4266  5008  2339  4162  4571  4601  4921  3155  2485  4379  5678  5188  4950  4798  4795  4759  4159  4072  4912  3806  5606  4112  4224  4304  4584  4399  2661  4678  3224  4389  3976  5644  5196  3452     0  6658  4272  4238  4338  3692  2831  1101  3814  5511  4184  3924  3440  4415  4406
  4376  3225  5054  2911  1285  5035  4419  4919  5855  3044  2969  4730  5299  2535  4792  5349  2130  4081  3580  3835  4869  2270  1515  1461  2135  6210  2382  3418  2946  5710  3571  4951  1306  5525  3685  5208  5285  5388  4681  6090  4759  5399  2995  1984  2381  3582  6202     0  4496  3025  5174  3885  4021  7166  4220  3100  5328  4722  4975  3202  5819
  2922  3434   752  3120  3844  1206   199  4074  1171  4684  3298  3485   846  4234  2348   891  3798  4814  5219  2381  2699  3606  3690  4415  4176  1528  4022  5056  3386  1026  5210   731  4832   715  3451  1034  1312  1129  2875  1406  1205  1118  3204  4871  4422  2680  4031  4514     0  3465  1066  1415  1856  4995   989  4739   914   502  1164  3642  1135
  2086  2598  2765  2284  2361  3721  3319  3671  3462  3848  2461  3366  3511  3398  2504  3408  2961  3981  4382  1545  2580  2770  2128  3578  3340  4042  3186  4220    79  3318  4374  3051  3996  3358  2615  3550  3829  3644  2391  3922  2469  3634  2368  4035  3586  1844  3912  3032  3518     0  3582  1595  1731  4876  1931  3902  3429  3169  2686   178  3651
  2988  3499   994  3185  4528   139   868  4139   681  4749  3362  3550   261  4299  2412   175  3862  4879  5284  2446  2764  3671  4372  4480  4241  1038  4088  5121  3451   536  5275   946  4898   351  3516    32   246   350  2940   916  1270   360  3269  4936  4488  2745  4096  5198  1066  3530     0  1480  1921  5060  1204  4804   154   564   896  3708   645
  2342  2854   662  2540  3218  1620  1216  3494  1360  4104  2718  2905  1410  3654  1768  1305  3219  4235  4639  1801  2119  3026  2982  3835  3596  1941  3442  4476  1465  1215  4630   675  4254  1255  2871  1448  1726  1542  2295  1820   625  1531  2624  4291  3844  2100  3451  3888  1415  1544  1480     0  1276  4415   444  4159  1328  1066   584  1721  1550
  1136  1648  1102  1334  3234  2060  1656  2634  1800  2898  1511  2044  1850  2448   906  1746  2011  3031  3432   595  1258  1820  3118  2628  2390  2381  2236  3270  1600  1655  3424  1390  3046  1695  1665  1888  2168  1982  1435  2261   808  1972  1418  3085  2636   894  2590  4098  1856  1679  1921  1276     0  3554  1398  2952  1768  1508  1024  1856  1990
  3949  5095  4408  4780  6681  5365  4961  4749  5105  6344  4959  4159  5155  5895  3226  5050  5459  5489  5809  4042  3372  5266  6565  6075  5838  5686  5684  5646  5046  4960  5800  4695  6494  5000  5111  5192  5471  5288  3550  5565  4112  5276  4864  6531  6084  4340   924  7545  5160  5125  5225  4580  3720     0  4701  6400  5071  4811  4329  5304  5294
  2464  2975   784  2661  3554  1336   782  3615  1481  4225  2839  3026   976  3775  1889  1022  3339  4355  4760  1922  2240  3148  3319  3955  3718  1658  3564  4598  1800  1336  4751   594  4374   846  2992  1164  1444  1259  2416  1538   746  1249  2745  4412  3964  2221  3572  4224   982  1879  1198   444  1398  4536     0  4280  1044   634   705  2058  1266
  3308  2089  3986  1774  2244  4942  4540  2476  4684    56  1831  2609  4732   696  3725  4629  1272  1639  1136  2766  3578  1132  2681  1638  1400  5264  1129   974  3828  4539  1128  4272  2056  4579  2549  4771  5050  4865  3612  5144  3690  4855  1858  2094  1646  2446  6645  3108  4739  3906  4804  4159  2952  7609  4280     0  4650  4390  3908  4085  4872
  2834  3345   840  3031  4681   292   714  3986   528  4595  3209  3396   414  4145  2259    21  3710  4726  5130  2292  2610  3518  4526  4326  4088   884  3934  4968  3298   382  5121   794  4745   198  3362   120   400   504  2786   764  1116   514  3115  4782  4335  2591  3942  5351   914  3376   154  1328  1768  4906  1051  4650     0   410   744  3554   492
  2574  3085   404  2771  4071   704   304  3725   669  4335  2949  3136   342  3885  1999   389  3449  4465  4870  2032  2350  3258  3916  4066  3828  1025  3674  4708  3038   524  4861   382  4484   212  3102   531   810   626  2526   904   856   615  2855  4522  4074  2331  3682  4741   502  3116   564  1066  1508  4646   640  4390   410     0   815  3294   632
  2091  2602   410  2288  4189  1036   964  3242   776  3851  2465  2652  1158  3402  1515   722  2966  3982  4388  1550  1866  2774  4072  3582  3345  1358  3190  4225  2554   631  4379   698  4001   671  2619   864  1144   959  2044  1238   372   948  2371  4039  3591  1848  3199  5052  1164  2632   896   584  1024  4162   705  3908   744   815     0  2811   966
  2264  2776  2942  2461  2540  3900  3496  3849  3640  4025  2639  3544  3690  3576  2681  3585  3140  4160  4560  1722  2758  2948  2305  3756  3518  4221  3364  4398   256  3495  4551  3230  4175  3535  2792  3728  4008  3822  2569  4101  2648  3811  2545  4212  3765  2021  4090  3210  3695   178  3760  1774  1909  5054  2109  4080  3608  3346  2864     0  3830
  3056  3568  1062  3254  5155   785   936  4208   192  4818  3431  3619   906  4368  2481   470  3932  4949  5352  2515  2832  3740  5018  4549  4310   602  4156  5190  3520   338  5344  1016  4968   420  3585   612   678   465  3009   488  1339   454  3338  5005  4558  2814  4165  5842  1135  3599   645  1550  1990  5129  1274  4872   492   632   966  3776     0
DRONE_EDGE_WEIGHT_SECTION
     0   700   755   606  1189  1271   962   366  1180  1345   698   235  1088  1502   555  1124  1109   991  1141   148   674  1104   908  1116  1433  1565  1232  1396   453  1089  1520   767  1541  1075   539  1227  1350  1240   386  1484   698  1292   620  1324  1455   184  1556  1540  1058   419  1236   519   365  1293   650  1341  1183   942   754   368  1331
   700     0  1379   148   677  1912  1564   592  1847   647   201   553  1719   805  1254  1773   444   397   478   786  1370   420   572   512   754  2241   537   712   726  1756   833  1370   892  1724   162  1876  1999  1892  1071  2159  1353  1949   114   656   781   537  2245   943  1678   760  1884  1094  1044  1962  1226   641  1836  1573  1416   814  2004
   755  1379     0  1248  1638   533   211  1105   491  2014  1296   989   340  2125   425   398  1706  1723  1852   621   557  1723  1310  1655  2022   888  1863  2091   721   406  2211    65  2079   351  1232   500   621   518   404   806   116   577  1274  1903  2033   860  1208  2016   304   665   507   292   409  1104   183  2002   463   194   143   582   654
   606   148  1248     0   652  1781  1429   577  1722   767   119   502  1587   900  1152  1644   504   544   622   673  1279   499   479   528   827  2119   631   846   580  1632   964  1236   942  1596   129  1747  1869  1764   960  2036  1228  1821    34   719   849   429  2161   963  1544   617  1754   960   931  1891  1090   756  1708  1441  1293   675  1882
  1189   677  1638   652     0  2139  1768  1228  2128   729   533  1142  1946   663  1679  2024   378   912   830  1200  1832   450   328   219   508  2522   527   875   924  2044   939  1603   472  1981   777  2120  2233  2141  1468  2441  1659  2203   661   406   495  1006  2712   378  1893   985  2125  1355  1435  2474  1457   694  2090  1815  1726  1081  2291
  1271  1912   533  1781  2139     0   371  1602   176  2546  1826  1500   196  2653   807   148  2233  2252  2384  1145   843  2253  1813  2174  2545   406  2393  2624  1242   229  2744   549  2592   198  1763    59    94    68   892   334   573   101  1807  2425  2555  1389  1034  2516   246  1189    47   822   908  1093   698  2534   105   339   519  1111   231
   962  1564   211  1429  1768   371     0  1316   395  2191  1467  1197   181  2289   612   271  1868  1919  2041   824   718  1891  1442  1806  2178   764  2032  2274   876   336  2393   197  2222   240  1422   356   465   378   615   686   306   441  1457  2058  2187  1057  1228  2145   125   825   359   471   620  1183   339  2177   334   106   290   754   547
   366   592  1105   577  1228  1602  1316     0  1493  1173   695   150  1428  1370   824  1454  1036   743   924   513   888  1007  1018  1095  1339  1861  1111  1189   750  1404  1311  1124  1484  1404   455  1554  1676  1565   711  1783  1034  1611   570  1246  1368   384  1717  1530  1403   736  1564   884   699  1410  1013  1178  1508  1285  1084   712  1634
  1180  1847   491  1722  2128   176   395  1493     0  2489  1778  1402   226  2609   678   130  2192  2169  2311  1065   689  2207  1801  2145  2510   398  2345  2558  1212    91  2680   526  2570   155  1693   120   202   109   794   316   495   126  1747  2391  2522  1314   884  2506   284  1155   130   780   815   920   672  2479    89   319   431  1069   163
  1345   647  2014   767   729  2546  2191  1173  2489     0   725  1175  2352   242  1900  2410   382   475   281  1432  2010   328   905   528   328  2885   205   149  1323  2398   221  2000   522  2362   807  2513  2635  2530  1718  2802  1994  2588   742   352   368  1183  2876   695  2308  1368  2521  1724  1691  2580  1853    37  2475  2207  2059  1437  2648
   698   201  1296   119   533  1826  1467   695  1778   725     0   614  1631   832  1234  1693   419   583   623   748  1368   428   375   420   744  2176   567   822   598  1689   934  1278   843  1646   247  1796  1917  1813  1034  2093  1286  1872   134   630   762   516  2252   852  1586   643  1802  1005  1004  1990  1130   710  1758  1488  1351   715  1939
   235   553   989   502  1142  1500  1197   150  1402  1175   614     0  1320  1354   751  1353   991   783   948   379   841   972   907  1029  1306  1780  1088  1210   600  1311  1334  1002  1437  1303   397  1455  1578  1467   609  1700   928  1517   503  1206  1332   235  1701  1465  1291   586  1464   752   592  1411   884  1176  1410  1175   982   564  1549
  1088  1719   340  1587  1946   196   181  1428   226  2352  1631  1320     0  2457   660    97  2037  2063  2192   958   727  2057  1619  1979  2350   583  2197  2431  1046   193  2550   353  2398    89  1572   175   288   197   716   505   393   260  1613  2230  2359  1199  1096  2323    59   993   179   627   729  1094   502  2339   155   147   348   916   369
  1502   805  2125   900   663  2653  2289  1370  2609   242   832  1354  2457     0  2052  2522   421   708   519  1573  2174   404   913   512   159  3008   269   351  1413  2520   339  2104   319  2475   967  2624  2744  2642  1860  2925  2117  2702   883   260   186  1329  3051   513  2410  1464  2630  1833  1831  2765  1955   216  2588  2315  2183  1543  2770
   555  1254   425  1152  1679   807   612   824   678  1900  1234   751   660  2052     0   661  1651  1533  1692   486   173  1651  1368  1641  1976  1037  1783  1950   784   592  2073   479  2071   614  1093   754   870   761   214   959   311   800  1170  1863  1995   723  1033  2048   655   724   765   450   247   823   477  1895   706   540   324   623   811
  1124  1773   398  1644  2024   148   271  1454   130  2410  1693  1353    97  2522   661     0  2103  2108  2243  1001   705  2121  1697  2050  2419   499  2261  2485  1116   113  2606   423  2472    50  1623   103   227   120   744   418   427   180  1670  2299  2429  1247  1006  2402   155  1061   112   689   761  1019   571  2399    66   209   371   979   276
  1109   444  1706   504   378  2233  1868  1036  2192   382   419   991  2037   421  1651  2103     0   554   452  1167  1782    72   523   160   325  2590   181   519   992  2103   603  1684   448  2056   594  2204  2324  2223  1453  2507  1701  2283   493   215   345   930  2665   518  1989  1044  2211  1414  1423  2393  1535   354  2169  1896  1767  1124  2353
   991   397  1723   544   912  2252  1919   743  2169   475   583   783  2063   708  1533  2108   554     0   196  1107  1621   488   920   699   740  2556   509   454  1113  2078   574  1722   927  2058   504  2211  2335  2226  1377  2475  1682  2279   510   695   779   864  2460  1052  2026  1141  2220  1449  1354  2150  1584   493  2169  1916  1741  1183  2321
  1141   478  1852   622   830  2384  2041   924  2311   281   623   948  2192   519  1692  2243   452   196     0  1246  1789   380   907   611   569  2702   354   265  1202  2220   387  1845   762  2194   620  2346  2470  2362  1524  2620  1819  2417   590   545   609   997  2639   907  2152  1238  2354  1570  1500  2334  1703   303  2305  2045  1881  1292  2466
   148   786   621   673  1200  1145   824   513  1065  1432   748   379   958  1573   486  1001  1167  1107  1246     0   632  1170   898  1154  1492  1457  1304  1495   367   974  1617   628  1584   951   629  1104  1228  1119   287  1375   574  1172   693  1378  1510   250  1515  1565   924   319  1113   373   259  1276   505  1425  1062   811   635   246  1221
   674  1370   557  1279  1832   843   718   888   689  2010  1368   841   727  2174   173   705  1782  1621  1789   632     0  1777  1525  1781  2107  1005  1905  2050   950   615  2174   617  2210   664  1208   785   890   787   380   933   441   815  1294  1996  2127   852   885  2196   735   890   797   622   413   654   639  2008   737   631   432   790   798
  1104   420  1723   499   450  2253  1891  1007  2207   328   428   972  2057   404  1651  2121    72   488   380  1170  1777     0   578   231   335  2605   141   458  1017  2117   549  1704   482  2074   577  2223  2344  2241  1457  2522  1714  2300   484   241   362   928  2657   573  2011  1066  2229  1432  1427  2380  1556   303  2186  1915  1780  1142  2367
   908   572  1310   479   328  1813  1442  1018  1801   905   375   907  1619   913  1368  1697   523   920   907   898  1525   578     0   401   776  2195   705  1036   600  1717  1126  1275   785  1654   606  1793  1907  1814  1155  2113  1333  1876   504   658   774   732  2400   706  1566   661  1797  1028  1121  2174  1129   877  1763  1488  1400   759  1963
  1116   512  1655   528   219  2174  1806  1095  2145   528   420  1029  1979   512  1641  2050   160   699   611  1154  1781   231   401     0   378  2543   323   670   934  2058   745  1628   431  2005   640  2149  2267  2169  1435  2460  1661  2230   527   258   382   933  2666   436  1929   990  2155  1365  1404  2409  1479   496  2116  1841  1728  1078  2308
  1433   754  2022   827   508  2545  2178  1339  2510   328   744  1306  2350   159  1976  2419   325   740   569  1492  2107   335   776   378     0  2908   237   466  1304  2422   482  1998   196  2372   911  2519  2638  2538  1778  2826  2021  2598   815   120    40  1255  2988   371  2301  1358  2525  1730  1747  2714  1849   292  2484  2210  2088  1442  2672
  1565  2241   888  2119  2522   406   764  1861   398  2885  2176  1780   583  3008  1037   499  2590  2556  2702  1457  1005  2605  2195  2543  2908     0  2743  2952  1609   488  3074   919  2967   541  2086   409   316   386  1179    83   891   323  2143  2789  2920  1707   809  2900   641  1553   407  1179  1203   990  1067  2875   433   707   826  1467   237
  1232   537  1863   631   527  2393  2032  1111  2345   205   567  1088  2197   269  1783  2261   181   509   354  1304  1905   141   705   323   237  2743     0   348  1158  2256   424  1844   418  2213   698  2363  2484  2381  1591  2660  1852  2440   613   191   273  1060  2782   553  2151  1207  2369  1572  1562  2499  1696   174  2326  2055  1918  1282  2506
  1396   712  2091   846   875  2624  2274  1189  2558   149   822  1210  2431   351  1950  2485   519   454   265  1495  2050   458  1036   670   466  2952   348     0  1417  2467   124  2081   656  2437   866  2589  2712  2605  1777  2870  2064  2661   818   500   505  1245  2904   837  2389  1459  2596  1805  1751  2599  1936   185  2549  2285  2127  1521  2715
   453   726   721   580   924  1242   876   750  1212  1323   598   600  1046  1413   784  1116   992  1113  1202   367   950  1017   600   934  1304  1609  1158  1417     0  1126  1532   694  1358  1071   612  1216  1334  1235   571  1527   735  1296   612  1184  1313   366  1810  1301   997    62  1221   433   538  1604   545  1307  1182   907   802   162  1375
  1089  1756   406  1632  2044   229   336  1404    91  2398  1689  1311   193  2520   592   113  2103  2078  2220   974   615  2117  1717  2058  2422   488  2256  2467  1126     0  2589   446  2483   105  1602   171   279   172   703   405   404   209  1656  2303  2434  1223   905  2422   243  1068   182   693   724   906   588  2388   124   247   340   980   250
  1520   833  2211   964   939  2744  2393  1311  2680   221   934  1334  2550   339  2073  2606   603   574   387  1617  2174   549  1126   745   482  3074   424   124  1532  2589     0  2200   658  2557   988  2709  2832  2726  1900  2992  2186  2782   937   543   517  1368  3027   850  2508  1575  2717  1924  1874  2721  2054   250  2669  2405  2249  1639  2837
   767  1370    65  1236  1603   549   197  1124   526  2000  1278  1002   353  2104   479   423  1684  1722  1845   628   617  1704  1275  1628  1998   919  1844  2081   694   446  2200     0  2049   379  1226   521   640   541   435   838   177   602  1263  1878  2007   859  1269  1981   308   640   527   276   436  1169   149  1986   489   213   207   563   688
  1541   892  2079   942   472  2592  2222  1484  2570   522   843  1437  2398   319  2071  2472   448   927   762  1584  2210   482   785   431   196  2967   418   656  1358  2483   658  2049     0  2427  1040  2570  2686  2590  1866  2885  2089  2651   935   242   155  1359  3094   200  2346  1415  2575  1790  1834  2832  1901   487  2538  2262  2156  1506  2732
  1075  1724   351  1596  1981   198   240  1404   155  2362  1646  1303    89  2475   614    50  2056  2058  2194   951   664  2074  1654  2005  2372   541  2213  2437  1071   105  2557   379  2427     0  1574   153   277   168   695   459   377   226  1621  2253  2383  1197  1010  2359   138  1015   162   643   711  1006   526  2351   112   166   321   932   312
   539   162  1232   129   777  1763  1422   455  1693   807   247   397  1572   967  1093  1623   594   504   620   629  1208   577   606   640   911  2086   698   866   612  1602   988  1226  1040  1574     0  1726  1849  1742   912  2004  1200  1797   116   809   936   380  2084  1076  1533   638  1734   951   886  1803  1085   802  1685  1425  1262   679  1850
