
NAME : WM-61-7
COMMENT : CVS
TYPE : RDVRP-TW
DIMENSION : 61
CAPACITY : 100
EDGE_WEIGHT_TYPE : EXPLICIT
EDGE_WEIGHT_FORMAT : FULL_MATRIX 
NODE_COORD_SECTION
  0 -78.5881280000 35.7825655000
  1 -78.6017762000 35.7910805000
  2 -78.5914349000 35.7727814000
  3 -78.5915257000 35.7858377000
  4 -78.5951654000 35.7696031000
  5 -78.5893775000 35.7710757000
  6 -78.5973580000 35.7710740000
  7 -78.6002869000 35.7711983000
  8 -78.5903400000 35.7770463000
  9 -78.5978152000 35.7863865000
 10 -78.6010462000 35.7701205000
 11 -78.5933537000 35.7873417000
 12 -78.5934202000 35.7792075000
 13 -78.5833755000 35.7722212000
 14 -78.5933928000 35.7712048000
 15 -78.6017446000 35.7932280000
 16 -78.6039416000 35.7918617000
 17 -78.6003932000 35.7709961000
 18 -78.5874326000 35.7760211000
 19 -78.5923863000 35.7707577000
 20 -78.5997508000 35.7790490000
 21 -78.5986717000 35.7929717000
 22 -78.5918161000 35.7704160000
 23 -78.5997859000 35.7932152000
 24 -78.5962737000 35.7726027000
 25 -78.5974394000 35.7893859000
 26 -78.5931683000 35.7710417000
 27 -78.6006291000 35.7952290000
 28 -78.5978864000 35.7897817000
 29 -78.6014483000 35.7886489000
 30 -78.5992831000 35.7696791000
 31 -78.5990399000 35.7833429000
 32 -78.5855078000 35.7694955000
 33 -78.5715316000 35.7870418000
 34 -78.6031439000 35.7807101000
 35 -78.6046302000 35.7950393000
 36 -78.5974786000 35.7918907000
 37 -78.5849082000 35.7887415000
 38 -78.5939993000 35.7698982000
 39 -78.6025034000 35.7741615000
 40 -78.5957329000 35.7878203000
 41 -78.6035048000 35.7872312000
 42 -78.5994989000 35.7930955000
 43 -78.6005544000 35.7822145000
 44 -78.5974837000 35.7727592000
 45 -78.6014652000 35.7861766000
 46 -78.5869250000 35.7843582000
 47 -78.6039088000 35.7879977000
 48 -78.5843763000 35.7770736000
 49 -78.5957620000 35.7709687000
 50 -78.5920965000 35.7698822000
 51 -78.5968838000 35.7701945000
 52 -78.5974097000 35.7868712000
 53 -78.5957423000 35.7704470000
 54 -78.6003514000 35.7819169000
 55 -78.5753969000 35.7958300000
 56 -78.5981890000 35.7812546000
 57 -78.6045735000 35.7934946000
 58 -78.6005552000 35.7905496000
 59 -78.5820059000 35.7855340000
 60 -78.5982520000 35.7913655000
TIME_WINDOW_SECTION
  0      0  36000
  1  26798  30922
  2  27678  29678
  3      0  34245
  4  13427  15427
  5   4509   6509
  6   6677   8685
  7      0  31602
  8   4018   6018
  9  18544  23078
 10      0  31434
 11  16103  18103
 12  22622  25088
 13   4961   9869
 14      0  32589
 15      0  31839
 16  25895  27895
 17      0  31574
 18  20374  22374
 19      0  32336
 20   6909   8909
 21      0  32301
 22  16469  18469
 23  28727  32479
 24      0  32235
 25  12894  14894
 26      0  32176
 27      0  31672
 28      0  32771
 29  19391  21713
 30      0  31659
 31      0  32715
 32  12352  15494
 33      0  29188
 34  21656  27156
 35   5838  10252
 36      0  32465
 37  28648  30648
 38      0  32251
 39  18999  20999
 40  18406  21414
 41      0  32240
 42      0  32105
 43  18403  24267
 44  26635  33001
 45  26296  30306
 46      0  34308
 47  11748  15588
 48   7913   9913
 49  16709  18709
 50      0  32135
 51      0  31621
 52  20269  22269
 53      0  31560
 54  26076  28076
 55  28341  30427
 56      0  32834
 57      0  31759
 58  13235  16217
 59  20294  23650
 60  26473  29477
DEMAND_SECTION
  0      0
  1     28
  2     22
  3     11
  4      8
  5     16
  6      9
  7      5
  8     18
  9     28
 10      7
 11     18
 12     10
 13     17
 14     13
 15      9
 16     27
 17     21
 18     18
 19     26
 20     22
 21     23
 22     20
 23     12
 24      7
 25      8
 26     25
 27      7
 28     18
 29     13
 30     30
 31     12
 32     15
 33     29
 34     11
 35     12
 36      7
 37     22
 38     17
 39     10
 40     20
 41     12
 42     25
 43     15
 44     10
 45     19
 46     18
 47     12
 48     17
 49     18
 50     28
 51     24
 52     30
 53     17
 54     13
 55     23
 56     15
 57     22
 58     30
 59     18
 60     26
SERVICE_TIME_SECTION
  0      0
  1   1000
  2   1000
  3   1000
  4   1000
  5   1000
  6   1000
  7   1000
  8   1000
  9   1000
 10   1000
 11   1000
 12   1000
 13   1000
 14   1000
 15   1000
 16   1000
 17   1000
 18   1000
 19   1000
 20   1000
 21   1000
 22   1000
 23   1000
 24   1000
 25   1000
 26   1000
 27   1000
 28   1000
 29   1000
 30   1000
 31   1000
 32   1000
 33   1000
 34   1000
 35   1000
 36   1000
 37   1000
 38   1000
 39   1000
 40   1000
 41   1000
 42   1000
 43   1000
 44   1000
 45   1000
 46   1000
 47   1000
 48   1000
 49   1000
 50   1000
 51   1000
 52   1000
 53   1000
 54   1000
 55   1000
 56   1000
 57   1000
 58   1000
 59   1000
 60   1000
TRUCK_EDGE_WEIGHT_SECTION
     0  2834  2278  1186  2989  2934  3366  3500  1874  2130  3669  1498  1402  1922  2514  3206  3146  3528  2200  2766  1830  2744  2734  3036  2868  2208  2926  3372  2274  2378  3444  2334  2878  5756  2201  3532  2580  1612  2851  3606  2031  2805  2940  2081  3004  2659   440  2762  1042  3541  2968  3481  2105  3541  2048  3286  2215  3286  2632  1382  2722
  2789     0  3472  2741  4184  4129  4562  4695  3069  1024  4864  1485  2598  4540  3709   551   490  4722  3395  3961  3026   574  3930   381  4062   696  4121   718   560   429  4639  3529  4882  6945  3396   878   612  2801  4046  4801  1182   591   390  3278  4199   911  2882   484  3890  4736  4162  4676   999  4736  3242  4476  3410   631   145  3025   529
  2175  3472     0  2480   826   486  1205  1338   725  2770  1506  2136  1131  1592   351  3845  3785  1365  1051   486  2470  3384   455  3676   705  2846   764  4011  2912  3016  1281  2972  1239  7050  2840  4171  3219  2906   689  1444  2670  3444  3579  2721   841  3299  2555  3401  1764  1380   688  1319  2744  1380  2686  4580  2854  3925  3271  3130  3361
   755  2629  2072     0  2784  2730  3162  3295  1670  1926  3465  1292  1199  3145  2310  3001  2941  3324  1996  2562  1626  2540  2530  2832  2664  2004  2721  3169  2070  2172  3240  2130  3482  5630  1998  3328  2376  1486  2646  3402  1828  2600  2736  1878  2799  2455  1134  2559  2265  3338  2764  3278  1901  3338  1844  3160  2011  3082  2429  1710  2518
  2886  4184   826  3191     0  1066  1096  1230  1436  3481  1399  2848  1842  2172   475  4556  4496  1258  1762   470  3181  4095   582  4388   598  3558   369  4722  3624  3728  1174  3684  1819  7761  3552  4882  3930  3618   138  1336  3381  4155  4291  3432   734  4010  3266  4112  2475  1271   335  1211  3455  1271  3398  5291  3565  4636  3982  3841  4072
  2832  4129   486  3138  1066     0  1444  1576  1382  3426  1746  2792  1788  1401   591  4501  4441  1605  1709   726  3126  4040   694  4332   945  3504  1002  4669  3570  3672  1521  3630   794  7706  3498  4828  3875  3562   928  1684  3326  4100  4236  3378  1080  3955  3211  4059  2288  1619   608  1559  3400  1619  3344  5238  3511  4582  3928  3194  4018
  3265  4562  1205  3570  1096  1444     0   762  1815  3859   931  3226  2221  2551   852  4935  4875   790  2141  1135  2834  4472  1245  4765   500  3936  1034  5101  4002  4106   320  4062  2198  8140  2654  5261  4309  3996   959   869  3760  4534  4669  3810   365  4388  3644  4491  2852   175  1291   114  3834   175  3776  5670  3944  5015  4361  4220  4451
  3398  4695  1338  3702  1230  1576   762     0  1948  3992   169  3359  2354  2684   986  5068  5008    28  2274  1268  2572  4606  1378  4899   634  4069  1168  5234  4135  4239   839  3122  2330  8272  2391  5394  4441  4129  1091   606  3892  4666  4802  2871   498  4521  3778  4624  2986   938  1425   876  3966   938  2836  5802  3004  5148  4494  4352  4584
  1772  3069   725  2078  1436  1382  1815  1948     0  2366  2116  1732   728  2240   962  3441  3381  1976   326  1214  2066  2980  1182  3272  1315  2444  1374  3609  2510  2612  1892  2570  2135  6648  2438  3768  2816  2502  1299  2054  2268  3040  3176  2318  1451  2895  2151  2999  1360  1990  1416  1929  2341  1990  2284  4178  2451  3522  2869  2726  2958
  2085  1024  2770  2038  3481  3426  3859  3992  2366     0  4161   782  1895  3838  3006  1396  1336  4020  2692  3259  1424   935  3226  1228  3360   399  3419  1564   464   568  3936  1928  4180  6242  1795  1722   770  2099  3342  4099   479   710  1131  1675  3496   565  2180   952  3188  4034  3460  3974    26  4034  1641  3774  1808  1478   822  2322   912
  3566  4864  1506  3871  1399  1746   931   169  2116  4161     0  3528  2522  2852  1155  5236  5176   141  2442  1436  2741  4775  1546  5068   802  4238  1336  5402  4304  4408  1008  3291  2499  8441  2560  5562  4610  4298  1261   775  4061  4835  4971  3040   666  4690  3946  4792  3155  1106  1594  1045  4135  1106  3005  5971  3172  5316  4662  4521  4752
  1452  1485  2136  1405  2848  2792  3226  3359  1732   782  3528     0  1261  3204  2372  1858  1798  3386  2059  2625  1690  1396  2594  1689  2726   860  2785  2025   926  1029  3302  2192  3546  5610  2060  2184  1232  1465  2710  3465   682  1456  1592  1941  2862  1311  1546  1415  2555  3400  2826  3340   758  3400  1906  3140  2074  1939  1285  1689  1374
  1300  2598  1131  1605  1842  1788  2221  2354   728  1895  2522  1261     0  2202  1368  2970  2910  2381  1054  1620   809  2509  1589  2801  1721  1972  1780  3138  2038  2141  2298  1311  2541  6175  1180  3296  2344  2031  1705  2460  1795  2569  2705  1060  1858  1549  1680  2526  1322  2395  1821  2335  1869  2395  1025  3705  1192  3051  2396  2255  2486
  2532  4898  1254  3325  1834  1064  2212  2345  2150  4195  2514  3561  2556     0  1360  5270  5210  2374  2476  1494  3895  4809  1462  5101  1712  4272  1771  5436  4338  4441  2289  4399   954  9018  4266  5596  4644  3139  1696  2451  4095  4869  5005  4146  1849  4724  2342  4826  1498  2388  1696  2326  4169  2388  4112  6549  4279  5350  4696  2404  4786
  2411  3709   351  2716   475   591   852   986   962  3006  1155  2372  1368  1698     0  4081  4021  1014  1289   422  2706  3620   391  3912   354  3084   412  4249  3149  3252   930  3210  1344  7286  3078  4408  3455  3142   338  1092  2906  3680  3816  2958   490  3535  2791  3638  2000  1028   670   968  2980  1028  2924  4818  3090  4162  3508  3366  3598
  3161   551  3845  3114  4556  4501  4935  5068  3441  1396  5236  1858  2970  4912  4081     0   561  5095  3768  4334  3399   545  4302   256  4435  1069  4494   338   932   979  5011  3901  5255  7319  3769   471   618  3174  4419  5174  1555  1141   264  3650  4571  1461  3255  1035  4264  5109  4535  5049  1371  5109  3615  4849  3782   455   812  3398   701
  3101   490  3785  3054  4496  4441  4875  5008  3381  1336  5176  1798  2910  4852  4021   561     0  5035  3708  4274  3339   886  4242   694  4375  1009  4434  1030   872   919  4951  3841  5195  7258  3709   478   925  3114  4359  4590  1495  1081   702  3590  4511  1401  3195   975  4202  5049  4475  4989  1311  5049  3555  4789  3722   231   752  3338   841
  3426  4722  1365  3731  1258  1605   790    28  1976  4020   141  3386  2381  2711  1014  5095  5035     0  2302  1295  2600  4634  1405  4926   661  4098  1195  5262  4162  4266   868  3151  2358  8300  2420  5421  4469  4156  1120   634  3920  4694  4830  2899   525  4549  3805  4652  3014   965  1452   904  3994   965  2865  5831  3032  5176  4521  4380  4611
  2099  3395  1051  2404  1762  1709  2141  2274   326  2692  2442  2059  1054  2566  1289  3768  3708  2302     0  1540  2392  3306  1509  3599  1641  2770  1700  3935  2836  2939  2218  2896  2461  6972  2764  4094  3142  2829  1625  2380  2592  3366  3502  2644  1778  3221  2478  3325  1686  2316  1742  2255  2668  2316  2610  4504  2778  3849  3195  3052  3284
  2664  3961   486  2969   470   726  1135  1268  1214  3259  1436  2625  1620  1832   422  4334  4274  1295  1540     0  2959  3872   114  4165   635  3335   100  4500  3401  3505  1211  3462  1010  7539  3330  4660  3708  3395   332  1374  3159  3932  4069  3210   771  3788  3044  3890  2252  1309   349  1249  3232  1309  3176  5069  3342  4414  3760  3619  3850
  1704  3000  2388  2008  3099  3044  3476  3610  1984  1396  3779  1664   734  3459  2624  3372  3312  3638  2310  2876     0  2911  2844  3204  2978  2375  3036  3540  2440  2544  3554  1246  3798  6578  1114  3699  2746  2434  2960  2685  2198  1844  3108   994  3114  1484  2082  2929  2579  3651  3078  3591  2271  3651   960  4109  1128  3454  2799  2658  2889
  2699   574  3384  2651  4095  4040  4472  4606  2980   935  4775  1396  2509  4451  3620   545   886  4634  3306  3872  2936     0  3840   376  3974   536  4032   712   730  1126  4550  3440  4794  6856  3308  1272   165  2712  3956  4712  1092  1165   281  3188  4110  1464  2794  1058  3801  4648  4074  4588   909  4648  3154  4388  3321  1026   610  2936   248
  2632  3930   455  2938   582   694  1245  1378  1182  3226  1546  2594  1589  1801   391  4302  4242  1405  1509   114  2926  3840     0  4134   745  3304   215  4469  3370  3474  1321  3430   895  7508  3298  4629  3676  3364   445  1484  3128  3901  4036  3179   881  3755  3011  3859  2220  1419   235  1359  3201  1419  3144  5038  3311  4382  3729  3588  3819
  2992   381  3676  2945  4388  4332  4765  4899  3272  1228  5068  1689  2801  4744  3912   256   694  4926  3599  4165  3230   376  4134     0  4266   900  4325   422   764   810  4842  3732  5086  7149  3600   728   449  3005  4250  5005  1386   972    95  3481  4402  1292  3086   866  4094  4940  4366  4880  1201  4940  3446  4680  3614   621   644  3229   532
  2765  4062   705  3070   598   945   500   634  1315  3360   802  2726  1721  2051   354  4435  4375   661  1641   635  3060  3974   745  4266     0  3438   535  4601  3502  3606   578  3564  1698  7640  2525  4761  3809  3496   460   740  3260  4034  4170  3311   136  3889  3145  3991  2354   675   792   615  3334   675  3278  5170  3444  4515  3861  3720  3951
  2162   696  2846  2115  3558  3504  3936  4069  2444   399  4238   860  1972  3915  3084  1069  1009  4098  2770  3335  2400   536  3304   900  3438     0  3495  1235   136   645  4014  2904  4256  6320  2771  1395   372  2176  3420  4175   556  1072   802  2651  3572   928  2256  1030  3265  4111  3538  4050   372  4111  2618  3850  2785  1149   495  2400   585
  2824  4121   764  3129   369  1002  1034  1168  1374  3419  1336  2785  1780  2110   412  4494  4434  1195  1700   100  3119  4032   215  4325   535  3495     0  4660  3561  3665  1111  3621  1110  7699  3489  4820  3868  3555   231  1274  3319  4092  4228  3370   670  3948  3204  4050  2412  1209   450  1149  3392  1209  3335  5229  3502  4574  3920  3779  4010
  3328   718  4011  3280  4722  4669  5101  5234  3609  1564  5402  2025  3138  5080  4249   338  1030  5262  3935  4500  3565   712  4469   422  4601  1235  4660     0  1099  1146  5179  4069  5421  7485  3936   810   785  3341  4585  5340  1721  1309   431  3816  4738  1629  3421  1201  4430  5276  4702  5215  1538  5276  3782  5015  3950   792   979  3565   868
  2229   560  2912  2181  3624  3570  4002  4135  2510   464  4304   926  2038  3980  3149   932   872  4164  2836  3401  2466   730  3370   764  3502   136  3561  1099     0   509  4079  2970  4322  6386  2838  1259   531  2242  3486  4241   622  1000   666  2718  3639   992  2322   894  3331  4178  3602  4116   439  4178  2684  3916  2850  1012   359  2466   449
  2332   429  3016  2285  3728  3672  4106  4239  2612   568  4408  1029  2141  4084  3252   979   919  4266  2939  3505  2570  1126  3474   810  3606   645  3665  1146   509     0  4182  3072  4426  6489  2940  1305   929  2345  3590  4345   726   492   819  2821  3742   812  2426   385  3434  4280  3706  4220   542  4280  2786  4020  2954  1060   499  2569   845
  3341  4639  1281  3646  1174  1521   320   839  1892  3936  1008  3302  2298  2628   930  5011  4951   868  2218  1211  2911  4550  1321  4842   578  4014  1111  5178  4079  4182     0  4140  2274  8216  2731  5338  4385  4072  1036   945  3836  4610  4746  3888   441  4465  3721  4568  2930   495  1369   434  3910   495  3854  5748  4020  5092  4438  4296  4528
  2285  3582  2969  2590  3680  3626  4059  3130  2566  1979  3299  2246  1316  4041  3206  3955  3895  3158  2892  3458   582  3494  3426  3786  3559  2956  3618  4121  3022  3126  4135     0  4379  7160   952  4281  3329  3016  3542  2524  2780  2426  3690   252  3695  2066  2665  3511  3161  4234  3660  4172  2854  4234   349  4690   515  4035  3381  3240  3471
  3585  4882  1239  3890  1819   794  2198  2330  2135  4180  2499  3546  2541  1292  1344  5255  5195  2358  2461  1010  3880  4794   895  5086  1698  4256  1110  5421  4322  4426  2274  4382     0  9699  4250  5581  4629  3820  1681  2436  4080  4854  4990  4131  1834  4709  3024  4811  2179  2372   810  2311  4154  2372  4096  7229  4264  5335  4681  3085  4771
  5812  6889  7130  5412  7841  7788  8220  8352  6728  6186  8521  5552  6255  7211  7366  7261  7201  8381  7054  7619  6684  6800  7588  7092  7720  6264  7779  7429  6329  6432  8296  7188  8540     0  7055  7588  6635  5474  7704  8459  6086  6860  6996  6935  7856  6715  5554  6818  6562  8395  7820  8334  6160  8395  6901  3524  7068  7342  6688  5698  6778
  2154  3450  2838  2459  3549  3494  2685  2400  2434  1848  2569  2114  1184  3909  3074  3822  3762  2428  2760  3326   450  3361  3295  3654  2556  2825  3486  3990  2891  2994  2761  1001  4248  7029     0  4149  3198  2884  3411  1794  2649  1606  3558   749  2420  1934  2532  3380  3029  2860  3528  2799  2722  2860   715  4559   882  3904  3250  3108  3339
  3488   878  4171  3440  4882  4828  5261  5394  3768  1722  5562  2184  3296  5239  4408   471   478  5421  4094  4660  3725  1272  4629   728  4761  1395  4820   810  1259  1305  5338  4228  5581  7645  4095     0  1311  3500  4745  4976  1881  1468   735  3976  4898  1788  3581  1361  4590  5435  4861  5375  1698  5435  3941  5175  4109   370  1139  3725  1229
  2535   612  3219  2488  3930  3875  4309  4441  2816   770  4610  1232  2344  4286  3455   618   925  4469  3142  3708  2772   165  3676   449  3809   372  3868   785   531   929  4385  3276  4629  6692  3144  1311     0  2549  3792  4548   929  1072   354  3024  3945  1299  2629   966  3638  4484  3909  4422   745  4484  2990  4222  3156  1065   411  2772    82
  1634  2806  2951  1234  3662  3609  4041  4174  2549  2102  4342  1470  2076  3032  3188  3179  3119  4202  2875  3440  2505  2716  3409  3010  3541  2180  3600  3345  2246  2350  4118  3009  4361  4996  2876  3505  2552     0  3525  4280  2004  2778  2912  2756  3678  2631  1375  2735  2384  4216  3641  4155  2078  4216  2722  2526  2889  3259  2605  1039  2695
  2749  4046   689  3054   138   928   959  1091  1299  3342  1261  2710  1705  2035   338  4419  4359  1120  1625   332  3044  3956   445  4250   460  3420   231  4585  3486  3590  1036  3546  1681  7624  3414  4745  3792  3480     0  1198  3244  4018  4152  3295   595  3871  3128  3975  2336  1134   332  1074  3318  1134  3260  5154  3428  4499  3845  3704  3935
  3526  4324  1466  3831  1359  1706   891   606  2076  4121   775  3488  2482  2812  1115  5038  4566   634  2402  1396  1966  4735  1506  5028   762  4198  1296  5362  4264  4368   968  2516  2459  8401  1785  4952  4570  4258  1221     0  4021  2860  4931  2265   626  3450  3906  4281  3115  1066  1554  1005  4095  1066  2230  5931  2398  4706  4622  4481  4712
  1986  1182  2670  1939  3381  3326  3760  3892  2268   479  4061   682  1795  3738  2906  1555  1495  3920  2592  3159  2224  1092  3128  1386  3260   556  3319  1721   622   726  3836  2726  4080  6144  2595  1881   929  2000  3244  3999     0  1154  1289  2475  3396  1008  2080  1111  3089  3934  3360  3874   454  3934  2440  3674  2608  1635   981  2224  1071
  2760   584  3444  2712  4155  4100  4534  4666  3040   710  4835  1456  2569  4511  3680  1135  1075  4694  3366  3932  1870  1158  3901   965  4034  1072  4092  1301   994   485  4610  2374  4854  6918  1606  1461  1065  2772  4018  2884  1154     0   974  2121  4170   320  2854   272  3862  4708  4134  4648   736  4708  2088  4448  2255  1215   655  2996   982
  2895   390  3579  2848  4291  4236  4669  4802  3176  1131  4971  1592  2705  4648  3816   264   702  4830  3502  4069  3132   281  4036    95  4170   802  4228   431   666   819  4746  3636  4990  7052  3504   735   354  2909  4152  4909  1289   981     0  3384  4305  1301  2990   874  3998  4844  4270  4784  1105  4844  3350  4582  3518   629   546  3132   438
  2032  3330  2718  2338  3429  3374  3806  2878  2314  1726  3046  1994  1064  3789  2954  3702  3642  2906  2640  3206   330  3241  3174  3534  3308  2705  3366  3870  2770  2874  3884   252  4128  6908   701  4029  3076  2764  3290  2271  2528  2174  3438     0  3444  1814  2412  3259  2909  3981  3408  3921  2601  3981    96  4439   264  3784  3129  2988  3219
  2901  4199   841  3206   734  1080   365   498  1451  3496   666  2862  1858  2188   490  4571  4511   525  1778   771  3196  4110   881  4402   136  3572   670  4738  3639  3742   441  3699  1834  7776  2389  4898  3945  3632   595   604  3396  4170  4305  3448     0  4025  3281  4128  2490   539   929   479  3470   539  3412  5306  3580  4651  3998  3856  4088
  2615   904  3299  2568  4010  3955  4388  4521  2895   565  4690  1311  1549  4366  3535  1455  1395  4549  3221  3788  1510  1464  3755  1286  3889   928  3948  1621   992   805  4465  2014  4709  6771  1881  1781  1299  2628  3871  3452  1008   320  1294  1761  4025     0  2709   594  3716  4562  3989  4502   590  4562  1728  4302  1895  1535   975  2851  1441
   692  2885  2596   878  3308  3252  3685  3819  2192  2182  3988  1549  1721  1986  2832  3258  3198  3846  2519  3085  2149  2796  3052  3089  3186  2260  3245  3425  2326  2429  3762  2652  2940  5448  2520  3584  2632  1304  3170  3925  2082  2856  2992  2400  3322  2711     0  2815  1106  3860  3286  3800  2158  3860  2366  2979  2534  3339  2685  1446  2774
  2806   630  3490  2759  4201  4146  4580  4712  3088   756  4881  1504  2615  4558  3726  1181  1121  4740  3414  3979  1918  1204  3948  1012  4080  1119  4139  1348  1040   531  4656  2420  4900  6964  2288  1508  1111  2820  4064  2990  1200   106  1020  2169  4216   426  2900     0  3909  4755  4180  4694   782  4755  2134  4494  2301  1261   701  3044  1029
  1296  3664  1764  2355  2475  1940  2852  2986  1360  2961  3155  2328  1322   878  2000  4036  3976  3014  1686  2371  2661  3575  2340  3868  2354  3039  2412  4204  3105  3208  2930  3165  1831  6490  3032  4362  3410  2169  2336  3092  2861  3635  3771  2912  2490  3490  1106  3594     0  3028  2572  2968  2935  3028  2879  4020  3046  4118  3462  1434  3552
  3440  4736  1380  3745  1271  1619   175   938  1990  4034  1106  3400  2395  2726  1028  5109  5049   965  2316  1309  3009  4648  1419  4940   675  4111  1209  5276  4178  4280   495  4238  2372  8314  2829  5435  4484  4170  1134  1044  3934  4708  4844  3985   539  4562  3819  4666  3028     0  1466   185  4008     0  3951  5845  4119  5190  4536  4394  4625
  2865  4162   688  3170   335   608  1291  1425  1416  3460  1594  2826  1821  2034   670  4535  4475  1452  1742   349  3160  4074   235  4366   792  3538   450  4702  3602  3706  1369  3664   810  7740  3531  4861  3909  3596   332  1531  3360  4134  4270  3411   929  3989  3245  4091  2454  1466     0  1406  3434  1466  3378  5271  3544  4616  3961  3820  4051
  3379  4676  1319  3684  1211  1559   114   876  1929  3974  1045  3340  2335  2665   968  5049  4989   904  2255  1249  2949  4588  1359  4880   615  4050  1149  5215  4116  4220   434  4178  2311  8254  2768  5375  4422  4110  1074   982  3874  4648  4784  3925   479  4502  3759  4605  2968   185  1406     0  3948   185  3890  5784  4058  5129  4475  4334  4565
  2060   999  2744  2012  3455  3400  3834  3966  2341    26  4135   758  1869  3811  2980  1371  1311  3994  2668  3232  2298   909  3201  1201  3334   372  3392  1538   439   542  3910  2801  4154  6218  2669  1698   745  2074  3318  4072   454   736  1105  2549  3470   590  2154   928  3162  4009  3434  3948     0  4008  2515  3748  2681  1451   798  2298   888
  3440  4736  1380  3745  1271  1619   175   938  1990  4034  1106  3400  2395  2726  1028  5109  5049   965  2316  1309  3009  4648  1419  4940   675  4111  1209  5276  4178  4280   495  4238  2372  8314  2829  5435  4484  4170  1134  1044  3934  4708  4844  3985   539  4562  3819  4666  3028     0  1466   185  4008     0  3951  5845  4119  5190  4536  4394  4625
  1999  3296  2682  2304  3394  3340  3772  2844  2280  1692  3012  1960  1030  3755  2920  3669  3609  2871  2606  3171   296  3208  3140  3500  3272  2670  3331  3835  2736  2840  3850   349  4092  6874   666  3995  3042  2730  3256  2238  2494  2140  3402    96  3409  1780  2379  3225  2875  3948  3374  3886  2568  3948     0  4404   229  3749  3095  2954  3185
  3658  4735  4976  3259  5688  5632  6066  6199  4572  4032  6368  3399  4101  5058  5212  5108  5048  6226  4899  5465  4530  4646  5434  4939  5566  4109  5625  5274  4175  4279  6142  5032  6386  3146  4900  5434  4481  3319  5550  6305  3932  4706  4842  4781  5702  4561  3400  4664  4408  6240  5666  6180  4006  6240  4746     0  4914  5188  4534  3542  4624
  2166  3464  2850  2471  3561  3506  3940  3011  2448  1860  3180  2128  1198  3921  3086  3836  3776  3039  2774  3339   462  3374  3308  3666  3440  2838  3499  4002  2904  3008  4016   515  4260  7041   834  4162  3210  2898  3424  2405  2661  2306  3570   264  3576  1946  2545  3392  3041  4115  3540  4054  2735  4114   229  4571     0  3916  3262  3121  3352
  3241   631  3925  3194  4636  4582  5015  5148  3522  1478  5316  1939  3051  4994  4162   455   231  5176  3849  4414  3479  1026  4382   621  4515  1149  4574   792  1012  1060  5092  3982  5335  7399  3850   370  1065  3255  4499  4730  1635  1222   629  3730  4651  1542  3335  1115  4344  5190  4616  5129  1451  5190  3696  4929  3864     0   892  3479   982
  2588   145  3271  2540  3982  3928  4361  4494  2869   822  4662  1285  2396  4339  3508   812   752  4521  3195  3760  2825   610  3729   644  3861   495  3920   979   359   499  4438  3329  4681  6745  3196  1139   411  2601  3845  4600   981   661   546  3076  3998   981  2681   555  3690  4536  3961  4475   798  4536  3042  4275  3209   892     0  2825   329
  1842  3015  3161  1444  3872  3130  4251  4384  2758  2312  4552  1680  2286  2066  3398  3389  3328  4411  3084  3650  2715  2926  3619  3219  3751  2390  3810  3555  2456  2559  4328  3218  3021  5578  3085  3715  2762  1258  3735  4490  2214  2988  3122  2966  3888  2841  1434  2945  1418  4425  3851  4365  2288  4425  2931  3109  3099  3469  2815     0  2904
  2678   529  3361  2630  4072  4018  4451  4584  2958   912  4752  1374  2486  4429  3598   701   841  4611  3284  3850  2915   248  3819   532  3951   585  4010   868   449   845  4528  3418  4771  6834  3285  1229    82  2690  3935  4690  1071   990   438  3166  4088  1441  2771   884  3779  4625  4051  4565   888  4625  3131  4365  3299   982   329  2914     0
DRONE_EDGE_WEIGHT_SECTION
     0  1076  1096   386  1468  1280  1327  1348   620   560  1471   567   424  1166  1281  1290  1191  1371   729  1325   589  1223  1360  1262  1152   835  1297  1484   882   841  1497   420  1458   797   604  1517  1095   698  1428  1085   651   776  1246   471  1149   642   205   845   628  1324  1420  1417   592  1380   467  1550   407  1361  1002   403  1050
  1076     0  2074   697  2404  2276  2233  2214  1620   543  2333   520  1358  2212  2235   239   118  2236  1761  2290  1341   239  2331   249  2067   247  2254   464   204   271  2384   867  2481  1207  1156   453   182   676  2376  1884   426   433   239   988  2046   546   930   352  1691  2250  2388  2332   496  2308  1021  1100  1102   288    74   959   134
  1096  2074     0  1453   382   206   298   386   477  1534   477  1622   719   319   191  2309  2176   401   392   228   767  2264   264  2296   189  1862   205  2523  1908  1807   461  1211   432  1758   990  2527  2139  1794   336   455  1682  1673  2282  1106   234  1539  1300  1759   550   263   324   358  1585   309  1073  2635   978  2358  2008  1464  2085
   386   697  1453     0  1813  1645  1658  1664   980   243  1787   181   742  1547  1630   905   813  1686  1104  1679   817   837  1717   876  1484   452  1648  1098   499   484  1823   396  1834   758   719  1133   709   406  1777  1365   271   473   860   527  1473   373   238   520  1012  1663  1776  1753   248  1721   548  1261   568   979   623   358   664
  1468  2404   382  1813     0   279   185   267   849  1871   237  1976  1071   544   191  2642  2500   256   775   168  1066  2605   159  2634   337  2204   178  2860  2249  2134   161  1537   378  2140  1274  2854  2483  2166    56   582  2028  1988  2620  1419   363  1861  1673  2075   930   154   124    94  1924    97  1385  3013  1302  2683  2341  1843  2425
  1280  2276   206  1645   279     0   311   425   666  1734   467  1817   918   266   157  2510  2379   429   556   122   973  2463   120  2496   317  2061   148  2722  2107  2009   416  1415   232  1903  1196  2729  2337  1974   223   614  1880  1877  2481  1312   366  1743  1482  1963   695   249   170   309  1785   258  1278  2805  1183  2561  2209  1634  2283
  1327  2233   298  1658   185   311     0   115   718  1705   179  1817   918   558   155  2472  2327   118   671   197   893  2438   228  2466   175  2038   163  2692  2083  1963   172  1367   495  2031  1095  2682  2317  2023   185   397  1865  1814  2453  1246   188  1688  1532  1900   835    63   244   100  1758    94  1212  2877  1134  2511  2171  1713  2259
  1348  2214   386  1664   267   425   115     0   756  1693   124  1816   930   667   268  2453  2304    23   732   312   874  2425   341  2451   221  2027   278  2675  2071  1943   174  1353   607  2076  1064  2659  2306  2038   285   341  1858  1789  2438  1226   205  1668  1551  1875   897   178   351   173  1748   196  1193  2897  1122  2487  2154  1742  2246
   620  1620   477   980   849   666   718   756     0  1077   875  1152   268   600   661  1851  1726   777   160   704   423  1800   740  1834   545  1399   677  2060  1446  1358   890   775   861  1320   636  2073  1674  1318   808   567  1216  1238  1819   694   551  1100   824  1322   228   708   800   804  1126   764   663  2164   556  1907  1551   996  1621
   560   543  1534   243  1871  1734  1705  1693  1077     0  1815   197   816  1670  1698   775   650  1716  1219  1752   820   734  1792   764  1535   334  1717   990   378   286  1861   342  1938   983   663   995   613   547  1841  1372   177   232   749   476  1517   138   466   289  1155  1718  1850  1803    56  1776   507  1337   571   830   474   598   554
  1471  2333   477  1787   237   467   179   124   875  1815     0  1939  1053   726   322  2572  2423   101   842   345   995  2545   362  2571   333  2149   324  2795  2192  2063    85  1474   611  2194  1182  2777  2427  2162   276   453  1981  1907  2558  1346   325  1787  1675  1993  1007   227   350   163  1870   210  1313  3020  1244  2605  2274  1864  2367
   567   520  1622   181  1976  1817  1817  1816  1152   197  1939     0   905  1725  1796   725   638  1839  1280  1846   954   657  1885   696  1644   273  1814   918   319   334  1979   493  2009   813   825   952   529   350  1942  1508   103   378   679   631  1631   329   410   399  1192  1825  1944  1914   160  1883   658  1153   701   800   446   469   483
   424  1358   719   742  1071   918   918   930   268   816  1053   905     0   868   891  1591  1463   953   422   941   242  1545   981  1577   743  1143   909  1804  1189  1093  1085   507  1123  1200   406  1811  1420  1108  1037   661   963   971  1563   430   735   833   624  1055   419   922  1039  1012   866   979   400  1968   291  1644  1291   826  1365
  1166  2212   319  1547   544   266   558   667   600  1670   726  1725   868     0   405  2439  2320   675   451   386   987  2381   385  2417   502  1984   403  2642  2031  1953   681  1375   315  1710  1212  2663  2253  1840   488   771  1799  1838  2402  1292   550  1699  1358  1921   542   501   428   572  1716   520  1260  2645  1155  2499  2141  1483  2204
  1281  2235   191  1630   191   157   155   268   661  1698   322  1796   891   405     0  2472  2334   273   584    63   907  2431   107  2462   192  2030    20  2688  2075  1966   286  1368   362  1950  1122  2687  2308  1979   147   483  1852  1825  2448  1256   235  1695  1485  1912   740    96   156   176  1751   124  1222  2823  1134  2517  2170  1653  2252
  1290   239  2309   905  2642  2510  2472  2453  1851   775  2572   725  1591  2439  2472     0   172  2475  1989  2526  1580   116  2567    72  2305   456  2491   226   409   510  2623  1105  2712  1311  1394   227   216   796  2613  2123   642   671    84  1227  2284   785  1130   588  1912  2488  2624  2571   726  2546  1260  1004  1339   108   301  1126   244
  1191   118  2176   813  2500  2379  2327  2304  1726   650  2423   638  1463  2320  2334   172     0  2327  1869  2390  1435   229  2431   214  2163   365  2353   394   322   369  2476   966  2586  1314  1242   355   238   784  2474  1971   543   516   213  1081  2140   639  1047   430  1802  2346  2488  2427   606  2404  1115  1133  1200   183   192  1076   216
  1371  2236   401  1686   256   429   118    23   777  1716   101  1839   953   675   273  2475  2327     0   751   313   897  2447   340  2473   240  2050   281  2698  2093  1965   153  1375   604  2097  1086  2681  2329  2061   278   362  1881  1811  2460  1249   226  1690  1574  1897   917   180   346   163  1771   191  1216  2920  1145  2509  2177  1764  2269
   729  1761   392  1104   775   556   671   732   160  1219   842  1280   422   451   584  1989  1869   751     0   616   579  1933   647  1969   511  1535   597  2194  1582  1502   842   927   730  1366   795  2213  1806  1419   727   616  1350  1388  1954   852   531  1249   928  1471   166   648   707   745  1265   699   820  2250   713  2048  1691  1079  1756
  1325  2290   228  1679   168   122   197   312   704  1752   345  1846   941   386    63  2526  2390   313   616     0   966  2484    44  2515   255  2082    44  2742  2128  2021   295  1424   303  1979  1183  2742  2360  2022   115   545  1904  1882  2501  1313   298  1751  1528  1969   768   134    98   186  1804   135  1279  2863  1190  2572  2225  1692  2305
   589  1341   767   817  1066   973   893   874   423   820   995   954   242   987   907  1580  1435   897   579   966     0  1550  1008  1577   730  1154   927  1801  1197  1071  1043   479  1197  1386   225  1789  1432  1215  1043   554   988   922  1564   354   706   796   765  1008   627   912  1062   992   875   970   320  2076   253  1618  1281   985  1372
  1223   239  2264   837  2605  2463  2438  2425  1800   734  2545   657  1545  2381  2431   116   229  2447  1933  2484  1550     0  2524    49  2269   402  2450   261   356   492  2593  1072  2660  1200  1375   317   128   692  2575  2099   584   663    33  1200  2250   763  1053   586  1849  2452  2582  2536   681  2510  1232   907  1304   224   278  1033   179
  1360  2331   264  1717   159   120   228   341   740  1792   362  1885   981   385   107  2567  2431   340   647    44  1008  2524     0  2556   299  2122    87  2782  2168  2062   303  1465   267  2006  1226  2783  2400  2057   103   588  1943  1924  2541  1356   341  1793  1563  2011   795   166    60   199  1844   153  1322  2896  1231  2614  2266  1724  2345
  1262   249  2296   876  2634  2496  2466  2451  1834   764  2571   696  1577  2417  2462    72   214  2473  1969  2515  1577    49  2556     0  2298   435  2481   226   389   512  2620  1099  2695  1249  1398   269   170   741  2605  2123   619   680    17  1225  2279   786  1095   600  1887  2481  2614  2565   712  2539  1258   936  1333   178   298  1079   213
  1152  2067   189  1484   337   317   175   221   545  1535   333  1644   743   502   192  2305  2163   240   511   255   730  2269   299  2298     0  1869   212  2524  1913  1797   346  1200   543  1862   940  2517  2148  1847   314   297  1694  1651  2284  1082    50  1524  1356  1738   677   183   344   269  1589   241  1049  2702   966  2347  2004  1539  2090
   835   247  1862   452  2204  2061  2038  2027  1399   334  2149   273  1143  1984  2030   456   365  2050  1535  2082  1154   402  2122   435  1869     0  2048   661    47   170  2195   675  2260   997   989   682   279   470  2173  1706   185   329   420   807  1851   387   683   285  1456  2051  2181  2136   280  2109   839  1081   906   527   173   717   222
  1297  2254   205  1648   178   148   163   278   677  1717   324  1814   909   403    20  2491  2353   281   597    44   927  2450    87  2481   212  2048     0  2707  2094  1985   283  1388   345  1962  1142  2706  2327  1995   131   502  1870  1845  2467  1276   254  1714  1501  1931   752   101   136   173  1769   120  1242  2839  1153  2536  2190  1669  2271
  1484   464  2523  1098  2860  2722  2692  2675  2060   990  2795   918  1804  2642  2688   226   394  2698  2194  2742  1801   261  2782   226  2524   661  2707     0   615   733  2845  1324  2921  1407  1619   147   389   925  2831  2346   844   897   241  1449  2504  1008  1312   814  2110  2707  2840  2790   938  2765  1482   920  1558   241   521  1279   439
   882   204  1908   499  2249  2107  2083  2071  1446   378  2192   319  1189  2031  2075   409   322  2093  1582  2128  1197   356  2168   389  1913    47  2094   615     0   182  2238   718  2307  1025  1029   635   235   494  2218  1748   232   352   374   848  1895   423   729   299  1503  2096  2226  2181   324  2154   880  1064   949   481   130   757   177
   841   271  1807   484  2134  2009  1963  1943  1358   286  2063   334  1093  1953  1966   510   369  1965  1502  2021  1071   492  2062   512  1797   170  1985   733   182     0  2113   597  2217  1126   886   721   389   613  2106  1613   231   175   500   717  1775   275   722   117  1440  1980  2119  2062   248  2038   751  1246   832   552   214   803   325
  1497  2384   461  1823   161   416   172   174   890  1861    85  1979  1085   681   286  2623  2476   153   842   295  1043  2593   303  2620   346  2195   283  2845  2238  2113     0  1521   539  2204  1237  2830  2473  2191   208   514  2024  1960  2607  1396   350  1838  1701  2047  1005   199   282   110  1915   163  1363  3047  1289  2659  2324  1884  2414
   420   867  1211   396  1537  1415  1367  1353   775   342  1474   493   507  1375  1368  1105   966  1375   927  1424   479  1072  1465  1099  1200   675  1388  1324   718   597  1521     0  1627  1109   332  1318   953   800  1509  1031   514   464  1086   138  1180   328   469   549   893  1383  1522  1466   397  1441   166  1642   235  1149   804   684   894
  1458  2481   432  1834   378   232   495   607   861  1938   611  2009  1123   315   362  2712  2586   604   730   303  1197  2660   267  2695   543  2260   345  2921  2307  2217   539  1627     0  2025  1421  2934  2534  2143   335   840  2077  2090  2680  1529   591  1954  1655  2176   845   432   261   451  1987   413  1496  2956  1397  2767  2412  1790  2482
   797  1207  1758   758  2140  1903  2031  2076  1320   983  2194   813  1200  1710  1950  1311  1314  2097  1366  1979  1386  1200  2006  1249  1862   997  1962  1407  1025  1126  2204  1109  2025     0  1382  1510  1101   532  2092  1853   905  1191  1233  1214  1871  1121   649  1209  1211  2013  2065  2110   965  2065  1223   989  1191  1416  1145   426  1100
   604  1156   990   719  1274  1196  1095  1064   636   663  1182   825   406  1212  1122  1394  1242  1086   795  1183   225  1375  1226  1398   940   989  1142  1619  1029   886  1237   332  1421  1382     0  1596  1262  1126  1254   729   839   726  1385   194   911   612   734   812   822  1121  1278  1195   719  1177   171  1973   197  1424  1100   960  1200
