
NAME : WM-61-1
COMMENT : CVS
TYPE : RDVRP-TW
DIMENSION : 61
CAPACITY : 100
EDGE_WEIGHT_TYPE : EXPLICIT
EDGE_WEIGHT_FORMAT : FULL_MATRIX 
NODE_COORD_SECTION
  0 -78.5881280000 35.7825655000
  1 -78.5879221000 35.7762756000
  2 -78.5980584000 35.7885108000
  3 -78.5920239000 35.7702304000
  4 -78.5995137000 35.7876439000
  5 -78.6025034000 35.7741615000
  6 -78.5740924000 35.7806658000
  7 -78.6026878000 35.7885335000
  8 -78.6029486000 35.7794798000
  9 -78.5997591000 35.7856928000
 10 -78.5923613000 35.7779916000
 11 -78.5863811000 35.7711771000
 12 -78.5764705000 35.7943300000
 13 -78.5948032000 35.7696627000
 14 -78.6007493000 35.7857611000
 15 -78.5978550000 35.7931102000
 16 -78.6039670000 35.7909336000
 17 -78.6005814000 35.7880988000
 18 -78.6036688000 35.7876768000
 19 -78.6020485000 35.7919661000
 20 -78.5991323000 35.7916252000
 21 -78.5926481000 35.7714022000
 22 -78.5994629000 35.7910568000
 23 -78.5851096000 35.7691903000
 24 -78.5959932000 35.7691332000
 25 -78.5926798000 35.7691979000
 26 -78.5992746000 35.7702359000
 27 -78.5871197000 35.7716501000
 28 -78.6012697000 35.7922380000
 29 -78.5975318000 35.7699229000
 30 -78.6008160000 35.7928393000
 31 -78.5921350000 35.7696872000
 32 -78.5999009000 35.7718084000
 33 -78.5995269000 35.7839040000
 34 -78.5989345000 35.7931885000
 35 -78.5743449000 35.7809010000
 36 -78.5855923000 35.7714373000
 37 -78.5990166000 35.7872343000
 38 -78.6017090000 35.7866512000
 39 -78.5813799000 35.7845013000
 40 -78.5984247000 35.7699817000
 41 -78.5989874000 35.7912657000
 42 -78.6046302000 35.7950393000
 43 -78.6007905000 35.7691462000
 44 -78.6002796000 35.7861602000
 45 -78.5730071000 35.7908855000
 46 -78.5855614000 35.7713768000
 47 -78.5822548000 35.7847074000
 48 -78.5805723000 35.7867619000
 49 -78.5998595000 35.7748325000
 50 -78.5928519000 35.7842689000
 51 -78.5878326000 35.7707988000
 52 -78.5932880000 35.7877159000
 53 -78.5974638000 35.7825839000
 54 -78.5997326000 35.7878072000
 55 -78.6010860000 35.7864414000
 56 -78.6007391000 35.7944029000
 57 -78.5717596000 35.7918458000
 58 -78.5846775000 35.7838698000
 59 -78.6029491000 35.7901754000
 60 -78.5985374000 35.7940802000
TIME_WINDOW_SECTION
  0      0  36000
  1  20619  22691
  2      0  32978
  3      0  32346
  4      0  32779
  5      0  31474
  6      0  29782
  7      0  32336
  8      0  32875
  9      0  32571
 10  24042  26306
 11      0  31718
 12      0  31232
 13      0  32220
 14      0  32484
 15      0  32270
 16   6009   8009
 17      0  32642
 18   7945   9945
 19  19458  21458
 20  10769  12769
 21      0  32536
 22      0  32456
 23   2837   4837
 24      0  32016
 25  23741  25741
 26      0  31735
 27      0  31914
 28      0  32136
 29  25108  27108
 30   4664   9032
 31  22025  24025
 32      0  31668
 33      0  32732
 34      0  31868
 35      0  29631
 36  29140  31140
 37      0  32852
 38      0  32470
 39      0  32492
 40  22001  24001
 41      0  32392
 42   4950   6950
 43  25765  31039
 44      0  32645
 45      0  29560
 46  15947  18871
 47      0  33164
 48      0  32760
 49  18459  21071
 50      0  34075
 51      0  31972
 52      0  33511
 53   4425   6669
 54  22541  25551
 55  17198  19198
 56      0  31836
 57      0  29566
 58  28895  30895
 59      0  32269
 60   5862   7862
DEMAND_SECTION
  0      0
  1     13
  2     15
  3     12
  4     29
  5     11
  6      7
  7     22
  8      9
  9     27
 10     18
 11     30
 12     18
 13      9
 14     21
 15     19
 16     15
 17     10
 18      5
 19     22
 20      9
 21      7
 22      7
 23     26
 24     30
 25     23
 26     11
 27     20
 28     11
 29     24
 30     13
 31     30
 32     18
 33     28
 34     25
 35     29
 36      5
 37     14
 38     16
 39      5
 40     10
 41     22
 42     27
 43     25
 44     14
 45     26
 46     25
 47      8
 48     14
 49     20
 50     12
 51     22
 52      6
 53     14
 54      8
 55     30
 56     15
 57     24
 58     23
 59     12
 60     21
SERVICE_TIME_SECTION
  0      0
  1   1000
  2   1000
  3   1000
  4   1000
  5   1000
  6   1000
  7   1000
  8   1000
  9   1000
 10   1000
 11   1000
 12   1000
 13   1000
 14   1000
 15   1000
 16   1000
 17   1000
 18   1000
 19   1000
 20   1000
 21   1000
 22   1000
 23   1000
 24   1000
 25   1000
 26   1000
 27   1000
 28   1000
 29   1000
 30   1000
 31   1000
 32   1000
 33   1000
 34   1000
 35   1000
 36   1000
 37   1000
 38   1000
 39   1000
 40   1000
 41   1000
 42   1000
 43   1000
 44   1000
 45   1000
 46   1000
 47   1000
 48   1000
 49   1000
 50   1000
 51   1000
 52   1000
 53   1000
 54   1000
 55   1000
 56   1000
 57   1000
 58   1000
 59   1000
 60   1000
TRUCK_EDGE_WEIGHT_SECTION
     0  2155  2068  2756  2266  3606  4288  2709  2220  2474  1546  2574  3490  2882  2561  2775  2980  2402  2795  2860  2768  2565  2589  2881  3086  3122  3368  2650  2909  3531  2922  2969  3435  2316  3176  8852  2372  2192  2575  2046  3384  2652  3532  3872  2400  5384  2381  1124  1779  3628   970  3129  1534  2331  2152  2499  3209  5392  1306  2776  3228
  2054     0  2585  1485  2784  2335  5459  3226  2736  2990   609  2114  4661  1611  3079  3291  3496  2919  3311  3378  3284  1295  3106  2421  1815  1852  2098  1918  3426  2260  3439  1699  2164  2834  3694 10025  2200  2710  3092  3672  2114  3170  4050  2602  2918  6556  2208  2550  3405  2358  1486  1859  2051  2849  2670  3016  3726  6564  2901  3294  3745
  2022  2585     0  3185   394  4035  4710   836  2649   601  1976  3812  3912  3311   689   708  1209   529   921   794   700  2994   521  4120  3515  3552  3796  3616   841  3960   855  3399  3864  2746  1110  9276  3899   320   702  2924  3814   586  1465  4301   528  5808  3908  2249  2656  4058  1098  3559   756  2761   280   626  1142  5815  2152   904  1160
  2654  1485  3185     0  3384  1384  6060  3826  3338  3591  1209  1166  5262   372  3679  3892  4098  3520  3912  3979  3885   191  3706   994   576   398  1145   970  4026  1308  4040   339  1211  3435  4295  8820  1252  3310  3692  4272  1161  3771  4650  1650  3518  7156  1260  3150  4005  1405  2088   911  2651  3450  3270  3616  4328  7165  3502  3895  4345
  2221  2784   394  3384     0  4234  4910   374  2848   525  2175  4012  4112  3510   614  1101   979   136   526  1188  1094  3194   915  4320  3714  3751  3996  3816  1235  4159  1249  3598  4062  2945  1504  9475  4099    74   628  3122  4012   980  1859  4501   452  6006  4106  2448  2855  4256  1296  3758   955  2960   479   551  1536  6015  2352   776  1554
  3526  2358  4058  1406  4256     0  6932  4228  1682  3264  2081  2156  6135  1252  3351  4765  4696  4392  4312  4760  4758  1338  4579  2464  1456  1492   891  1959  4899  1055  4912  1551   541  2499  5168  9810  2242  4182  3580  5145   909  4644  4952   980  3405  8029  2250  4022  4878   361  2960  1901  3524  2515  4142  3504  5200  8038  4375  4295  5218
  5218  5180  6880  4234  7080  5200     0  7522  7032  7286  4905  3400  7315  4478  7375  7588  7792  7215  7608  7674  7580  4042  7401  3708  4680  4718  4962  3476  7722  5125  7735  4446  5029  7130  7990  8172  3199  7005  7388  5752  4979  7466  8345  5468  7212  9210  3208  4829  5485  5222  5782  3816  6348  7145  6965  7312  8022  9218  5011  7590  8040
  2664  3226   836  3826   374  4676  5352     0  3290   994  2618  4455  4555  3952   644  1035   605   239   152   636   768  3636   696  4762  4156  4194  4439  4259   684  4601   698  4040  4505  3388   952  9918  4541   449   398  3565  4455   760  1308  4944   572  6449  4549  2890  3298  4699  1739  4200  1398  3402   556   474   985  6458  2795   401  1002
  2125  2686  2656  3288  2855  1811  5530  3298     0  1719  2079  3915  4732  3414  1808  3362  3568  2990  3382  3449  3355  3096  3178  4222  3618  3655  2704  3719  3498  2866  3510  3501  2352   955  3765 10096  4001  2781  2035  3744  2720  3241  4121  2791  1860  6628  4010  3069  3476  2174  1558  3661  2122   970  2741  1960  3798  6635  2972  3365  3816
  2429  2990   601  3591   525  3266  5116   986  1714     0  2382  4219  4319  3718   148  1308  1512   661  1072  1394  1301  3400  1122  4526  3921  3959  4202  4022  1442  4366  1455  3805  4270  1810  1710  9682  4305   451   596  3330  4220  1186  2066  4708   421  6214  4314  2655  3062  3628  1504  3965  1162  1826   686   520  1742  6221  2559  1310  1761
  1445   609  1976  1209  2175  2059  4850  2618  2129  2382     0  1838  4052  1336  2470  2684  2889  2311  2704  2769  2676  1019  2498  2145  1539  1576  1821  1641  2818  1984  2831  1422  1888  2225  3085  9416  1924  2101  2484  3064  1838  2561  3441  2326  2309  5948  1931  1941  2796  2081   879  1582  1442  2241  2061  2408  3118  5956  2292  2685  3136
  3282  2114  3812  1166  4012  2134  6368  4455  3965  4219  1838     0  7129  1410  4308  4520  4725  4148  4540  4606  4512   975  4335   308  1614  1650  1895   409  4655  2058  4668  1379  1961  4062  4922  7986   419  3938  4320  3445  1911  4399  5278  2400  4145  9024   428  2522  3178  2155  2715   749  3280  4078  3899  4245  4955  9031  2705  4522  4974
  3768  4964  4079  5565  4278  6415  4252  4720  5028  4484  4355  6192     0  5691  4572  4785  4990  4412  4805  4871  4778  5374  4600  6500  5895  5931  6176  5996  4920  6339  4932  5778  6242  5125  5188  7119  5618  4204  4586  4316  6192  4664  5544  6681  4411  2976  5625  3641  4049  6436  3778  5938  3545  5140  4164  4510  5220  2985  3546  4788  5239
  2780  1611  3311   372  3510  1230  6186  3952  3464  3718  1336  1410  5389     0  3805  4019  4224  3646  4039  4105  4011   591  3832  1718   204   241   991  1214  4152  1155  4166   300  1059  3561  4421  9064  1496  3436  3819  4399  1008  3898  4776  1496  3644  7282  1504  3278  4131  1251  2214  1155  2779  3576  3396  3742  4454  7291  3629  4021  4471
  2516  3079   689  3679   614  3354  5205   638  1801   148  2470  4308  4408  3805     0  1396  1175   749   722  1482  1389  3489  1210  4615  4009  4046  4291  4111  1530  4454  1544  3892  4358  1899  1799  9770  4394   540   684  3418  4308  1275  2154  4796   509  6301  4401  2742  3150  3716  1591  4052  1250  1914   774   608  1831  6310  2648   972  1849
  2730  3291   708  3892  1101  4742  5418  1035  3356  1308  2684  4520  4620  4019  1396     0  1046  1236  1120   631   271  3701   411  4828  4222  4260  4504  4324   535  4668   435  4105  4571  3452   484  9984  4606  1026  1410  3631  4521   348  1302  5009  1235  6515  4615  2956  3364  4765  1805  4266  1464  3469   932  1334   579  6522  2860   920   318
  2935  3496  1209  4098   979  4720  5622   605  3561  1512  2889  4725  4825  4224  1182  1046     0   844   690   415   780  3906   839  5032  4428  4465  4709  4529   696  4872   709  4311  4776  3658   964 10189  4811  1232   936  3836  4726   902   608  5214  1111  6720  4820  3161  3569  5081  2010  4471  1669  3674   828  1012   996  6728  3065   202  1015
  2358  2919   529  3520   136  4370  5045   239  2984   661  2311  4148  4248  3646   749  1236   844     0   390   875  1229  3329  1051  4455  3850  3888  4131  3951   922  4295   936  3732  4199  3080  1190  9611  4234   210   636  3259  4149  1115  1546  4636   588  6142  4242  2584  2991  4392  1432  3894  1091  3096   615   686  1222  6150  2488   640  1241
  2776  3338   948  3939   608  2958  5464   234  2275   841  2729  4566  4666  4065   492  1202   772   472     0   804   935  3748   864  4874  4269  4305  4550  4370   852  4714   865  4151  4618  2372  1120 10029  4652   799   246  3676  4566   928  1475  5055   421  6560  4661  3002  3409  4810  1851  4311  1510  2388   724   321  1152  6569  2906   570  1171
  2816  3378   794  3979  1188  4829  5504   636  3442  1394  2769  4606  4706  4105  1482   631   415   875   721     0   365  3788   424  4914  4309  4345  4590  4410   281  4754   294  4191  4658  3539   549 10069  4692  1112   968  3716  4606   488   671  5095  1320  6600  4701  3041  3449  4850  1891  4351  1550  3554   759  1420   581  6609  2946   289   600
  2722  3284   700  3885  1094  4735  5410   768  3349  1301  2676  4512  4612  4011  1389   271   780  1229   854   365     0  3694   330  4820  4215  4252  4496  4316   412  4660   300  4099  4564  3445   412  9976  4599  1020  1402  3624  4514   394  1036  5001  1228  6508  4608  2949  3356  4758  1798  4259  1456  3461   666  1326   445  6515  2852   652   462
  2464  1295  2994   191  3194  1315  5869  3636  3146  3400  1019   975  5071   591  3489  3701  3906  3329  3721  3788  3694     0  3516  1282   795   462  1076   779  3836  1240  3849   404  1142  3244  4104  8629  1061  3119  3502  4082  1092  3580  4459  1581  3328  6966  1070  2960  3815  1336  1896   720  2461  3259  3080  3426  4136  6974  3311  3704  4155
  2544  3106   521  3706   915  4556  5231   696  3170  1122  2498  4335  4434  3832  1210   411   839  1051   781   424   330  3516     0  4642  4036  4074  4318  4138   471  4481   485  3920  4385  3268   740  9798  4421   841  1224  3445  4335    64  1095  4824  1049  6329  4429  2770  3178  4579  1619  4080  1278  3282   488  1148   772  6338  2674   712   790
  3590  2421  4120   994  4320  2441  6676  4762  4272  4526  2145   308  7436  1718  4615  4828  5032  4455  4848  4914  4820  1282  4642     0  1921   866  2202   584  4962  2366  4975   808  2270  4370  5230  8294   726  4245  4629  3754  2219  4706  5585  2708  4454  9331   735  2830  3486  2462  3022   625  3588  4385  4206  4552  5262  9339  3012  4830  5281
  2984  1815  3515   576  3714  1434  6390  4156  3668  3921  1539  1614  5592   204  4009  4222  4428  3850  4242  4309  4215   795  4036  1921     0   372  1195  1416  4356  1359  4370   431  1261  3765  4625  9268  1699  3640  4022  4602  1211  4101  4980  1700  3848  7486  1708  3480  4335  1455  2418  1359  2981  3780  3600  3946  4658  7495  3832  4225  4675
  3021  1852  3552   398  3751  1470  6426  4194  3705  3959  1576  1650  5629   241  4046  4260  4465  3888  4280  4345  4252   462  4074   866   372     0  1232  1454  4394  1395  4408    59  1299  3801  4661  9305  1736  3678  4060  4640  1249  4138  5018  1738  3885  7524  1745  3518  4372  1492  2455   692  3019  3818  3638  3984  4694  7532  3869  4261  4712
  3265  2098  3796  1145  3996   869  6671  4439  2551  4202  1821  1895  5874   991  4291  4504  4709  4131  4524  4590  4496  1076  4318  2202  1195  1232     0  1699  4639   408  4651  1291   698  4046  4906  9549  1981  3921  4304  4884    18  4382  5261  1136  4129  7768  1989  3762  4616   891  2699  1640  3264  4061  3881  4229  4939  7776  4114  4506  4956
  3086  1918  3616   970  3816  1936  6491  4259  3769  4022  1641   409  7205  1214  4111  4324  4529  3951  4344  4410  4316   779  4138   584  1416  1454  1699     0  4459  1861  4471  1182  1765  3866  4726  8064   495  3741  4124  3522  1715  4202  5081  2204  3949  9100   504  2599  3255  1959  2519   552  3084  3881  3701  4049  4759  9109  2781  4326  4778
  2864  3426   841  4026  1235  4876  5552   684  3490  1442  2818  4655  4755  4152  1530   535   696   922   770   281   412  3836   471  4962  4356  4394  4639  4459     0  4801   100  4240  4705  3588   355 10118  4741  1161  1016  3765  4655   536   651  5144  1369  6649  4749  3090  3498  4899  1939  4400  1598  3602   808  1468   388  6658  2995   570   406
  3429  2260  3960  1308  4159  1032  6835  4601  2715  4366  1984  2058  6038  1155  4454  4668  4872  4295  4688  4754  4660  1240  4481  2366  1359  1395   408  1861  4801     0  4815  1454   861  4209  5070  9712  2144  4085  4468  5048   425  4546  5425  1299  4292  7931  2152  3925  4780  1055  2862  1804  3426  4225  4045  4391  5102  7940  4278  4669  5120
  2878  3439   855  4040  1249  4890  5565   698  3504  1455  2831  4668  4768  4166  1544   435   709   936   784   294   300  3849   485  4975  4370  4408  4651  4471   100  4815     0  4254  4719  3600   255 10131  4754  1175  1029  3779  4669   549   752  5156  1382  6662  4762  3104  3511  4912  1952  4414  1611  3616   821  1481   288  6670  3008   582   305
  2868  1699  3399   339  3598  1529  6272  4040  3551  3805  1422  1379  5475   300  3892  4105  4310  3732  4125  4191  4099   404  3920   808   431    59  1291  1182  4240  1454  4254     0  1358  3648  4508  9032  1465  3524  3906  4486  1308  3984  4864  1796  3731  7370  1474  3364  4219  1551  2300   634  2865  3662  3484  3830  4540  7378  3715  4108  4559
  3332  2164  3864  1211  4062   541  6738  4505  2224  4270  1888  1961  5940  1059  4358  4571  4776  4199  4591  4658  4564  1142  4385  2270  1261  1299   698  1765  4705   861  4719  1358     0  3040  4974  9616  2048  3989  4371  4951   715  4449  5329   438  4196  7835  2056  3829  4684   564  2766  1708  3330  3056  3949  4295  5005  7844  4180  4572  5024
  2268  2830  2799  3430  2998  2506  5674  3440   954  1862  2221  4059  4876  3558  1950  3506  3711  3134  3526  3592  3499  3240  3320  4366  3760  3798  4042  3862  3640  4205  3654  3644  3048     0  3909 10239  4145  2924  2179  3886  4059  3385  4264  3486  2004  6770  4152  3211  3619  2868  1701  3804  2265   615  2884  2102  3941  6779  3116  3509  3959
  3132  3694  1110  4295  1504  5145  5820   952  3759  1710  3085  4922  5022  4421  1799   484   964  1190  1038   549   412  4104   740  5230  4625  4661  4906  4726   355  5070   255  4508  4974  3855     0 10385  5009  1429  1284  4032  4922   804   868  5411  1636  6916  5018  3358  3765  5166  2208  4668  1866  3870  1075  1736   399  6925  3262   838   166
  5369  5332  7031  4385  7231  5351  9415  7674  7184  7438  5056  3551  7466  4629  7526  7739  7944  7366  7759  7825  7731  4194  7552  3859  4831  4869  5114  3628  7874  5276  7886  4598  5180  7281  8141     0  3350  7156  7539  5904  5130  7618  8496  5619  7364  9361  3359  4980  5636  5374  5934  3968  6499  7296  7116  7464  8174  9369  5162  7741  8191
  3369  2200  3899  1252  4099  2220  6168  4541  4051  4305  1924   419  6928  1496  4394  4606  4811  4234  4626  4692  4599  1061  4421   726  1699  1736  1981   495  4741  2144  4754  1465  2048  4149  5009  7786     0  4024  4406  3245  1998  4485  5364  2486  4231  8822     9  2321  2978  2241  2801   835  3366  4164  3984  4331  5041  8831  2504  4609  5060
  2148  2710   320  3310    74  4160  4835   449  2774   451  2101  3938  4038  3436   540  1026  1232   210   600  1112  1020  3119   841  4245  3640  3678  3921  3741  1161  4085  1175  3524  3989  2871  1429  9401  4024     0   552  3049  3939   905  1785  4426   378  5932  4032  2374  2781  4182  1222  3684   881  2886   405   476  1461  5940  2278  1029  1480
  2530  3092   702  3692   628  3582  5218   391  2030   596  2484  4320  4420  3819   684  1410   929   629   476   960  1402  3502  1224  4629  4022  4060  4304  4124  1009  4468  1022  3906  4371  2126  1276  9784  4406   552     0  3431  4321  1288  1632  4809   175  6315  4415  2756  3164  4565  1605  4066  1264  2142   788    76  1309  6324  2660   726  1328
  2508  3704  2914  4304  3112  5154  4772  3555  3768  3320  3095  3381  3975  4430  3408  3621  3826  3249  3641  3706  3614  4114  3435  3690  4634  4671  4915  3459  3755  5079  3769  4518  4982  3865  4022  9339  3181  3039  3421     0  4932  3499  4379  5420  3246  5870  3189  1118   652  5176  2518  3799  2380  3880  2999  3345  4055  5878  1110  3622  4074
  3282  2114  3814  1161  4012   886  6688  4455  2569  4220  1838  1911  5890  1008  4308  4521  4726  4149  4541  4606  4514  1092  4335  2219  1211  1249    18  1715  4655   425  4669  1308   715  4062  4922  9566  1998  3939  4321  4901     0  4399  5279  1152  4146  7785  2006  3779  4634   908  2716  1658  3280  4078  3899  4245  4955  7794  4130  4522  4974
  2608  3170   586  3771   980  4621  5296   760  3235  1186  2561  4399  4499  3898  1275   348   902  1115   846   488   394  3580    64  4706  4101  4138  4382  4202   536  4546   549  3984  4449  3331   804  9861  4485   905  1288  3509  4399     0  1159  4888  1112  6392  4494  2834  3241  4642  1684  4144  1341  3346   551  1211   836  6401  2739   776   664
  3488  4050  1465  4650  1859  4976  6175  1308  4114  2066  3441  5278  5378  4776  2154  1302   608  1546  1394   671  1036  4459  1095  5585  4980  5018  5261  5081   651  5425   752  4864  5329  4210   868 10741  5364  1785  1639  4389  5279  1159     0  5766  1992  7272  5372  3714  4121  5338  2562  5024  2221  4226  1431  2091   646  7280  3618   841   918
  3771  2602  4301  1650  4501   980  7176  4944  2662  4708  2326  2400  6379  1496  4796  5009  5214  4636  5029  5095  5001  1581  4824  2708  1700  1738  1136  2204  5144  1299  5156  1796   438  3479  5411 10054  2486  4426  4809  5389  1152  4888  5766     0  4634  8272  2495  4268  5122  1001  3204  2145  3769  3494  4388  4734  5444  8281  4619  5011  5462
  2355  2918   528  3518   452  3408  5042   566  1855   421  2309  4145  4245  3644   509  1235  1104   588   651  1320  1228  3328  1049  4454  3848  3885  4129  3949  1369  4292  1382  3731  4196  1951  1636  9609  4231   378   175  3256  4146  1112  1992  4634     0  6140  4240  2581  2989  4390  1430  3891  1089  1968   612    99  1669  6149  2485   901  1688
  5440  6636  5750  7236  5950  8086  5924  6392  6700  6156  6028  7865  3354  7362  6245  6458  6662  6085  6478  6544  6450  7046  6271  8172  7566  7604  7848  7668  6592  8011  6605  7450  7915  6798  6860  7149  7289  5875  6258  5989  7865  6336  7215  8354  6082     0  7298  5314  5721  8109  5450  7610  5218  6812  5835  6182  6892   180  5218  6460  6910
  3376  2208  3908  1260  4106  2228  6175  4549  4060  4314  1931   428  6936  1504  4401  4615  4820  4242  4635  4701  4608  1070  4429   735  1708  1745  1989   504  4749  2152  4762  1474  2056  4158  5018  7794     9  4032  4415  3252  2006  4494  5372  2495  4240  8831     0  2330  2985  2250  2810   844  3374  4172  3992  4339  5050  8839  2512  4618  5068
  1836  3034  2244  3634  2442  4484  4102  2885  3098  2650  2425  2711  3305  3760  2738  2950  3156  2578  2970  3036  2944  3442  2765  3019  3964  4001  4245  2789  3085  4409  3099  3848  4312  3195  3352  8669  2511  2369  2751  1180  4262  2829  3709  4750  2576  5199  2519     0   912  4506  1848  3129  1710  3210  2329  2675  3385  5208   439  2952  3404
  2240  3438  2648  4038  2846  4888  4290  3289  3501  3054  2829  3115  3492  4164  3141  3355  3560  2982  3374  3440  3348  3846  3169  3422  4368  4405  4649  3192  3489  4812  3502  4251  4716  3599  3756  8856  2915  2772  3155   654  4666  3232  4112  5154  2980  5388  2922   850     0  4910  2251  3532  2114  3614  2732  3079  3789  5396   842  3356  3808
  3549  2380  4080  1428  4279   361  6954  4721  2044  3625  2104  2178  6156  1274  3714  4788  5058  4415  4808  4872  4780  1359  4601  2485  1478  1515   914  1981  4921  1078  4935  1574   564  2861  5189  9831  2264  4205  4588  5168   931  4665  5314  1001  4412  8051  2272  4045  4900     0  2982  1924  3546  2876  4165  4511  5221  8060  4396  4789  5240
   925  1486  1098  2088  1296  2938  4312  1739  1551  1504   879  2715  3515  2214  1591  1805  2010  1432  1825  1891  1798  1896  1619  3022  2418  2455  2699  2519  1939  2862  1952  2300  2766  1648  2208  8878  2801  1222  1605  2525  2716  1684  2562  3204  1430  5409  2810  1850  2258  2960     0  2461   565  1664  1182  1529  2240  5418  1755  1808  2258
  3028  1859  3559   911  3758  1879  6432  4200  3711  3965  1582   749  5635  1155  4052  4266  4471  3894  4286  4351  4259   720  4080   625  1359   692  1640   552  4400  1804  4414   634  1708  3808  4668  8404   835  3684  4066  3862  1658  4144  5024  2145  3891  7530   844  2939  3595  1901  2461     0  3025  3822  3644  3989  4700  7538  3121  4268  4719
  1489  2051   756  2651   955  3501  4178  1398  2115  1162  1442  3280  3380  2779  1250  1464  1669  1091  1484  1550  1456  2461  1278  3588  2981  3019  3264  3084  1598  3426  1611  2865  3330  2212  1866  8742  3366   881  1264  2390  3280  1341  2221  3769  1089  5274  3374  1715  2122  3524   565  3025     0  2228   841  1186  1898  5282  1620  1465  1916
  2282  2845  2814  3446  3014  2521  5689  3456   969  1878  2236  4074  4891  3572  1966  3521  3726  3149  3541  3608  3514  3255  3335  4381  3776  3812  4058  3878  3656  4221  3669  3659  3062   615  3924 10254  4160  2939  2194  3901  4074  3400  4279  3501  2019  6785  4169  3226  3634  2884  1716  3819  2281     0  2899  2116  3956  6794  3131  3524  3974
  2108  2670   280  3270   479  4120  4795   556  2734   686  2061  3899  3998  3396   774   932   828   615   642   759   666  3080   488  4206  3600  3638  3881  3701   808  4045   821  3484  3949  2831  1075  9361  3984   405   788  3009  3899   551  1431  4388   612  5892  3992  2334  2741  4142  1182  3644   841  2846     0   710  1108  5901  2238   624  1126
  2454  3016   626  3616   551  3506  5141   466  1954   520  2408  4245  4345  3742   608  1334  1005   686   552  1420  1326  3426  1148  4552  3946  3984  4229  4049  1468  4391  1481  3830  4295  2050  1736  9708  4331   476    76  3355  4245  1211  2091  4734    99  6239  4339  2680  3088  4489  1529  3989  1186  2065   710     0  1766  6246  2582   802  1785
  3164  3726  1142  4328  1536  5178  5852   985  3791  1742  3118  4955  5055  4454  1831   579   996  1222  1070   581   445  4136   772  5262  4658  4694  4939  4759   388  5102   288  4540  5005  3888   399 10418  5041  1461  1316  4065  4955   836   646  5444  1669  6949  5050  3390  3798  5199  2240  4700  1898  3902  1108  1766     0  6958  3295   870   435
  5434  6630  5745  7231  5944  8081  5919  6386  6695  6151  6022  7859  3349  7358  6239  6452  6658  6080  6472  6539  6445  7040  6266  8166  7561  7599  7842  7662  6586  8006  6600  7445  7910  6791  6855  7144  7284  5870  6252  5984  7860  6331  7210  8348  6078   166  7292  5309  5716  8104  5445  7605  5211  6808  5830  6175  6888     0  5212  6454  6905
  1296  2470  2172  3070  2372  3920  4032  2815  3026  2579  1861  2389  3235  3196  2668  2880  3085  2508  2900  2966  2872  2879  2694  2698  3400  3438  3681  2466  3015  3845  3028  3284  3749  3124  3282  8598  2189  2298  2680  1110  3699  2759  3638  4186  2505  5129  2196   435   842  3942  1776  2806  1640  3139  2258  2602  3315  5138     0  2882  3332
  2731  3294   904  3895   776  4745  5420   401  3358  1310  2685  4522  4622  4021   980   920   202   640   488   289   652  3704   712  4830  4225  4261  4506  4326   570  4669   582  4108  4572  3455   838  9985  4609  1029   734  3632  4522   776   841  5011   909  6516  4618  2958  3365  4766  1808  4268  1465  3470   624   809   870  6525  2862     0   889
  3182  3745  1160  4345  1554  5195  5870  1002  3809  1761  3136  4974  5072  4471  1849   318  1015  1241  1089   600   462  4155   790  5281  4675  4712  4956  4778   406  5120   305  4559  5024  3906   166 10436  5060  1480  1335  4084  4974   664   918  5462  1688  6968  5068  3409  3816  5218  2258  4719  1916  3921  1126  1785   435  6976  3312   889     0
DRONE_EDGE_WEIGHT_SECTION
     0   700   759  1381   708  1085   571   859   658   559   534  1269  1379  1459   593  1228  1103   772   814  1168  1089  1255  1035  1493  1525  1498  1438  1216  1183  1453  1237  1442  1279   454  1249   553  1243   661   683   333  1455  1050  1517  1571   607  1084  1249   325   546   970   260  1310   605   352   728   650  1398  1199   195  1012  1339
   700     0  1415   691  1339   609   719  1474   676  1140   256   571  2055   783  1162  1911  1740  1400  1402  1825  1760   572  1702   796   854   809   803   516  1846   799  1906   751   679   957  1927   730   546  1290  1267   949   810  1720  2180   937  1196  1720   553   963  1200   486   909   610  1290   791  1359  1236  2074  1836   854  1647  2021
   759  1415     0  2048   111  1606  1253   172  1022   320  1190  1980  1025  2102   322   512   347   104   228   412   349  1916   288  2207  2158  2160  2035  1922   431  2069   492  2107  1861   516   522  1228  1959   146   248   766  2063   309   766  2158   274   963  1966   726   679  1524   511  2010   198   660   100   256   663  1040   719   259   620
  1381   691  2048     0  1959   597  1351  2077  1112  1746   864   244  2746   126  1761  2556  2349  2016  1992  2449  2397   133  2335   294   197   118   283   248  2475   218  2539    61   353  1549  2569  1369   284  1911  1865  1640   251  2356  2802   363  1801  2410   282  1654  1891   596  1563   175  1947  1391  1979  1837  2711  2526  1544  2259  2666
   708  1339   111  1959     0  1505  1231   154   918   217  1108  1900  1129  2010   215   612   402    64   155   490   443  1827   380  2126  2065  2070  1938  1842   516  1974   580  2019  1763   416   618  1207  1880    49   137   762  1967   404   844  2060   168  1046  1887   723   712  1426   451  1927   232   568    20   146   754  1128   696   309   717
  1085   609  1606   597  1505     0  1306  1600   592  1288   577   708  2449   583  1293  2117  1868  1553  1505  1982  1948   490  1884   874   614   672   455   658  2013   510  2080   640   281  1090  2122  1313   722  1461  1391  1404   491  1909  2325   562  1338  2169   726  1404  1631   126  1184   681  1549   957  1523  1368  2254  2284  1276  1783  2222
   571   719  1253  1351  1231  1306     0  1385  1104  1117   756  1157  1524  1461  1153  1644  1598  1293  1358  1634  1537  1253  1496  1346  1536  1464  1512  1121  1639  1498  1682  1406  1398  1026  1673    28  1118  1188  1234   508  1514  1503  1962  1644  1160  1138  1124   545   721  1180   814  1219  1066   909  1249  1202  1822  1248   536  1512  1749
   859  1474   172  2077   154  1600  1385     0  1008   335  1236  2029  1161  2122   317   540   271    92   102   383   368  1945   305  2255  2175  2186  2041  1970   416  2081   484  2136  1865   529   536  1361  2011   199   213   913  2071   333   728  2159   279  1128  2018   873   846  1529   600  2053   361   691   136   240   657  1200   850   183   636
   658   676  1022  1112   918   592  1104  1008     0   702   436  1123  1925  1137   704  1529  1276   964   913  1390  1360   983  1295  1336  1183  1211  1039  1063  1422  1084  1489  1167   862   509  1533  1098  1117   876   800   988  1072  1320  1733  1153   750  1694  1123   975  1169   531   656  1128   986   403   935   778  1663  1804   846  1191  1634
   559  1140   320  1746   217  1288  1117   335   702     0   902  1695  1290  1794    38   829   604   270   265   703   661  1614   597  1921  1849  1856  1721  1636   731  1758   796  1805  1546   199   835  1095  1676   174   129   701  1750   621  1056  1842    56  1149  1683   665   726  1209   304  1719   330   357   235    97   970  1244   601   513   935
   534   256  1190   864  1108   577   756  1236   436   902     0   793  1913   932   921  1695  1505  1167  1159  1597  1539   734  1479  1019   996   979   904   734  1621   920  1683   924   747   712  1709   758   775  1059  1027   835   922  1498  1952  1037   957  1609   782   840  1073   454   699   820  1083   547  1127   997  1853  1725   716  1413  1806
  1269   571  1980   244  1900   708  1157  2029  1123  1695   793     0  2604   369  1713  2480  2298  1960  1951  2389  2327   245  2268   227   439   330   513    60  2411   457  2472   279   530  1503  2496  1177    42  1851  1819  1495   488  2287  2744   606  1750  2252    39  1514  1749   662  1478    70  1860  1339  1920  1789  2641  2366  1414  2206  2590
  1379  2055  1025  2746  1129  2449  1524  1161  1925  1290  1913  2604     0  2832  1309   793  1077  1127  1246   973   883  2624   918  2817  2900  2864  2817  2556   937  2831   906  2806  2658  1441   831  1497  2571  1147  1264  1109  2834   893  1030  2950  1265   404  2578  1092   856  2341  1274  2654   962  1522  1123  1263   886   326  1203  1076   806
  1459   783  2102   126  2010   583  1461  2122  1137  1794   932   369  2832     0  1806  2613  2393  2064  2034  2498  2450   211  2388   383    75    98   186   372  2525   110  2590   104   311  1596  2623  1478   410  1963  1909  1730   146  2410  2849   241  1848  2503   408  1742  1979   608  1628   300  2010  1442  2029  1883  2763  2619  1628  2304  2722
   593  1162   322  1761   215  1293  1153   317   704    38   921  1713  1309  1806     0   825   588   260   239   692   656  1628   591  1939  1860  1869  1729  1654   721  1767   788  1819  1554   212   830  1132  1696   176   105   739  1759   616  1043  1850    48  1177  1703   702   762  1217   339  1737   353   375   231    77   962  1270   638   498   930
  1228  1911   512  2556   612  2117  1644   540  1529   829  1695  2480   793  2613   825     0   330   567   642   200   172  2424   236  2706  2670  2669  2547  2423   158  2581   113  2616  2373  1027    40  1617  2457   655   733  1136  2575   209   328  2670   779   946  2463  1100   952  2036  1002  2512   624  1172   594   752   178   968  1139   377   111
  1103  1740   347  2349   402  1868  1598   271  1276   604  1505  2298  1077  2393   588   330     0   340   363   135   194  2216   167  2524  2446  2457  2311  2239   176  2352   242  2407  2135   800   312  1572  2279   451   484  1104  2342   187   458  2428   549  1141  2286  1064   984  1799   849  2323   533   961   382   511   404  1190  1065    92   403
   772  1400   104  2016    64  1553  1293    92   964   270  1167  1960  1127  2064   260   567   340     0   124   434   396  1883   332  2186  2118  2125  1989  1901   461  2027   528  2075  1814   469   570  1269  1940   112   167   821  2018   357   787  2110   216  1066  1947   781   759  1477   515  1986   274   625    45   185   702  1144   758   247   670
   814  1402   228  1992   155  1505  1358   102   913   265  1159  1951  1246  2034   239   642   363   124     0   481   470  1859   407  2176  2085  2099  1949  1892   515  1990   584  2050  1772   448   638  1335  1934   180   136   905  1980   435   820  2066   211  1190  1941   865   866  1437   554  1973   386   613   147   168   756  1268   827   279   737
  1168  1825   412  2449   490  1982  1634   383  1390   703  1597  2389   973  2498   692   200   135   434   481     0   114  2317   139  2615  2552  2559  2421  2331    42  2460   107  2508  2245   902   178  1608  2368   539   592  1131  2451   137   355  2541   650  1075  2375  1092   984  1909   922  2417   573  1058   471   616   275  1113  1109   202   268
  1089  1760   349  2397   443  1948  1537   368  1360   661  1539  2327   883  2450   656   172   194   396   470   114     0  2264    64  2553  2507  2509  2381  2269   104  2417   149  2456  2206   860   174  1510  2305   489   562  1031  2409    40   430  2503   610   965  2312   993   875  1870   851  2357   486  1008   426   582   315  1007  1017   214   274
  1255   572  1916   133  1827   490  1253  1945   983  1614   734   245  2624   211  1628  2424  2216  1883  1859  2317  2264     0  2203   384   284   245   289   217  2342   252  2406   192   286  1416  2437  1270   274  1779  1732  1520   275  2224  2670   405  1668  2293   276  1533  1771   473  1432   199  1816  1258  1846  1705  2578  2409  1421  2126  2534
  1035  1702   288  2335   380  1884  1496   305  1295   597  1479  2268   918  2388   591   236   167   332   407   139    64  2203     0  2494  2444  2447  2318  2210   147  2354   205  2395  2143   796   238  1469  2246   426   497   992  2346    29   482  2440   546   975  2253   953   848  1806   795  2298   437   946   362   517   375  1023   971   162   338
  1493   796  2207   294  2126   874  1346  2255  1336  1921  1019   227  2817   383  1939  2706  2524  2186  2176  2615  2553   384  2494     0   426   296   566   285  2638   492  2699   280   646  1729  2722  1368   251  2078  2045  1710   528  2513  2970   614  1976  2458   244  1731  1964   850  1705   208  2086  1565  2146  2015  2868  2572  1634  2432  2817
  1525   854  2158   197  2065   614  1536  2175  1183  1849   996   439  2900    75  1860  2670  2446  2118  2085  2552  2507   284  2444   426     0   130   177   445  2580   107  2645   163   335  1650  2680  1553   480  2018  1962  1800   134  2466  2902   188  1902  2574   477  1812  2049   652  1689   369  2071  1498  2084  1937  2819  2690  1697  2357  2779
  1498   809  2160   118  2070   672  1464  2186  1211  1856   979   330  2864    98  1869  2669  2457  2125  2099  2559  2509   245  2447   296   130     0   282   349  2585   206  2650    58   405  1658  2681  1482   372  2022  1973  1758   241  2468  2912   317  1910  2527   369  1772  2009   686  1678   260  2062  1501  2089  1946  2822  2643  1662  2368  2779
  1438   803  2035   283  1938   455  1512  2041  1039  1721   904   513  2817   186  1729  2547  2311  1989  1949  2421  2381   289  2318   566   177   282     0   499  2450    76  2517   285   177  1522  2555  1526   549  1892  1830  1729    44  2341  2768   135  1773  2505   549  1737  1973   512  1581   450  1959  1376  1956  1805  2691  2621  1617  2224  2654
  1216   516  1922   248  1842   658  1121  1970  1063  1636   734    60  2556   372  1654  2423  2239  1901  1892  2331  2269   217  2210   285   445   349   499     0  2353   449  2415   293   497  1444  2439  1141    64  1793  1760  1447   478  2229  2686   602  1691  2207    68  1465  1701   607  1422    99  1804  1280  1861  1730  2584  2322  1363  2148  2534
  1183  1846   431  2475   516  2013  1639   416  1422   731  1621  2411   937  2525   721   158   176   461   515    42   104  2342   147  2638  2580  2585  2450  2353     0  2488    69  2534  2275   930   136  1613  2390   563   622  1134  2480   137   335  2571   678  1050  2397  1096   979  1938   941  2440   583  1084   496   645   242  1085  1117   238   228
  1453   799  2069   218  1974   510  1498  2081  1084  1758   920   457  2831   110  1767  2581  2352  2027  1990  2460  2417   252  2354   492   107   206    76   449  2488     0  2554   212   229  1558  2590  1513   495  1928  1869  1737    35  2376  2809   154  1811  2512   494  1747  1983   554  1607   391  1987  1409  1993  1844  2728  2628  1629  2264  2689
  1237  1906   492  2539   580  2080  1682   484  1489   796  1683  2472   906  2590   788   113   242   528   584   107   149  2406   205  2699  2645  2650  2517  2415    69  2554     0  2598  2341   996    79  1655  2451   627   690  1175  2546   188   282  2637   744  1045  2458  1137  1009  2005   999  2502   634  1148   562   712   174  1072  1164   307   161
  1442   751  2107    61  2019   640  1406  2136  1167  1805   924   279  2806   104  1819  2616  2407  2075  2050  2508  2456   192  2395   280   163    58   285   293  2534   212  2598     0   384  1608  2629  1424   321  1971  1923  1700   248  2416  2861   344  1860  2469   318  1714  1951   646  1623   209  2007  1450  2038  1896  2770  2585  1604  2317  2726
  1279   679  1861   353  1763   281  1398  1865   862  1546   747   530  2658   311  1554  2373  2135  1814  1772  2245  2206   286  2143   646   335   405   177   497  2275   229  2341   384     0  1347  2380  1409   558  1717  1654  1580   211  2166  2592   298  1598  2355   559  1586  1820   337  1413   483  1789  1203  1781  1630  2515  2471  1463  2048  2480
   454   957   516  1549   416  1090  1026   529   509   199   712  1503  1441  1596   212  1027   800   469   448   902   860  1416   796  1729  1650  1658  1522  1444   930  1558   996  1608  1347     0  1034  1008  1486   371   317   685  1550   820  1254  1644   253  1256  1493   655   778  1010   254  1526   484   166   435   288  1170  1359   558   710  1133
  1249  1927   522  2569   618  2122  1673   536  1533   835  1709  2496   831  2623   830    40   312   570   638   178   174  2437   238  2722  2680  2681  2555  2439   136  2590    79  2629  2380  1034     0  1646  2473   663   735  1166  2583   214   293  2677   784   986  2480  1128   986  2044  1018  2527   644  1182   600   755   150  1008  1164   366   100
