
NAME : WM-61-10
COMMENT : CVS
TYPE : RDVRP-TW
DIMENSION : 61
CAPACITY : 100
EDGE_WEIGHT_TYPE : EXPLICIT
EDGE_WEIGHT_FORMAT : FULL_MATRIX 
NODE_COORD_SECTION
  0 -78.5881280000 35.7825655000
  1 -78.5973208000 35.7864826000
  2 -78.6041102000 35.7697567000
  3 -78.6013871000 35.7929098000
  4 -78.5856552000 35.7843831000
  5 -78.6008937000 35.7949184000
  6 -78.6001397000 35.7841565000
  7 -78.5985173000 35.7818811000
  8 -78.5803765000 35.7853832000
  9 -78.5756116000 35.7944240000
 10 -78.5988469000 35.7940095000
 11 -78.5876148000 35.7736408000
 12 -78.5984081000 35.7697821000
 13 -78.5810158000 35.7735559000
 14 -78.5746224000 35.7958584000
 15 -78.6009268000 35.7836707000
 16 -78.5921870000 35.7711317000
 17 -78.5821497000 35.7869386000
 18 -78.5822727000 35.7891767000
 19 -78.5896390000 35.7694314000
 20 -78.6025997000 35.7923480000
 21 -78.5992385000 35.7887680000
 22 -78.5875841000 35.7950645000
 23 -78.6013911000 35.7897406000
 24 -78.6033243000 35.7932869000
 25 -78.6034768000 35.7924152000
 26 -78.5930824000 35.7864243000
 27 -78.5988210000 35.7871527000
 28 -78.6000871000 35.7917027000
 29 -78.5923786000 35.7715320000
 30 -78.5816724000 35.7876421000
 31 -78.6021811000 35.7894563000
 32 -78.6032296000 35.7807037000
 33 -78.5929549000 35.7872495000
 34 -78.5974741000 35.7820801000
 35 -78.6006339000 35.7921413000
 36 -78.5903718000 35.7694345000
 37 -78.5978152000 35.7863865000
 38 -78.5925919000 35.7789496000
 39 -78.5719316000 35.7701561000
 40 -78.6005684000 35.7930708000
 41 -78.5967509000 35.7825803000
 42 -78.6045791000 35.7878259000
 43 -78.6008787000 35.7794162000
 44 -78.5908861000 35.7770542000
 45 -78.6010156000 35.7873292000
 46 -78.6000612000 35.7905541000
 47 -78.5899595000 35.7774087000
 48 -78.5794215000 35.7883688000
 49 -78.6004605000 35.7820380000
 50 -78.5955690000 35.7726419000
 51 -78.5955048000 35.7705412000
 52 -78.5995687000 35.7932224000
 53 -78.5996383000 35.7840220000
 54 -78.5882154000 35.7707756000
 55 -78.5927569000 35.7735297000
 56 -78.5978525000 35.7826741000
 57 -78.6003607000 35.7923161000
 58 -78.5941072000 35.7872202000
 59 -78.5863939000 35.7705669000
 60 -78.5889719000 35.7693140000
TIME_WINDOW_SECTION
  0      0  36000
  1   2408   4408
  2  19062  22776
  3   3399   5399
  4      0  34356
  5      0  31735
  6      0  32678
  7      0  32864
  8  12088  15928
  9      0  31184
 10  15640  17782
 11  30171  32171
 12   7302   9302
 13  30431  32431
 14  10131  12131
 15  21076  24298
 16      0  32481
 17      0  33066
 18   1019   3019
 19   4138   7774
 20      0  31985
 21  23802  26074
 22   7668   9668
 23   8000  10000
 24      0  31739
 25   3655   7779
 26   9314  12476
 27      0  32878
 28      0  32336
 29  29310  32158
 30  11610  16750
 31  10764  12764
 32  20013  22013
 33  21891  23891
 34   9850  14446
 35      0  32195
 36  12037  14037
 37  28330  31800
 38  16904  18904
 39   3673   7009
 40      0  32019
 41  17638  19638
 42      0  32125
 43      0  33175
 44  26013  28013
 45      0  32641
 46  24741  27699
 47      0  33320
 48      0  32869
 49  18816  22524
 50  14653  16653
 51  30513  32513
 52   8504  13898
 53  31698  33698
 54  19214  21214
 55  23753  29381
 56  29625  33879
 57      0  32152
 58   3185   9299
 59  17166  19330
 60  19656  21656
DEMAND_SECTION
  0      0
  1     15
  2     24
  3     29
  4     15
  5     28
  6     20
  7      9
  8      9
  9     24
 10      8
 11     11
 12     21
 13     25
 14     18
 15     21
 16      7
 17     11
 18     17
 19     14
 20      9
 21      7
 22     23
 23      5
 24     29
 25     12
 26      6
 27     14
 28     11
 29     17
 30     15
 31     29
 32     17
 33     15
 34     24
 35     13
 36      7
 37     12
 38     19
 39     26
 40     19
 41     12
 42     25
 43     10
 44      7
 45      6
 46     18
 47     25
 48      8
 49     19
 50     15
 51     30
 52     29
 53     20
 54     30
 55     26
 56     16
 57     10
 58     21
 59     25
 60      6
SERVICE_TIME_SECTION
  0      0
  1   1000
  2   1000
  3   1000
  4   1000
  5   1000
  6   1000
  7   1000
  8   1000
  9   1000
 10   1000
 11   1000
 12   1000
 13   1000
 14   1000
 15   1000
 16   1000
 17   1000
 18   1000
 19   1000
 20   1000
 21   1000
 22   1000
 23   1000
 24   1000
 25   1000
 26   1000
 27   1000
 28   1000
 29   1000
 30   1000
 31   1000
 32   1000
 33   1000
 34   1000
 35   1000
 36   1000
 37   1000
 38   1000
 39   1000
 40   1000
 41   1000
 42   1000
 43   1000
 44   1000
 45   1000
 46   1000
 47   1000
 48   1000
 49   1000
 50   1000
 51   1000
 52   1000
 53   1000
 54   1000
 55   1000
 56   1000
 57   1000
 58   1000
 59   1000
 60   1000
TRUCK_EDGE_WEIGHT_SECTION
     0  1909  4601  2949   390  3310  2371  2185  1655  3539  3189  2714  3411  1970  3399  2336  2621  1472  1868  3104  3059  2202  2460  2494  3305  3032  1391  2168  2709  2561  1985  2590  2202  1504  2332  2850  3021  2130  1439  4694  3026  1748  2919  2308  1814  2404  2552  1520  2046  2060  2810  3541  3054  2330  3131  2206  2301  2891  1521  2650  3179
  1846     0  4140  1444  2499  1805  1986  1800  2900  4330  1684  3504  3665  4189  4190  1951  2874  2718  2659  3356  1555   698  3251   989  1801  1528  1042   389  1204  2815  2775  1085  1818  1094  1948  1345  3274   340  1691  6452  1521   759   901  1922  2068   625  1048  2035  2901  1675  3064  3795  1549  1945  3385  2460  1916  1386   914  3714  3432
  4422  4138     0  5712  4816  6074  3308  3121  5650  7080  5952  2988  1352  4035  6940  3272  2358  5468  5409  2804  5471  5089  6001  4910  5358  5220  4279  5054  5699  2298  5525  4740  2540  4390  3269  5614  2720  4116  3282  5936  5790  3380  3566  2599  2981  5290  5439  3392  5651  2996  2052  2030  5818  3268  2869  2388  3238  5656  4408  3198  2879
  2904  1444  5736     0  3012   526  3681  3495  3414  4842   404  4561  4721  4702  4704  3646  3931  3231  3172  4414   111   744  3765   775   225   492  1556  1176   394  3871  3289   509  3512  1608  3644    99  4331  1139  2749  7510   242  1840   999  3618  3124   960   475  3092  3415  3370  4120  4852   269  3641  4442  3516  3611   105  1428  4771  4490
   644  2501  4935  3015     0  3376  2705  2518  1670  3244  3255  2728  3744  1984  3105  2669  2954  1488  1574  3436  3126  2269  2166  2560  3372  3099  1459  2234  2775  2894  1690  2656  2535  1570  2666  2916  3354  2198  1771  4708  3092  2081  2986  2640  2146  2470  2619  1535  1816  2392  3142  3875  3120  2664  3008  2539  2635  2959  1588  2665  3276
  3265  1805  6098   526  3374     0  4044  3856  3775  5205   511  4922  5084  5064  5065  4008  4292  3592  3534  4775   636  1106  4126  1136   749   854  1919  1538   604  4234  3650   870  3874  1969  4005   462  4692  1501  3110  7871   284  2201  1360  3980  3486  1322   838  3454  3776  3732  4481  5214   376  4002  4804  3878  3974   420  1789  5132  4851
  2322  2038  3315  3735  2716  4096     0   522  3550  4980  3975  3980  4140  4125  4840    86  3350  3368  3309  3832  3846  2989  3901  3280  4092  3819  2179  2954  3495  3290  3425  3376   991  2290   671  3636  3750  2016  2168  6929  3812  1280  2578  1096  2544  3190  3339  2511  3551   398  3539  4271  3840    41  3861  2935   640  3679  2308  4190  3909
  2136  1851  3129  3549  2530  3910   522     0  3364  4792  3788  3794  3954  3939  4652   488  3164  3181  3121  3646  3659  2802  3715  3092  3905  3632  1991  2768  3309  3104  3239  3190   805  2104   148  3449  3564  1830  1981  6742  3626  1092  2391   910  2356  3004  3152  2325  3365   211  3352  4084  3652   482  3675  2749   116  3491  2121  4002  3721
  2116  2890  5759  3404  1658  3765  3529  3341     0  3632  3644  3131  4568  2386  3492  3492  3778   419   755  3754  3515  2658  2555  2949  3761  3488  1848  2622  3164  3718   771  3045  3359  1959  3490  3305  4178  2585  2595  5110  3481  2905  3375  3465  2970  2859  3008  2275   529  3216  3966  4699  3509  3488  3410  3362  3459  3348  1976  3068  3679
  3816  4495  7459  5009  3572  5370  5229  5042  3974     0  5249  6109  6269  5262   348  5194  5479  3791  3732  5961  5120  4262  2841  4554  5366  5092  3451  4228  4769  5419  3850  4650  5060  3564  5190  4910  5879  4190  4296  7635  5086  4605  4979  5165  4671  4464  4612  4640  3976  4918  5668  6399  5114  5189  5989  5064  5159  4951  3581  6318  6036
  3144  1684  5976   404  3251   511  3921  3735  3654  5082     0  4801  4961  4942  4942  3886  4171  3471  3411  4654   515   984  4005  1015   629   732  1796  1416   481  4111  3529   749  3752  1848  3882   341  4571  1379  2989  7750   228  2080  1239  3858  3364  1200   715  3332  3655  3610  4360  5092   136  3881  4682  3758  3852   300  1669  5011  4730
  3149  3521  2996  4561  2811  4922  3984  3798  3195  7318  4801     0  1805  1388  7179  3949   898  3012  3911   964  4672  3815  4728  4106  4919  4645  3005  3780  4322   838  4029  4202  3815  3116  3946  4462  1126  3744  1940  3289  4639  3361  4532  3920  1639  4016  4166  2050  3585  3672  1204  1936  4666  3944   619  1045  3914  4505  3134   549   888
  3309  3681  1352  4721  3702  5084  4145  3958  4536  5966  4961  1805     0  2852  5826  4109  1175  4354  4295  1621  4832  3976  4888  4266  5079  4805  3165  3941  4482  1116  4412  4362  2699  3278  4106  4622  1539  3904  2100  4754  4800  3521  4692  2758  1799  4178  4326  2210  4539  3832   870   462  4826  4104  1686  1205  4075  4665  3295  2015  1696
  2208  4174  4000  4688  1969  5049  4114  3928  2351  4918  4928  1344  2810     0  4778  4079  1901  2169  3069  1968  4799  3941  3839  4232  5045  4771  3131  3906  4448  1842  3186  4329  3945  3242  4076  4589  2131  3870  2070  3322  4765  3491  4659  4050  2212  4142  4291  1758  2742  3802  2209  2940  4792  4074  1622  2049  4044  4631  3260  1280  1891
  3770  4449  7412  4962  3526  5324  5182  4996  3928   348  5201  6062  6222  5216     0  5148  5431  3745  3686  5915  5072  4216  2795  4508  5319  5046  3405  4181  4722  5372  3804  4604  5014  3518  5144  4862  5831  4144  4250  7589  5040  4559  4932  5119  4625  4418  4566  4592  3930  4871  5621  6352  5066  5141  5942  5018  5112  4905  3535  6271  5990
  2288  2002  3280  3700  2681  4061    86   488  3515  4944  3939  3945  4105  4090  4804     0  3315  3332  3272  3798  3810  2954  3865  3244  4056  3784  2142  2919  3460  3255  3390  3341   956  2255   635  3600  3715  1981  2132  6894  3778  1244  2542  1061  2508  3155  3304  2476  3516   362  3504  4235  3804   126  3826  2900   604  3642  2272  4154  3872
  2519  2891  2366  3931  2912  4292  3354  3168  3746  5176  4171   898  1175  1945  5036  3319     0  3564  3505   482  4042  3185  4098  3476  4289  4015  2375  3150  3691    60  3622  3572  3185  2486  3315  3832   400  3114  1310  3846  4009  2730  3902  3290  1009  3386  3535  1420  3748  3042   574  1306  4036  3314   779   415  3284  3875  2504  1108   559
  1934  2708  5576  3221  1475  3582  3346  3159   419  3450  3461  2949  4385  2204  3311  3310  3595     0  1036  3571  3332  2475  2372  2766  3579  3305  1665  2440  2981  3535  1052  2862  3176  1776  3308  3122  3995  2404  2412  4928  3299  2722  3192  3282  2789  2676  2825  2092   810  3034  3784  4516  3326  3305  3228  3180  3276  3165  1794  2885  3496
  1889  2662  5531  3176  1645  3538  3301  3114   755  3034  3416  4180  4340  3004  2894  3265  3550  1036     0  4032  3288  2430  1955  2721  3534  3260  1620  2395  2936  3490   422  2818  3131  1731  3262  3078  3950  2358  2368  7116  3254  2678  3148  3238  2742  2631  2780  2711   460  2989  3739  4471  3281  3260  4061  3135  3231  3120  1749  4390  4109
  3001  3374  2811  4414  3395  4775  3836  3650  3818  5659  4654   964  1621  2010  5519  3801   482  3635  3988     0  4525  3668  4580  3959  4771  4498  2858  3632  4175   542  4105  4055  3668  2969  3799  4315    82  3596  1792  3911  4491  3214  4385  3772  1491  3869  4019  1902  4231  3525  1020  1751  4519  3796   345   898  3766  4358  2986   749    76
  3015  1555  5495   111  3122   636  3792  3606  3525  4954   515  4672  4832  4812  4814  3758  4042  3342  3282  4525     0   855  3875   886   114   386  1668  1288   505  3982  3400   620  3624  1719  3754   210  4442  1250  2860  7621   352  1951  1110  3729  3235  1071   586  3204  3526  3481  4231  4962   380  3752  4552  3628  3722   216  1539  4881  4600
  2158   698  5166   744  2266  1106  2936  2749  2668  4098   984  3815  3976  3956  3958  2900  3185  2485  2426  3668   855     0  3019   444  1101   829   811   430   505  3126  2542   540  2766   861  2898   645  3585   394  2002  6764   822  1094   935  2872  2379   666   349  2346  2669  2625  3374  4106   849  2895  3696  2771  2866   688   681  4025  3744
  2415  3094  6058  3608  2171  3969  3828  3641  2572  2574  3848  4708  4868  3861  2434  3792  4078  2390  2331  4560  3718  2861     0  3152  3964  3691  2050  2826  3368  4018  2449  3249  3659  2162  3789  3509  4476  2789  2895  6656  3685  3204  3578  3764  3270  3062  3211  3238  2575  3516  4266  4998  3711  3786  4588  3662  3758  3550  2180  4916  4635
  2449   989  5456   775  2556  1136  3226  3040  2959  4388  1015  4106  4266  4248  4248  3191  3476  2776  2718  3959   886   444  3310     0  1132   859  1101   721   949  3416  2834   266  3058  1152  3188   676  3876   684  2294  7055   852  1385   660  3162  2669   621   792  2638  2960  2915  3665  4396   880  3186  3988  3061  3156   719   972  4316  4035
  3261  1801  5381   225  3369   749  4039  3852  3771  5200   629  4919  5079  5059  5060  4004  4289  3589  3529  4771   114  1101  4121  1132     0   274  1914  1534   751  4229  3646   866  3870  1965  4000   324  4689  1496  3106  7868   466  2198  1356  3975  3481  1318   832  3450  3772  3728  4478  5209   494  3999  4799  3874  3969   330  1785  5128  4846
  2988  1528  5244   492  3096   854  3766  3579  3498  4928   732  4645  4805  4786  4788  3730  4015  3315  3256  4498   386   829  3849   859   274     0  1640  1260   479  3955  3372   592  3596  1691  3728   394  4415  1222  2832  7594   570  1924  1082  3702  3208  1045   559  3176  3499  3454  4204  4936   598  3725  4526  3600  3696   436  1511  4855  4574
  1348  1042  4355  1556  1455  1919  2125  1939  1858  3286  1796  3005  3165  3145  3146  2090  2375  1675  1615  2858  1668   811  2208  1101  1914  1640     0   776  1318  2315  1732  1198  1956   112  2086  1458  2775   739  1192  5954  1635  1501  1528  2061  1568  1012  1161  1536  1859  1814  2564  3295  1661  2085  2885  1960  2055  1500   130  3214  2932
  2122   389  5131  1176  2231  1538  2901  2714  2632  4062  1416  3780  3941  3921  3922  2865  3150  2450  2391  3632  1288   430  2984   721  1534  1260   776     0   936  3090  2508   818  2731   826  2862  1078  3550   118  1968  6729  1254   785   872  2838  2344   236   780  2311  2634  2590  3339  4071  1281  2860  3661  2735  2831  1120   646  3990  3709
  2664  1204  5672   394  2772   604  3442  3256  3174  4604   481  4322  4482  4462  4464  3406  3691  2991  2932  4175   505   505  3525   949   751   479  1318   936     0  3632  3050   495  3274  1368  3404   295  4091   900  2510  7270   320  1601   985  3379  2885  1174   236  2852  3176  3131  3881  4612   346  3401  4202  3278  3372   338  1188  4531  4250
  2459  2831  2306  3871  2852  4234  3295  3108  3686  5116  4111   838  1116  1885  4976  3259    60  3504  3445   542  3982  3126  4038  3416  4229  3955  2315  3090  3632     0  3562  3512  3125  2426  3256  3772   460  3054  1250  3786  3950  2671  3842  3231   949  3328  3476  1360  3689  2982   515  1246  3976  3254   719   355  3225  3815  2445  1048   618
  2005  2780  5648  3294  1761  3655  3418  3231   772  3151  3532  4298  4458  3020  3011  3382  3668  1054   422  4150  3404  2548  2072  2838  3650  3378  1736  2512  3054  3608     0  2935  3249  1849  3379  3194  4068  2475  2485  7234  3371  2794  3264  3354  2860  2749  2898  2829   476  3106  3856  4588  3398  3378  4179  3252  3348  3236  1866  3701  4225
  2545  1085  4759   509  2654   870  3322  3136  3055  4484   749  4202  4362  4344  4345  3288  3572  2872  2814  4055   620   540  3406   266   866   592  1198   818   495  3512  2930     0  3154  1249  3285   410  3972   780  2390  7151   586  1481   490  3259  2765   451   366  2734  3056  3011  3761  4492   614  3282  4084  3158  3252   452  1069  4412  4131
  2154  1870  2549  3566  2548  3928  1039   852  3381  4811  3806  3812  2730  3956  4671  1004  3181  3199  3140  3665  3678  2820  3732  3111  3924  3650  2010  2785  3328  3122  3258  3208     0  2121  1001  3468  3581  1848  2000  6760  3644  1111  1558   330  2375  3022  3171  2342  3384   728  3371  2860  3671   999  3692  2768   969  3510  2139  4021  3740
  1459  1094  4468  1608  1568  1969  2238  2050  1969  3399  1848  3116  3278  3258  3259  2201  2486  1786  1728  2969  1719   861  2320  1152  1965  1691   112   826  1368  2426  1844  1249  2068     0  2199  1509  2886   789  1304  6065  1685  1614  1579  2174  1680  1062  1211  1648  1970  1925  2675  3408  1712  2196  2998  2071  2168  1550   180  3326  3045
  2284  1999  3276  3696  2678  4058   671   148  3511  4941  3936  3941  4102  4086  4801   635  3311  3329  3270  3794  3808  2950  3862  3241  4054  3780  2140  2915  3456  3252  3388  3338   952  2251     0  3598  3711  1978  2129  6890  3774  1241  2539  1058  2505  3151  3300  2472  3512   360  3501  4232  3801   630  3822  2898    71  3640  2269  4151  3870
  2805  1345  5638    99  2912   462  3582  3396  3315  4744   341  4462  4622  4604  4604  3548  3832  3132  3072  4315   210   645  3666   676   324   394  1458  1078   295  3772  3190   410  3414  1509  3544     0  4232  1040  2650  7411   179  1741   900  3519  3025   861   376  2994  3316  3271  4021  4752   206  3542  4344  3418  3512    42  1329  4672  4391
  2919  3291  2729  4331  3312  4692  3754  3568  4146  5576  4571  1126  1539  2174  5436  3719   400  3964  3905    82  4442  3585  4498  3876  4689  4415  2775  3550  4091   460  4021  3972  3585  2886  3715  4232     0  3512  1710  4075  4409  3130  4302  3690  1409  3786  3935  1820  4148  3442   938  1669  4436  3714   428   815  3684  4275  2904   831   159
  2085   340  5094  1139  2194  1501  1965  1778  2595  4025  1379  3744  3904  3884  3885  1929  3114  2412  2354  3596  1250   394  2946   684  1496  1222   739   118   900  3054  2471   780  1795   789  1926  1040  3512     0  1931  6692  1218   738   825  1901  2306   354   744  2274  2598  1654  3302  4034  1244  1924  3624  2699  1895  1082   610  3952  3671
  1336  1709  3291  2749  1730  3110  2171  1985  2564  3994  2989  1940  2100  2085  3854  2136  1310  2381  2322  1792  2860  2002  2915  2294  3106  2832  1192  1968  2510  1250  2440  2390  2002  1304  2134  2650  1710  1931     0  4889  2826  1549  2720  2108   502  2205  2354   471  2566  1860  1499  2231  2854  2131  1821   895  2101  2692  1321  2150  1869
  4920  6425  5899  7465  4681  7826  6888  6701  5064  6554  7704  3242  4709  3256  6414  6852  3801  4881  5781  3866  7575  6719  6992  7009  7821  7549  5908  6684  7225  3741  5898  7106  6719  6020  6849  7365  4030  6646  4844     0  7542  6264  7435  6824  4542  6920  7069  4470  5454  6576  4108  4839  7569  6846  3521  3948  6818  7408  6038  3179  3790
  2981  1521  5814   242  3090   284  3760  3572  3491  4921   228  4639  4800  4780  4781  3724  4009  3309  3250  4491   352   822  3842   852   466   570  1635  1254   320  3950  3368   586  3590  1685  3721   179  4409  1218  2826  7588     0  1918  1076  3696  3202  1039   554  3170  3492  3449  4198  4930    92  3719  4520  3595  3690   136  1505  4849  4568
  1695   759  3382  1840  2089  2201  1228  1041  2922  4351  2080  3352  3512  3498  4212  1192  2722  2740  2681  3205  1951  1094  3274  1385  2198  1924  1550   785  1601  2662  2798  1481  1059  1662  1189  1741  3122   738  1540  6301  1918     0  1299  1164  1915  1021  1445  1884  2924   916  2911  3642  1945  1188  3234  2308  1158  1784  1680  3562  3281
  2875   901  3589   992  2982  1354  2526  2340  3385  4814  1231  4532  4692  4672  4674  2491  3902  3202  3142  4385  1102   928  3735   654  1349  1076  1528   872   978  3842  3260   482  1558  1579  2488   892  4302   825  2720  7481  1070  1299     0  2462  3095   571   849  3064  3386  2215  4091  4822  1096  2485  4412  3488  2456   935  1399  4741  4460
  1825  1540  2865  3238  2219  3599   710   524  3052  4482  3478  3482  3642  3628  4342   675  2852  2870  2811  3335  3349  2491  3404  2782  3595  3321  1680  2456  2998  2792  2928  2879   541  1792   671  3139  3252  1519  1670  6431  3315   782  2080     0  2045  2692  2841  2014  3054   399  3041  3774  3342   670  3364  2438   640  3180  1810  3692  3411
  1712  2084  2990  3124  2105  3486  2548  2360  2939  4369  3364  1639  1799  2226  4229  2511  1009  2758  2698  1491  3235  2379  3290  2669  3481  3208  1568  2344  2885   949  2815  2765  2378  1680  2509  3025  1409  2306   502  4588  3202  1924  3095  2484     0  2580  2729   612  2941  2236  1198  1930  3229  2506  1520   594  2478  3068  1698  1849  1568
  2359   625  5368   960  2468  1322  3138  2950  2869  4299  1200  4016  4178  4158  4159  3101  3386  2686  2628  3869  1071   666  3220   621  1318  1045  1012   236  1174  3328  2745   451  2969  1062  3099   861  3786   354  2205  6965  1039  1021   578  3074  2580     0  1018  2548  2870  2826  3576  4308  1065  3096  3898  2972  3068   904   882  4226  3945
  2508  1048  5516   475  2616   838  3286  3100  3018  4448   715  4166  4326  4306  4308  3251  3535  2835  2776  4019   586   349  3369   792   832   559  1161   780   236  3476  2894   366  3118  1211  3248   376  3935   744  2354  7114   554  1445   856  3222  2729  1018     0  2696  3020  2975  3725  4456   580  3245  4046  3121  3216   419  1031  4375  4094
  1680  2052  3400  3092  1535  3454  2515  2329  2285  4338  3332  2050  2210  1772  4198  2480  1420  2104  2666  1902  3204  2346  3259  2638  3450  3176  1536  2311  2852  1360  2782  2734  2346  1648  2476  2994  1820  2274   471  4496  3170  1891  3064  2451   612  2548  2696     0  2676  2204  1609  2340  3198  2475  1931  1005  2445  3035  1665  2260  1979
  2131  2906  5774  3419  1888  3781  3544  3358   529  3276  3659  3522  4584  2778  3136  3509  3794   810   460  4276  3530  2674  2199  2964  3776  3504  1862  2639  3180  3734   476  3060  3375  1975  3505  3320  4194  2601  2611  5501  3498  2920  3390  3480  2986  2875  3024  2955     0  3232  3982  4714  3524  3504  4304  3379  3474  3362  1992  3459  4351
  2011  1726  3004  3424  2405  3785   398   211  3239  4669  3664  3669  3829  3814  4529   362  3039  3056  2998  3521  3535  2678  3590  2969  3780  3508  1866  2642  3184  2979  3114  3065   680  1979   360  3325  3439  1705  1856  6618  3501   968  2266   785  2231  2879  3028  2200  3240     0  3228  3960  3529   358  3550  2624   328  3366  1996  3879  3598
  2708  3080  2060  4120  3101  4481  3544  3356  3935  5365  4360  1204   870  2251  5225  3508   574  3752  3694  1020  4231  3374  4286  3665  4478  4204  2564  3339  3881   515  3811  3761  3374  2675  3505  4021   938  3302  1499  4152  4198  2920  4091  3480  1198  3576  3725  1609  3938  3231     0  1000  4225  3502  1085   604  3474  4064  2694  1414  1095
  3440  3812  2039  4852  3832  5214  4275  4088  4668  6096  5092  1936   462  2982  5956  4239  1306  4485  4425  1751  4962  4106  5018  4396  5209  4936  3295  4071  4612  1246  4542  4492  2829  3408  4236  4752  1669  4034  2231  4885  4930  3651  4822  2888  1930  4308  4456  2340  4669  3964  1000     0  4956  4234  1816  1335  4205  4792  3425  2145  1828
  3009  1549  5841   269  3116   376  3786  3600  3519  4948   136  4666  4826  4808  4808  3751  4036  3336  3276  4519   380   849  3869   880   494   598  1661  1281   346  3976  3394   614  3618  1712  3748   206  4436  1244  2854  7615    92  1945  1104  3722  3229  1065   580  3198  3520  3475  4225  4956     0  3746  4548  3621  3716   164  1532  4875  4594
  2282  1998  3274  3694  2675  4056    41   482  3509  4939  3935  3940  4100  4084  4799   126  3310  3328  3268  3792  3805  2949  3860  3239  4051  3778  2138  2914  3455  3250  3385  3335   950  2250   630  3595  3710  1976  2128  6889  3772  1239  2538  1056  2502  3150  3299  2470  3511   358  3499  4230  3799     0  3820  2895   599  3635  2268  4149  3868
  3030  3402  2876  4442  3091  4804  3865  3679  3474  5688  4682   619  1686  1666  5548  3830   779  3291  4016   345  4552  3696  4609  3988  4799  4526  2885  3661  4202   719  4132  4084  3696  2998  3826  4344   428  3624  1821  3568  4520  3241  4412  3801  1520  3898  4046  1931  3864  3554  1085  1816  4548  3825     0   926  3795  4384  3015   829   269
  2104  2476  2395  3516  2498  3878  2940  2752  3331  4761  3758  1045  1205  2092  4621  2904   415  3149  3090   898  3628  2771  3682  3061  3874  3600  1960  2735  3278   355  3208  3158  2770  2071  2901  3418   815  2699   895  3994  3595  2316  3488  2876   594  2972  3121  1005  3334  2628   604  1335  3621  2899   926     0  2870  3458  2090  1254   972
  2252  1968  3245  3665  2646  4026   640   116  3480  4910  3905  3910  4070  4055  4770   604  3280  3298  3239  3762  3776  2919  3831  3210  4022  3749  2109  2884  3425  3220  3355  3306   921  2220    71  3566  3680  1946  2098  6859  3742  1210  2508  1026  2474  3120  3269  2441  3481   328  3469  4201  3770   599  3791  2865     0  3606  2238  4120  3839
  2848  1386  5680   105  2955   420  3625  3439  3356  4786   300  4505  4665  4645  4646  3590  3875  3175  3115  4358   216   688  3708   719   330   436  1500  1120   338  3815  3232   452  3456  1550  3586    42  4275  1082  2692  7454   136  1784   942  3561  3068   904   419  3035  3359  3314  4064  4792   164  3582  4384  3458  3552     0  1369  4712  4431
  1476   914  4485  1428  1585  1789  2255  2068  1986  3416  1669  3134  3295  3275  3276  2219  2504  1804  1745  2986  1539   681  2338   972  1785  1511   130   646  1188  2445  1862  1069  2085   180  2216  1329  2904   610  1321  6082  1505  1631  1399  2191  1698   882  1031  1665  1988  1944  2692  3425  1532  2214  3015  2090  2185  1369     0  3344  3062
  3359  3731  3205  4771  2749  5132  4194  4008  3131  7255  5011   549  2015  1324  7115  4159  1108  2949  3848   749  4881  4025  4618  4316  5128  4855  3214  3990  4531  1048  3965  4412  4025  3326  4155  4672   831  3952  2150  3225  4849  3570  4741  4130  1849  4226  4375  2260  3521  3882  1414  2145  4875  4152   829  1254  4124  4712  3344     0   672
  3078  3450  2888  4490  3360  4851  3912  3726  3742  5734  4730   888  1696  1935  5595  3878   559  3560  4064    76  4600  3744  4656  4035  4846  4574  2932  3709  4250   618  4180  4131  3744  3045  3874  4391   159  3671  1869  3836  4568  3289  4460  3849  1568  3945  4094  1979  4132  3601  1095  1828  4594  3871   269   972  3842  4431  3062   672     0
DRONE_EDGE_WEIGHT_SECTION
     0   556  1552  1253   223  1454   486   400   428  1399  1335   994  1477  1039  1562   498  1282   536   768  1463  1215   806  1391   940  1320  1236   468   649  1110  1239   615   930   608   552   357  1163  1464   560   437  1515  1258   325   850   597   622   717   994   578   724   469  1141  1368  1260   463  1312  1021   367  1177   565  1337  1475
   556     0  1880   731   495   948   280   514   645  1193   840  1476  1860  1567  1337   341  1720   568   635  1921   682   264  1021   393   789   699   158    93   590  1675   597   377   681   184   490   642  1916    21   857  2060   743   435   309   798  1077   167   464  1048   698   509  1542  1776   755   287  1783  1452   424   659   145  1820  1938
  1552  1880     0  2579  1775  2804  1610  1367  1962  2949  2707   773   223   992  3111  1554   489  2088  2316   567  2515  2124  2885  2227  2619  2522  1903  1947  2448   498  2167  2194  1219  1993  1395  2495   538  1867  1116  1257  2599  1455  2011  1082   960  1960  2320  1012  2275  1374   462   347  2618  1597   630   609  1458  2515  1981   697   594
  1253   731  2579     0  1114   224   975  1232  1143   957   154  2207  2577  2287  1030  1029  2449   973   818  2651    77   468   558   353    82    94   785   648   143  2404   935   386  1360   703  1214    90  2646   738  1588  2767    35  1163   578  1502  1808   621   267  1778   955  1211  2267  2500    75   991  2514  2182  1147    76   688  2551  2668
   223   495  1775  1114     0  1301   544   559   227  1178  1178  1198  1697  1218  1341   579  1496   313   548  1671  1087   704  1191   836  1188  1112   359   581   975  1453   392   836   779   420   514  1027  1674   507   659  1669  1114   463   804   798   840   661   871   793   501   616  1361  1586  1111   527  1518  1238   497  1038   447  1538  1682
  1454   948  2804   224  1301     0  1198  1454  1304   923   126  2420  2800  2492   961  1252  2668  1125   936  2869   293   687   485   577   202   294   988   868   359  2623  1075   610  1585   902  1435   309  2864   957  1804  2965   206  1382   801  1726  2023   845   487  1991  1075  1434  2488  2721   195  1214  2730  2400  1368   290   893  2765  2886
   486   280  1610   975   544  1198     0   261   753  1460  1098  1264  1601  1387  1608    62  1481   741   870  1688   916   514  1300   623  1023   928   365   337   840  1436   792   595   402   437   252   889  1681   263   646  1896   992   217   441   528   865   355   712   844   905   236  1294  1526  1009    24  1558  1216   186   908   409  1602  1707
   400   514  1367  1232   559  1454   261     0   786  1635  1350  1008  1347  1143  1790   219  1221   833  1014  1427  1175   767  1523   881  1282  1187   545   587  1095  1176   900   854   221   633    45  1145  1420   502   396  1657  1248   103   700   289   611   614   967   595  1016    75  1035  1268  1263   242  1298   955    92  1164   617  1343  1446
   428   645  1962  1143   227  1304   753   786     0  1022  1178  1336  1869  1317  1185   794  1649   185   428  1811  1131   797  1110   920  1223  1160   489   716  1015  1608   256   930  1006   513   741  1063  1816   661   852  1725  1136   690   943  1020  1009   800   931   959   334   842  1532  1750  1125   738  1653  1401   723  1070   552  1665  1819
  1399  1193  2949   957  1178   923  1460  1635  1022     0   849  2357  2875  2332   164  1521  2667   867   633  2832  1014  1073   442  1081  1021  1044  1099  1178   946  2625   787  1122  1841  1023  1596   950  2837  1213  1835  2705   925  1534  1295  1918  2016  1225   995  1968   688  1659  2538  2762   886  1460  2675  2413  1546   936  1053  2687  2840
  1335   840  2707   154  1178   126  1098  1350  1178   849     0  2306  2697  2373   906  1153  2559  1000   813  2758   230   584   427   484   182   245   871   763   261  2514   950   521  1490   783  1329   218  2754   849  1693  2843   122  1275   720  1626  1911   748   387  1878   952  1334  2382  2615    92  1112  2617  2291  1262   196   776  2652  2774
   994  1476   773  2207  1198  2420  1264  1008  1336  2357  2306     0   600   255  2521  1226   331  1495  1741   475  2158  1740  2385  1866  2265  2174  1438  1563  2065   299  1575  1845   988  1528  1012  2117   480  1471   621   722  2217  1055  1705   820   400  1606  1941   429  1669  1056   327   461  2226  1243   320   199  1079  2134  1532   345   485
  1477  1860   223  2577  1697  2800  1601  1347  1869  2875  2697   600     0   796  3038  1549   285  2008  2244   345  2517  2114  2844  2225  2623  2527  1864  1934  2441   305  2088  2195  1230  1956  1369  2490   316  1848  1045  1035  2594  1426  2022  1077   860  1956  2313   910  2192  1367   337   141  2610  1586   413   471  1435  2510  1948   477   372
  1039  1567   992  2287  1218  2492  1387  1143  1317  2332  2373   255   796     0  2494  1358   511  1490  1740   569  2244  1829  2407  1959  2351  2263  1504  1658  2144   495  1568  1943  1165  1590  1138  2197   586  1564   747   517  2294  1171  1822  1003   544  1711  2024   550  1650  1202   573   655  2298  1364   417   454  1202  2212  1600   393   565
  1562  1337  3111  1030  1341   961  1608  1790  1185   164   906  2521  3038  2494     0  1669  2831  1031   795  2996  1094  1200   480  1194  1085  1121  1251  1316  1039  2789   951  1236  1993  1172  1752  1036  3001  1357  1997  2863   996  1690  1418  2074  2179  1358  1103  2132   852  1812  2701  2926   956  1609  2839  2577  1701  1019  1199  2850  3004
   498   341  1554  1029   579  1252    62   219   794  1521  1153  1226  1549  1358  1669     0  1435   792   928  1643   968   571  1361   676  1074   978   425   396   895  1390   845   646   342   498   220   943  1636   324   613  1870  1046   199   482   474   829   407   767   812   959   183  1245  1476  1064    62  1516  1171   160   963   470  1561  1663
  1282  1720   489  2449  1496  2668  1481  1221  1649  2667  2559   331   285   511  2831  1435     0  1801  2044   214  2394  1981  2670  2101  2502  2407  1703  1801  2309    45  1881  2075  1147  1794  1235  2360   202  1712   870   797  2463  1286  1917   981   661  1834  2183   704  1979  1255   213   145  2475  1463   160   268  1303  2378  1792   234   238
   536   568  2088   973   313  1125   741   833   185   867  1000  1495  2008  1490  1031   792  1801     0   249  1970   967   667   926   779  1054   997   412   622   850  1759    80   795  1053   404   789   896  1974   587   972  1908   964   732   841  1095  1149   704   777  1101   189   877  1671  1895   950   731  1814  1546   756   901   447  1830  1979
   768   635  2316   818   548   936   870  1014   428   633   813  1741  2244  1740   795   928  2044   249     0  2216   828   630   684   710   900   861   505   655   715  2001   172   738  1227   451   973   753  2219   656  1203  2154   801   912   841  1292  1388   726   675  1342   139  1046  1908  2135   780   865  2061  1786   929   753   490  2077  2226
  1463  1921   567  2651  1671  2869  1688  1427  1811  2832  2758   475   345   569  2996  1643   214  1970  2216     0  2598  2183  2854  2304  2706  2612  1896  2004  2511   257  2050  2280  1360  1987  1440  2562    29  1913  1066   696  2664  1489  2125  1193   850  2039  2384   888  2144  1464   425   260  2675  1669   160   472  1508  2580  1988   179    29
  1215   682  2515    77  1087   293   916  1175  1131  1014   230  2158  2517  2244  1094   968  2394   967   828  2598     0   417   627   294   108    33   748   595   117  2349   934   322  1296   670  1159    76  2592   687  1538  2729   110  1109   509  1441  1758   562   220  1729   963  1150  2210  2442   148   933  2462  2127  1091    82   651  2501  2616
   806   264  2124   468   704   687   514   767   797  1073   584  1740  2114  1829  1200   571  1981   667   630  2183   417     0   821   134   525   435   347   180   328  1936   664   133   910   288   747   379  2178   270  1121  2318   481   695   224  1043  1341   173   201  1312   736   751  1800  2034   496   529  2046  1714   680   397   257  2084  2201
  1391  1021  2885   558  1191   485  1300  1523  1110   442   427  2385  2844  2407   480  1361  2670   926   684  2854   627   821     0   780   608   651   983   973   591  2626   854   823  1701   892  1491   578  2855  1037  1804  2835   524  1431  1020  1811  2009   993   679  1967   803  1527  2514  2746   483  1308  2704  2405  1431   558   906  2727  2867
   940   393  2227   353   836   577   623   881   920  1081   484  1866  2225  1959  1194   676  2101   779   710  2304   294   134   780     0   401   307   481   303   224  2056   768    43  1008   418   865   269  2299   396  1246  2450   372   816   244  1149  1467   269   103  1439   828   858  1916  2149   393   640  2170  1834   798   289   390  2209  2322
  1320   789  2619    82  1188   202  1023  1282  1223  1021   182  2265  2623  2351  1085  1074  2502  1054   900  2706   108   525   608   401     0    97   853   703   213  2457  1016   428  1401   773  1266   161  2700   795  1646  2835   104  1217   610  1547  1866   669   327  1837  1037  1257  2317  2549   138  1040  2570  2235  1199   153   756  2609  2723
  1236   699  2522    94  1112   294   928  1187  1160  1044   245  2174  2527  2263  1121   978  2407   997   861  2612    33   435   651   307    97     0   770   611   148  2362   965   333  1304   694  1172   109  2606   703  1553  2750   129  1123   512  1450  1774   573   242  1746   995  1161  2221  2454   169   945  2477  2141  1104   115   674  2516  2630
   468   158  1903   785   359   988   365   545   489  1099   871  1438  1864  1504  1251   425  1703   412   505  1896   748   347   983   481   853   770     0   229   642  1658   446   478   742    92   511   695  1894   177   832  1983   790   449   456   834  1046   312   528  1011   553   561  1537  1770   794   363  1752  1435   454   709    96  1784  1911
   649    93  1947   648   581   868   337   587   716  1178   763  1563  1934  1658  1316   396  1801   622   655  2004   595   180   973   303   703   611   229     0   509  1756   641   285   737   219   567   559  1999    93   943  2152   662   515   227   865  1163    84   381  1135   734   573  1620  1853   676   350  1867  1534   500   578   176  1906  2021
  1110   590  2448   143   975   359   840  1095  1015   946   261  2065  2441  2144  1039   895  2309   850   715  2511   117   328   591   224   213   148   642   509     0  2264   817   262  1230   562  1076    53  2506   598  1447  2625   153  1023   462  1368  1667   488   128  1636   849  1076  2129  2362   170   855  2372  2042  1008    69   546  2409  2528
  1239  1675   498  2404  1453  2623  1436  1176  1608  2625  2514   299   305   495  2789  1390    45  1759  2001   257  2349  1936  2626  2056  2457  2362  1658  1756  2264     0  1839  2030  1103  1750  1190  2315   246  1666   826   811  2417  1241  1872   937   617  1789  2137   661  1938  1210   175   164  2430  1418   183   223  1258  2333  1748   257   280
   615   597  2167   935   392  1075   792   900   256   787   950  1575  2088  1568   951   845  1881    80   172  2050   934   664   854   768  1016   965   446   641   817  1839     0   787  1119   422   857   861  2054   617  1051  1982   923   798   852  1166  1229   721   754  1181   116   941  1751  1975   907   783  1894  1626   820   865   465  1909  2059
   930   377  2194   386   836   610   595   854   930  1122   521  1845  2195  1943  1236   646  2075   795   738  2280   322   133   823    43   428   333   478   285   262  2030   787     0   975   421   840   304  2274   378  1224  2437   407   792   202  1119  1445   241   145  1418   852   828  1888  2121   430   612  2146  1808   772   325   390  2187  2298
   608   681  1219  1360   779  1585   402   221  1006  1841  1490   988  1230  1165  1993   342  1147  1053  1227  1360  1296   910  1701  1008  1401  1304   742   737  1230  1103  1119   975     0   825   266  1277  1349   665   449  1682  1380   322   794   169   622   742  1103   625  1235   182   944  1170  1400   393  1247   894   299  1297   802  1301  1382
   552   184  1993   703   420   902   437   633   513  1023   783  1528  1956  1590  1172   498  1794   404   451  1987   670   288   892   418   773   694    92   219   562  1750   422   421   825     0   600   614  1986   205   924  2065   706   539   437   922  1138   300   452  1101   518   645  1629  1862   708   438  1843  1527   541   627    43  1874  2002
   357   490  1395  1214   514  1435   252    45   741  1596  1329  1012  1369  1138  1752   220  1235   789   973  1440  1159   747  1491   865  1266  1172   511   567  1076  1190   857   840   266   600     0  1126  1434   480   395  1650  1229    62   693   323   613   599   948   593   973   113  1053  1287  1243   231  1308   969    68  1145   586  1350  1458
